id,renewal,incentives
649,0.9855198829134618,1650
81136,0.9855198829134618,1650
70762,0.7140039447731755,1650
53935,0.9729318734793188,1650
15476,0.9855198829134618,1650
64797,0.9855198829134618,1650
67412,0.9534913353720693,1650
44241,0.9534913353720693,1650
5069,0.9855198829134618,1650
16615,0.9855198829134618,1650
84281,0.9855198829134618,1650
82623,0.9534913353720693,1650
86475,0.9534913353720693,1650
68263,0.9605658709106984,1650
113135,0.9605658709106984,1650
45532,0.9729318734793188,1650
102161,0.9855198829134618,1650
84789,0.5373831775700935,1650
62398,0.9729318734793188,1650
70148,0.9855198829134618,1650
102487,0.8908624432603118,1650
100513,0.9534913353720693,1650
92702,0.9605658709106984,1650
25051,0.7140039447731755,1650
92920,0.9855198829134618,1650
25520,0.9294968363965049,1650
81869,0.9534913353720693,1650
75402,0.9605658709106984,1650
34053,0.7601626016260162,1650
21191,0.9855198829134618,1650
10864,0.9855198829134618,1650
6349,0.9729318734793188,1650
85213,0.9855198829134618,1650
17255,0.9328165374677002,1650
108351,0.878755364806867,1650
51437,0.9328165374677002,1650
88629,0.9729318734793188,1650
85367,0.9855198829134618,1650
12313,0.9729318734793188,1650
71659,0.9605658709106984,1650
35142,0.9855198829134618,1650
62988,0.9855198829134618,1650
8793,0.878755364806867,1650
11433,0.9855198829134618,1650
30586,0.9855198829134618,1650
53012,0.9605658709106984,1650
87924,0.9855198829134618,1650
106177,0.9534913353720693,1650
63058,0.8908624432603118,1650
99537,0.9729318734793188,1650
35336,0.8403336748134055,1650
78691,0.9328165374677002,1650
16161,0.9729318734793188,1650
94318,0.9729318734793188,1650
96583,0.9855198829134618,1650
104560,0.9534913353720693,1650
19638,0.9855198829134618,1650
26080,0.9729318734793188,1650
113482,0.9855198829134618,1650
82175,0.9729318734793188,1650
1239,0.9294968363965049,1650
32521,0.8403336748134055,1650
68529,0.9855198829134618,1650
38882,0.468,1650
8299,0.9729318734793188,1650
98521,0.9534913353720693,1650
47257,0.9605658709106984,1650
42445,0.9328165374677002,1650
104700,0.9328165374677002,1650
109204,0.9855198829134618,1650
20138,0.5986622073578596,1650
28468,0.9855198829134618,1650
94964,0.9855198829134618,1650
59773,0.9421383647798742,1650
17261,0.9855198829134618,1650
9570,0.9534913353720693,1650
55159,0.8403336748134055,1650
82480,0.9855198829134618,1650
51225,0.8908624432603118,1650
53176,0.8908624432603118,1650
82883,0.9855198829134618,1650
63590,0.9855198829134618,1650
50906,0.8263772954924875,1650
21635,0.8403336748134055,1650
84000,0.8908624432603118,1650
79029,0.9855198829134618,1650
60256,0.9855198829134618,1650
110660,0.8403336748134055,1650
51023,0.9605658709106984,1650
99146,0.8908624432603118,1650
93878,0.9855198829134618,1650
93845,0.9855198829134618,1650
5364,0.5986622073578596,1650
106612,0.9534913353720693,1650
79928,0.9855198829134618,1650
94761,0.9855198829134618,1650
7126,0.9855198829134618,1650
82176,0.9294968363965049,1650
53475,0.7116402116402116,1650
88108,0.9855198829134618,1650
65166,0.9605658709106984,1650
65378,0.9328165374677002,1650
47119,0.9855198829134618,1650
64338,0.9855198829134618,1650
48872,0.8908624432603118,1650
26061,0.9855198829134618,1650
78191,0.9855198829134618,1650
108224,0.9855198829134618,1650
47646,0.8403336748134055,1650
63423,0.9855198829134618,1650
109453,0.8908624432603118,1650
43299,0.9855198829134618,1650
86879,0.9605658709106984,1650
51882,0.9855198829134618,1650
84497,0.8403336748134055,1650
19699,0.8403336748134055,1650
52164,0.9534913353720693,1650
36055,0.8908624432603118,1650
17844,0.9729318734793188,1650
12006,0.9729318734793188,1650
51731,0.9855198829134618,1650
101823,0.8607594936708861,1650
70611,0.9605658709106984,1650
57291,0.8607594936708861,1650
3315,0.9294968363965049,1650
6841,0.9294968363965049,1650
95636,0.9534913353720693,1650
89508,0.9855198829134618,1650
78357,0.9855198829134618,1650
30363,0.9855198829134618,1650
65880,0.9855198829134618,1650
79166,0.8908624432603118,1650
16883,0.8403336748134055,1650
19400,0.9855198829134618,1650
97846,0.9729318734793188,1650
35938,0.878755364806867,1650
109739,0.9729318734793188,1650
7542,0.8908624432603118,1650
62506,0.9729318734793188,1650
106686,0.9605658709106984,1650
22500,0.9855198829134618,1650
73566,0.9855198829134618,1650
34462,0.9855198829134618,1650
109,0.9729318734793188,1650
82344,0.9855198829134618,1650
70324,0.9855198829134618,1650
47235,0.9855198829134618,1650
78355,0.9534913353720693,1650
97012,0.8908624432603118,1650
103271,0.9855198829134618,1650
54640,0.9855198829134618,1650
18452,0.8908624432603118,1650
80733,0.9605658709106984,1650
22069,0.9294968363965049,1650
63586,0.9855198829134618,1650
63069,0.9855198829134618,1650
66451,0.9605658709106984,1650
5163,0.9855198829134618,1650
6542,0.9855198829134618,1650
79333,0.9855198829134618,1650
8752,0.9855198829134618,1650
37396,0.9855198829134618,1650
27502,0.8908624432603118,1650
65597,0.9855198829134618,1650
50178,0.9605658709106984,1650
51709,0.8403336748134055,1650
32294,0.9729318734793188,1650
76360,0.9855198829134618,1650
51635,0.9855198829134618,1650
103391,0.6086956521739131,1650
59747,0.8908624432603118,1650
21498,0.9605658709106984,1650
18771,0.9855198829134618,1650
34501,0.9294968363965049,1650
77807,0.9605658709106984,1650
26350,0.8403336748134055,1650
105355,0.9855198829134618,1650
5469,0.9855198829134618,1650
23826,0.6086956521739131,1650
9399,0.9855198829134618,1650
44862,0.9534913353720693,1650
104114,0.9855198829134618,1650
20407,0.9328165374677002,1650
7541,0.9855198829134618,1650
72892,0.9855198829134618,1650
81994,0.9855198829134618,1650
111007,0.9855198829134618,1650
83350,0.9855198829134618,1650
55682,0.9729318734793188,1650
26680,0.9855198829134618,1650
109949,0.9605658709106984,1650
12482,0.9855198829134618,1650
108210,0.9855198829134618,1650
35717,0.9855198829134618,1650
74030,0.9328165374677002,1650
18407,0.9294968363965049,1650
113337,0.9328165374677002,1650
81673,0.9534913353720693,1650
80808,0.9855198829134618,1650
87300,0.9855198829134618,1650
113610,0.9855198829134618,1650
68221,0.9729318734793188,1650
32307,0.9855198829134618,1650
53974,0.9729318734793188,1650
80255,0.9605658709106984,1650
37547,0.9729318734793188,1650
62782,0.9855198829134618,1650
60206,0.9855198829134618,1650
109533,0.9855198829134618,1650
31952,0.5373831775700935,1650
31266,0.9729318734793188,1650
49517,0.9328165374677002,1650
52843,0.9605658709106984,1650
107949,0.9534913353720693,1650
50424,0.8403336748134055,1650
28080,0.9855198829134618,1650
63289,0.9328165374677002,1650
59792,0.9534913353720693,1650
8600,0.9855198829134618,1650
30415,0.9855198829134618,1650
92033,0.9605658709106984,1650
51339,0.9855198829134618,1650
104556,0.9855198829134618,1650
67550,0.9605658709106984,1650
71744,0.9729318734793188,1650
49589,0.9534913353720693,1650
17018,0.9294968363965049,1650
34936,0.468,1650
110058,0.9855198829134618,1650
67668,0.9605658709106984,1650
75859,0.9855198829134618,1650
38878,0.9294968363965049,1650
107894,0.9855198829134618,1650
63438,0.9855198829134618,1650
75713,0.9855198829134618,1650
15713,0.9855198829134618,1650
34402,0.9294968363965049,1650
40084,0.9855198829134618,1650
64940,0.9421383647798742,1650
66279,0.9855198829134618,1650
77818,0.9729318734793188,1650
63889,0.9729318734793188,1650
48861,0.9855198829134618,1650
26520,0.9855198829134618,1650
66559,0.9855198829134618,1650
24068,0.7116402116402116,1650
20211,0.9534913353720693,1650
86715,0.9855198829134618,1650
68601,0.9855198829134618,1650
95696,0.9534913353720693,1650
60049,0.9855198829134618,1650
7620,0.9534913353720693,1650
42468,0.9855198829134618,1650
106475,0.9855198829134618,1650
43145,0.9855198829134618,1650
102597,0.9855198829134618,1650
93680,0.9855198829134618,1650
37065,0.8403336748134055,1650
49472,0.9605658709106984,1650
45364,0.9328165374677002,1650
112287,0.9729318734793188,1650
90044,0.9294968363965049,1650
40999,0.9855198829134618,1650
93637,0.9855198829134618,1650
47689,0.9855198829134618,1650
15068,0.9855198829134618,1650
67323,0.9605658709106984,1650
285,0.9605658709106984,1650
76543,0.9855198829134618,1650
52901,0.8263772954924875,1650
10299,0.9855198829134618,1650
8199,0.7116402116402116,1650
10875,0.5986622073578596,1650
36812,0.9855198829134618,1650
110,0.9328165374677002,1650
25682,0.8403336748134055,1650
7331,0.8403336748134055,1650
76947,0.9534913353720693,1650
28303,0.9855198829134618,1650
32212,0.9294968363965049,1650
18692,0.9729318734793188,1650
75865,0.9855198829134618,1650
74466,0.9294968363965049,1650
81378,0.9534913353720693,1650
85492,0.8403336748134055,1650
67992,0.8908624432603118,1650
12527,0.9855198829134618,1650
48212,0.9328165374677002,1650
61180,0.9855198829134618,1650
56340,0.9855198829134618,1650
64227,0.9855198829134618,1650
35539,0.9729318734793188,1650
9233,0.9855198829134618,1650
97645,0.8403336748134055,1650
106742,0.8263772954924875,1650
84955,0.9294968363965049,1650
36443,0.9855198829134618,1650
2970,0.8403336748134055,1650
48583,0.9534913353720693,1650
67490,0.9855198829134618,1650
45242,0.9729318734793188,1650
83608,0.9855198829134618,1650
86807,0.9855198829134618,1650
92793,0.9855198829134618,1650
32458,0.9855198829134618,1650
18258,0.9729318734793188,1650
93246,0.9855198829134618,1650
29747,0.9855198829134618,1650
44469,0.9605658709106984,1650
18998,0.9855198829134618,1650
100686,0.9328165374677002,1650
21670,0.9855198829134618,1650
106701,0.9855198829134618,1650
21844,0.9855198829134618,1650
61174,0.9605658709106984,1650
933,0.9855198829134618,1650
563,0.9855198829134618,1650
90185,0.9855198829134618,1650
29080,0.9534913353720693,1650
32967,0.9729318734793188,1650
110889,0.9855198829134618,1650
54059,0.8908624432603118,1650
86664,0.9855198829134618,1650
72104,0.9855198829134618,1650
82239,0.9729318734793188,1650
59755,0.8403336748134055,1650
1785,0.8908624432603118,1650
36377,0.9328165374677002,1650
73334,0.8403336748134055,1650
26731,0.9855198829134618,1650
78548,0.9855198829134618,1650
54472,0.9855198829134618,1650
70631,0.9855198829134618,1650
44942,0.8403336748134055,1650
54130,0.9855198829134618,1650
11938,0.9855198829134618,1650
15837,0.9855198829134618,1650
64537,0.9534913353720693,1650
65402,0.9605658709106984,1650
18680,0.9855198829134618,1650
69375,0.9605658709106984,1650
71042,0.9328165374677002,1650
69164,0.9534913353720693,1650
19288,0.9855198829134618,1650
17115,0.9855198829134618,1650
105949,0.8908624432603118,1650
55257,0.9855198829134618,1650
6583,0.9855198829134618,1650
24751,0.9855198829134618,1650
19545,0.9421383647798742,1650
38187,0.9855198829134618,1650
38983,0.9729318734793188,1650
100340,0.9605658709106984,1650
71337,0.9534913353720693,1650
73505,0.8908624432603118,1650
240,0.9855198829134618,1650
83153,0.9729318734793188,1650
371,0.9855198829134618,1650
50283,0.9855198829134618,1650
31513,0.9855198829134618,1650
24174,0.8403336748134055,1650
46907,0.8908624432603118,1650
94141,0.9328165374677002,1650
5483,0.9855198829134618,1650
91282,0.9729318734793188,1650
41378,0.8403336748134055,1650
7904,0.9855198829134618,1650
41632,0.9855198829134618,1650
84817,0.8908624432603118,1650
54335,0.9855198829134618,1650
52362,0.9855198829134618,1650
21141,0.9729318734793188,1650
8040,0.9534913353720693,1650
13042,0.9855198829134618,1650
40276,0.9855198829134618,1650
1203,0.878755364806867,1650
54902,0.9534913353720693,1650
42127,0.8908624432603118,1650
61200,0.9534913353720693,1650
29807,0.9855198829134618,1650
32558,0.9729318734793188,1650
25499,0.9855198829134618,1650
71523,0.9855198829134618,1650
38791,0.9855198829134618,1650
12101,0.8403336748134055,1650
4730,0.9855198829134618,1650
17126,0.9855198829134618,1650
85187,0.8908624432603118,1650
16129,0.9855198829134618,1650
51250,0.878755364806867,1650
112931,0.9855198829134618,1650
17857,0.9328165374677002,1650
31762,0.9855198829134618,1650
87034,0.7601626016260162,1650
59018,0.9855198829134618,1650
81008,0.9855198829134618,1650
91203,0.9605658709106984,1650
111875,0.9729318734793188,1650
70722,0.8908624432603118,1650
55926,0.9855198829134618,1650
67538,0.8908624432603118,1650
113041,0.9534913353720693,1650
30934,0.8908624432603118,1650
87109,0.8908624432603118,1650
26979,0.9855198829134618,1650
61557,0.9855198829134618,1650
29950,0.9729318734793188,1650
17,0.9855198829134618,1650
68226,0.9534913353720693,1650
79507,0.9534913353720693,1650
23107,0.8908624432603118,1650
27741,0.8403336748134055,1650
34314,0.9729318734793188,1650
79354,0.9729318734793188,1650
97813,0.8908624432603118,1650
730,0.9855198829134618,1650
19260,0.9729318734793188,1650
79119,0.8403336748134055,1650
77689,0.9855198829134618,1650
36363,0.9328165374677002,1650
6264,0.9855198829134618,1650
26935,0.9729318734793188,1650
78464,0.9328165374677002,1650
44785,0.9294968363965049,1650
31835,0.9855198829134618,1650
42606,0.9855198829134618,1650
55554,0.9855198829134618,1650
106579,0.6086956521739131,1650
68977,0.9534913353720693,1650
85323,0.9605658709106984,1650
85288,0.8403336748134055,1650
52701,0.9855198829134618,1650
107848,0.9605658709106984,1650
97392,0.9729318734793188,1650
57996,0.9534913353720693,1650
113716,0.9855198829134618,1650
97317,0.9729318734793188,1650
16466,0.9855198829134618,1650
38691,0.9855198829134618,1650
49638,0.9855198829134618,1650
541,0.8908624432603118,1650
45882,0.9729318734793188,1650
18853,0.8403336748134055,1650
4572,0.9855198829134618,1650
99403,0.9855198829134618,1650
55514,0.9855198829134618,1650
103119,0.8263772954924875,1650
64141,0.9534913353720693,1650
76939,0.9534913353720693,1650
17453,0.8908624432603118,1650
107821,0.8403336748134055,1650
62063,0.9855198829134618,1650
108737,0.9855198829134618,1650
110123,0.9855198829134618,1650
109498,0.9855198829134618,1650
108324,0.8403336748134055,1650
10990,0.9855198829134618,1650
18649,0.9855198829134618,1650
90653,0.9534913353720693,1650
98585,0.878755364806867,1650
9888,0.9855198829134618,1650
61129,0.9729318734793188,1650
26829,0.5986622073578596,1650
110111,0.8908624432603118,1650
56138,0.8403336748134055,1650
27858,0.9729318734793188,1650
86241,0.9534913353720693,1650
8305,0.9729318734793188,1650
19363,0.9855198829134618,1650
48827,0.9729318734793188,1650
38241,0.9729318734793188,1650
41847,0.9328165374677002,1650
23347,0.8403336748134055,1650
2423,0.9294968363965049,1650
32271,0.9855198829134618,1650
49130,0.9534913353720693,1650
8225,0.9605658709106984,1650
88846,0.9855198829134618,1650
34908,0.7140039447731755,1650
45794,0.8403336748134055,1650
64211,0.9855198829134618,1650
2611,0.9328165374677002,1650
69544,0.8403336748134055,1650
90530,0.9421383647798742,1650
40940,0.9534913353720693,1650
9467,0.8403336748134055,1650
77485,0.9605658709106984,1650
106783,0.9855198829134618,1650
110503,0.9729318734793188,1650
20612,0.9534913353720693,1650
51833,0.9855198829134618,1650
11543,0.9855198829134618,1650
38547,0.9855198829134618,1650
110186,0.9729318734793188,1650
16478,0.9855198829134618,1650
110370,0.9855198829134618,1650
2582,0.9534913353720693,1650
55197,0.9855198829134618,1650
66699,0.9855198829134618,1650
85881,0.9729318734793188,1650
100517,0.8403336748134055,1650
113642,0.9855198829134618,1650
25917,0.8908624432603118,1650
39337,0.9729318734793188,1650
91854,0.8908624432603118,1650
102173,0.8607594936708861,1650
67598,0.7140039447731755,1650
3318,0.9855198829134618,1650
111501,0.9855198829134618,1650
55471,0.9534913353720693,1650
56699,0.9294968363965049,1650
36379,0.9855198829134618,1650
39126,0.9605658709106984,1650
45286,0.9855198829134618,1650
62671,0.9855198829134618,1650
108685,0.8403336748134055,1650
53311,0.9729318734793188,1650
76703,0.9421383647798742,1650
40596,0.9855198829134618,1650
33861,0.9729318734793188,1650
105734,0.9855198829134618,1650
63398,0.9534913353720693,1650
95002,0.468,1650
27839,0.9855198829134618,1650
35984,0.9855198829134618,1650
38573,0.9534913353720693,1650
53998,0.9855198829134618,1650
105924,0.9328165374677002,1650
33061,0.5986622073578596,1650
23505,0.9855198829134618,1650
29143,0.9855198829134618,1650
26013,0.8908624432603118,1650
61739,0.9855198829134618,1650
36627,0.9855198829134618,1650
68964,0.9855198829134618,1650
41861,0.9855198829134618,1650
81967,0.9855198829134618,1650
17243,0.8403336748134055,1650
83527,0.9855198829134618,1650
62335,0.8403336748134055,1650
97278,0.9855198829134618,1650
75436,0.9855198829134618,1650
57411,0.9605658709106984,1650
49715,0.9534913353720693,1650
61363,0.8263772954924875,1650
99711,0.9729318734793188,1650
108464,0.9605658709106984,1650
50910,0.9855198829134618,1650
29695,0.9855198829134618,1650
19978,0.9855198829134618,1650
109491,0.8403336748134055,1650
30458,0.9534913353720693,1650
102908,0.9855198829134618,1650
31485,0.9605658709106984,1650
14662,0.878755364806867,1650
35264,0.9328165374677002,1650
95210,0.9605658709106984,1650
19350,0.9729318734793188,1650
8891,0.9855198829134618,1650
82982,0.9855198829134618,1650
90861,0.9328165374677002,1650
4887,0.9729318734793188,1650
95441,0.9729318734793188,1650
109730,0.9855198829134618,1650
86149,0.9605658709106984,1650
84028,0.8403336748134055,1650
70235,0.9855198829134618,1650
107798,0.9855198829134618,1650
83208,0.9605658709106984,1650
100504,0.9855198829134618,1650
98598,0.9729318734793188,1650
91456,0.8908624432603118,1650
77699,0.9605658709106984,1650
86884,0.9855198829134618,1650
54632,0.9855198829134618,1650
94363,0.9855198829134618,1650
73097,0.6086956521739131,1650
1532,0.9855198829134618,1650
14207,0.9855198829134618,1650
78777,0.9855198829134618,1650
73798,0.9729318734793188,1650
12878,0.9534913353720693,1650
49661,0.9855198829134618,1650
56981,0.9534913353720693,1650
70185,0.8908624432603118,1650
59851,0.9855198829134618,1650
107483,0.8403336748134055,1650
76527,0.9729318734793188,1650
63588,0.9855198829134618,1650
40883,0.9729318734793188,1650
92065,0.9605658709106984,1650
92667,0.9855198829134618,1650
88987,0.9605658709106984,1650
57025,0.9729318734793188,1650
94299,0.9855198829134618,1650
70371,0.9855198829134618,1650
67464,0.9605658709106984,1650
65614,0.8908624432603118,1650
97224,0.9855198829134618,1650
82015,0.9534913353720693,1650
57111,0.9729318734793188,1650
89018,0.8908624432603118,1650
21914,0.8403336748134055,1650
17041,0.9729318734793188,1650
65029,0.9729318734793188,1650
91948,0.9729318734793188,1650
38033,0.9855198829134618,1650
44878,0.9534913353720693,1650
21725,0.9294968363965049,1650
1984,0.9729318734793188,1650
10796,0.9855198829134618,1650
111869,0.9534913353720693,1650
71905,0.9534913353720693,1650
31724,0.8908624432603118,1650
35676,0.9534913353720693,1650
24135,0.9605658709106984,1650
19381,0.9729318734793188,1650
109279,0.9729318734793188,1650
44173,0.8403336748134055,1650
41794,0.9855198829134618,1650
32555,0.9729318734793188,1650
5460,0.9294968363965049,1650
19210,0.9534913353720693,1650
108312,0.878755364806867,1650
18506,0.9421383647798742,1650
49761,0.9855198829134618,1650
50722,0.7601626016260162,1650
22172,0.9855198829134618,1650
55784,0.8403336748134055,1650
81365,0.9855198829134618,1650
18071,0.9855198829134618,1650
49545,0.9294968363965049,1650
47832,0.8908624432603118,1650
41763,0.8908624432603118,1650
86331,0.8607594936708861,1650
9178,0.9855198829134618,1650
5035,0.9855198829134618,1650
36361,0.8908624432603118,1650
91169,0.9855198829134618,1650
79064,0.7116402116402116,1650
7966,0.9534913353720693,1650
18685,0.9294968363965049,1650
99109,0.9294968363965049,1650
233,0.9855198829134618,1650
86917,0.9605658709106984,1650
100637,0.9534913353720693,1650
89914,0.9534913353720693,1650
62554,0.9855198829134618,1650
76687,0.9534913353720693,1650
55104,0.9855198829134618,1650
25341,0.9855198829134618,1650
58071,0.8403336748134055,1650
7151,0.9605658709106984,1650
21041,0.9855198829134618,1650
41724,0.9729318734793188,1650
91225,0.8403336748134055,1650
81936,0.9855198829134618,1650
19787,0.9421383647798742,1650
29633,0.9855198829134618,1650
13823,0.9294968363965049,1650
19103,0.9855198829134618,1650
27504,0.7140039447731755,1650
8398,0.9855198829134618,1650
36490,0.9855198829134618,1650
54757,0.7140039447731755,1650
16781,0.8403336748134055,1650
8919,0.8403336748134055,1650
54532,0.9534913353720693,1650
21472,0.9855198829134618,1650
107085,0.9855198829134618,1650
1691,0.9729318734793188,1650
58738,0.9605658709106984,1650
18469,0.8908624432603118,1650
13532,0.8403336748134055,1650
34351,0.9729318734793188,1650
6487,0.9855198829134618,1650
55919,0.9605658709106984,1650
41437,0.9855198829134618,1650
15763,0.9605658709106984,1650
13375,0.8403336748134055,1650
73018,0.9855198829134618,1650
27358,0.8403336748134055,1650
47857,0.8908624432603118,1650
28430,0.878755364806867,1650
39036,0.9534913353720693,1650
49493,0.9855198829134618,1650
82147,0.9855198829134618,1650
8958,0.8908624432603118,1650
46998,0.9855198829134618,1650
53193,0.9855198829134618,1650
89825,0.9855198829134618,1650
104055,0.9534913353720693,1650
45162,0.9855198829134618,1650
105597,0.7140039447731755,1650
76271,0.9855198829134618,1650
6384,0.9605658709106984,1650
55047,0.9855198829134618,1650
106361,0.8403336748134055,1650
44462,0.9534913353720693,1650
77449,0.9855198829134618,1650
108619,0.8908624432603118,1650
23457,0.9729318734793188,1650
76950,0.8403336748134055,1650
63395,0.9729318734793188,1650
96752,0.9855198829134618,1650
95217,0.8908624432603118,1650
71818,0.9294968363965049,1650
72519,0.9855198829134618,1650
22917,0.9855198829134618,1650
87293,0.9855198829134618,1650
18272,0.9729318734793188,1650
2931,0.9855198829134618,1650
74633,0.9855198829134618,1650
35661,0.468,1650
90892,0.9855198829134618,1650
33889,0.9855198829134618,1650
95607,0.9534913353720693,1650
113189,0.9855198829134618,1650
107501,0.9855198829134618,1650
89926,0.9534913353720693,1650
1687,0.9534913353720693,1650
67293,0.9729318734793188,1650
11304,0.9294968363965049,1650
1634,0.9605658709106984,1650
58090,0.9855198829134618,1650
16935,0.9855198829134618,1650
49664,0.9605658709106984,1650
17568,0.9729318734793188,1650
100524,0.9855198829134618,1650
109870,0.9855198829134618,1650
99916,0.9855198829134618,1650
80442,0.8403336748134055,1650
78314,0.8908624432603118,1650
82666,0.9729318734793188,1650
74541,0.8403336748134055,1650
12496,0.9729318734793188,1650
2063,0.9328165374677002,1650
40085,0.8403336748134055,1650
16182,0.8908624432603118,1650
86105,0.9855198829134618,1650
29912,0.9855198829134618,1650
4012,0.8908624432603118,1650
93060,0.9729318734793188,1650
67130,0.9294968363965049,1650
8778,0.9855198829134618,1650
95269,0.9729318734793188,1650
13206,0.9855198829134618,1650
97228,0.9855198829134618,1650
48811,0.9855198829134618,1650
73434,0.9855198829134618,1650
46635,0.9534913353720693,1650
22555,0.9534913353720693,1650
33934,0.8403336748134055,1650
13105,0.9534913353720693,1650
57861,0.9855198829134618,1650
105664,0.9855198829134618,1650
35603,0.8403336748134055,1650
104415,0.878755364806867,1650
44330,0.8908624432603118,1650
72098,0.9855198829134618,1650
83169,0.9294968363965049,1650
49568,0.9855198829134618,1650
103402,0.9729318734793188,1650
10115,0.8607594936708861,1650
66247,0.9605658709106984,1650
37717,0.9855198829134618,1650
63887,0.9729318734793188,1650
93327,0.8263772954924875,1650
18725,0.9729318734793188,1650
29920,0.9328165374677002,1650
41571,0.8908624432603118,1650
72077,0.9855198829134618,1650
64670,0.9534913353720693,1650
92872,0.9855198829134618,1650
22910,0.9729318734793188,1650
32754,0.9855198829134618,1650
77665,0.9534913353720693,1650
63726,0.9855198829134618,1650
3463,0.8403336748134055,1650
52488,0.8403336748134055,1650
34107,0.9855198829134618,1650
70799,0.9294968363965049,1650
61235,0.9855198829134618,1650
19066,0.9855198829134618,1650
18470,0.9855198829134618,1650
82082,0.9294968363965049,1650
99249,0.9729318734793188,1650
41481,0.9855198829134618,1650
79190,0.9605658709106984,1650
10673,0.9605658709106984,1650
34472,0.8403336748134055,1650
102923,0.9534913353720693,1650
28970,0.9605658709106984,1650
75959,0.9729318734793188,1650
23354,0.9729318734793188,1650
92852,0.6086956521739131,1650
3078,0.8607594936708861,1650
40073,0.9855198829134618,1650
56926,0.9855198829134618,1650
47639,0.8908624432603118,1650
71239,0.8403336748134055,1650
35429,0.9855198829134618,1650
7495,0.9855198829134618,1650
46620,0.9855198829134618,1650
5384,0.5373831775700935,1650
110254,0.9729318734793188,1650
87763,0.9421383647798742,1650
60949,0.9534913353720693,1650
13918,0.7601626016260162,1650
48935,0.9855198829134618,1650
2270,0.9855198829134618,1650
107214,0.9855198829134618,1650
4173,0.9605658709106984,1650
90515,0.9855198829134618,1650
63265,0.878755364806867,1650
93802,0.9855198829134618,1650
63048,0.9855198829134618,1650
1499,0.9855198829134618,1650
33354,0.9855198829134618,1650
83481,0.9605658709106984,1650
82136,0.9729318734793188,1650
79878,0.8403336748134055,1650
78817,0.8403336748134055,1650
70116,0.5986622073578596,1650
54980,0.9605658709106984,1650
5119,0.7601626016260162,1650
49740,0.8403336748134055,1650
73923,0.8403336748134055,1650
13682,0.9855198829134618,1650
61096,0.9855198829134618,1650
106233,0.9729318734793188,1650
113185,0.9855198829134618,1650
71792,0.9855198829134618,1650
3216,0.9534913353720693,1650
33653,0.9855198829134618,1650
39852,0.8403336748134055,1650
86397,0.8908624432603118,1650
74310,0.9855198829134618,1650
7129,0.9855198829134618,1650
52695,0.9294968363965049,1650
3993,0.8403336748134055,1650
111278,0.9855198829134618,1650
31289,0.9328165374677002,1650
29167,0.9729318734793188,1650
14626,0.9855198829134618,1650
33757,0.9855198829134618,1650
32299,0.9855198829134618,1650
110815,0.9855198829134618,1650
34672,0.9855198829134618,1650
100599,0.9605658709106984,1650
24307,0.9855198829134618,1650
35824,0.9855198829134618,1650
35223,0.8403336748134055,1650
109522,0.9729318734793188,1650
53697,0.9729318734793188,1650
96339,0.9729318734793188,1650
90929,0.9729318734793188,1650
94354,0.9534913353720693,1650
377,0.9605658709106984,1650
34327,0.9855198829134618,1650
36935,0.8403336748134055,1650
13879,0.8607594936708861,1650
5177,0.9855198829134618,1650
73525,0.8607594936708861,1650
41672,0.9534913353720693,1650
85947,0.9855198829134618,1650
78379,0.9855198829134618,1650
52171,0.9328165374677002,1650
9782,0.8403336748134055,1650
46775,0.9605658709106984,1650
24894,0.9729318734793188,1650
98745,0.9855198829134618,1650
67718,0.9855198829134618,1650
75786,0.9729318734793188,1650
61700,0.8403336748134055,1650
93766,0.9605658709106984,1650
113194,0.8263772954924875,1650
435,0.9729318734793188,1650
107639,0.9855198829134618,1650
51786,0.8263772954924875,1650
42888,0.9294968363965049,1650
109174,0.9855198829134618,1650
83561,0.9534913353720693,1650
92930,0.9729318734793188,1650
59086,0.9534913353720693,1650
68356,0.9855198829134618,1650
58921,0.9855198829134618,1650
4613,0.9294968363965049,1650
57587,0.7601626016260162,1650
16750,0.9729318734793188,1650
18560,0.9855198829134618,1650
57350,0.8403336748134055,1650
94554,0.8607594936708861,1650
48208,0.9605658709106984,1650
12104,0.9855198829134618,1650
22783,0.9534913353720693,1650
79546,0.9294968363965049,1650
25605,0.9855198829134618,1650
63050,0.9328165374677002,1650
38891,0.9534913353720693,1650
108655,0.9855198829134618,1650
47247,0.9729318734793188,1650
62238,0.9855198829134618,1650
8900,0.9729318734793188,1650
57902,0.9855198829134618,1650
88841,0.9855198829134618,1650
26211,0.9855198829134618,1650
36472,0.9294968363965049,1650
32100,0.9729318734793188,1650
70176,0.9855198829134618,1650
102767,0.9855198829134618,1650
44842,0.8403336748134055,1650
94572,0.9855198829134618,1650
14173,0.9855198829134618,1650
46074,0.9729318734793188,1650
22265,0.9855198829134618,1650
21623,0.9534913353720693,1650
91697,0.9855198829134618,1650
28118,0.7140039447731755,1650
41536,0.9729318734793188,1650
1734,0.8908624432603118,1650
15143,0.9855198829134618,1650
41172,0.9534913353720693,1650
72708,0.9855198829134618,1650
28186,0.9729318734793188,1650
83364,0.9534913353720693,1650
44968,0.9534913353720693,1650
42972,0.9729318734793188,1650
109678,0.9855198829134618,1650
22438,0.9605658709106984,1650
47330,0.9855198829134618,1650
29038,0.9855198829134618,1650
49659,0.9534913353720693,1650
100158,0.8403336748134055,1650
85736,0.9855198829134618,1650
53004,0.468,1650
81196,0.9855198829134618,1650
82352,0.8403336748134055,1650
87968,0.9855198829134618,1650
66209,0.9534913353720693,1650
15336,0.9855198829134618,1650
78562,0.9534913353720693,1650
110100,0.9729318734793188,1650
108875,0.9855198829134618,1650
27946,0.8403336748134055,1650
31078,0.9855198829134618,1650
11659,0.9605658709106984,1650
23456,0.9729318734793188,1650
44554,0.9729318734793188,1650
30515,0.9855198829134618,1650
84139,0.9729318734793188,1650
21103,0.9855198829134618,1650
72130,0.9855198829134618,1650
87126,0.9855198829134618,1650
71210,0.9294968363965049,1650
37012,0.9855198829134618,1650
38355,0.9855198829134618,1650
82150,0.9855198829134618,1650
5501,0.9729318734793188,1650
22769,0.9729318734793188,1650
103466,0.9855198829134618,1650
98080,0.8403336748134055,1650
71323,0.9855198829134618,1650
42927,0.9855198829134618,1650
13977,0.6086956521739131,1650
15914,0.9855198829134618,1650
104318,0.9855198829134618,1650
100905,0.9855198829134618,1650
253,0.9605658709106984,1650
31031,0.9855198829134618,1650
72875,0.8403336748134055,1650
87358,0.8908624432603118,1650
106459,0.9729318734793188,1650
109964,0.9855198829134618,1650
10479,0.8263772954924875,1650
81489,0.9729318734793188,1650
38195,0.9855198829134618,1650
6468,0.9855198829134618,1650
36367,0.9534913353720693,1650
77920,0.9534913353720693,1650
51956,0.9534913353720693,1650
67364,0.9605658709106984,1650
101225,0.9605658709106984,1650
78210,0.9855198829134618,1650
57723,0.9605658709106984,1650
4450,0.9855198829134618,1650
69536,0.9729318734793188,1650
30708,0.8263772954924875,1650
10632,0.8403336748134055,1650
2536,0.9294968363965049,1650
3736,0.8908624432603118,1650
12334,0.9855198829134618,1650
94403,0.9855198829134618,1650
2566,0.9729318734793188,1650
86767,0.9534913353720693,1650
86972,0.9421383647798742,1650
54801,0.9855198829134618,1650
105418,0.9855198829134618,1650
8949,0.9855198829134618,1650
22007,0.8607594936708861,1650
98032,0.9855198829134618,1650
50578,0.9328165374677002,1650
3095,0.9855198829134618,1650
69062,0.9855198829134618,1650
66330,0.8908624432603118,1650
82641,0.8908624432603118,1650
79874,0.9855198829134618,1650
58158,0.9605658709106984,1650
63605,0.9534913353720693,1650
55238,0.9729318734793188,1650
105054,0.9855198829134618,1650
87292,0.9855198829134618,1650
14430,0.8908624432603118,1650
16900,0.9855198829134618,1650
2877,0.9855198829134618,1650
48361,0.9855198829134618,1650
89818,0.9605658709106984,1650
89750,0.9855198829134618,1650
37642,0.9534913353720693,1650
61735,0.8403336748134055,1650
26772,0.9855198829134618,1650
37775,0.9729318734793188,1650
62334,0.9855198829134618,1650
11900,0.8403336748134055,1650
109729,0.8908624432603118,1650
44721,0.9855198829134618,1650
48950,0.9855198829134618,1650
56269,0.9855198829134618,1650
87906,0.9328165374677002,1650
64387,0.8908624432603118,1650
56725,0.3236994219653179,1650
56596,0.8403336748134055,1650
69507,0.9729318734793188,1650
27917,0.9855198829134618,1650
6452,0.9855198829134618,1650
86945,0.9605658709106984,1650
55559,0.9605658709106984,1650
73470,0.9729318734793188,1650
86578,0.9534913353720693,1650
48929,0.9855198829134618,1650
84428,0.9605658709106984,1650
12339,0.9328165374677002,1650
667,0.9855198829134618,1650
85961,0.8908624432603118,1650
48084,0.9605658709106984,1650
75384,0.8403336748134055,1650
80400,0.8908624432603118,1650
74996,0.9605658709106984,1650
60130,0.9855198829134618,1650
2937,0.8403336748134055,1650
64293,0.9855198829134618,1650
107553,0.9855198829134618,1650
58507,0.9855198829134618,1650
46933,0.9855198829134618,1650
47301,0.9855198829134618,1650
14889,0.8403336748134055,1650
96810,0.9855198829134618,1650
93344,0.9729318734793188,1650
26004,0.8908624432603118,1650
30718,0.9421383647798742,1650
85435,0.9855198829134618,1650
110515,0.9855198829134618,1650
23532,0.9605658709106984,1650
88540,0.9855198829134618,1650
12591,0.9328165374677002,1650
22526,0.9294968363965049,1650
38864,0.9855198829134618,1650
104073,0.9729318734793188,1650
47821,0.9855198829134618,1650
13948,0.9855198829134618,1650
12410,0.9855198829134618,1650
80633,0.9855198829134618,1650
68038,0.9855198829134618,1650
46338,0.9855198829134618,1650
80701,0.9294968363965049,1650
2212,0.9855198829134618,1650
108127,0.9855198829134618,1650
107406,0.9729318734793188,1650
73111,0.9534913353720693,1650
30816,0.9729318734793188,1650
85708,0.9855198829134618,1650
53515,0.9605658709106984,1650
71767,0.8908624432603118,1650
42152,0.9729318734793188,1650
85639,0.9855198829134618,1650
109416,0.9534913353720693,1650
1877,0.878755364806867,1650
30815,0.9729318734793188,1650
83100,0.9605658709106984,1650
51445,0.9855198829134618,1650
64492,0.9534913353720693,1650
5437,0.9729318734793188,1650
12595,0.8607594936708861,1650
56508,0.9729318734793188,1650
100485,0.9534913353720693,1650
58001,0.9605658709106984,1650
93638,0.9294968363965049,1650
13462,0.9534913353720693,1650
65195,0.9294968363965049,1650
12752,0.8403336748134055,1650
60464,0.9855198829134618,1650
80267,0.9534913353720693,1650
3081,0.9729318734793188,1650
73577,0.9605658709106984,1650
59223,0.8403336748134055,1650
89833,0.8263772954924875,1650
57957,0.9855198829134618,1650
75330,0.8403336748134055,1650
26587,0.5986622073578596,1650
108390,0.9534913353720693,1650
101488,0.9729318734793188,1650
39968,0.9855198829134618,1650
56899,0.9534913353720693,1650
22113,0.8403336748134055,1650
13339,0.9855198829134618,1650
39930,0.9855198829134618,1650
85839,0.9855198829134618,1650
78162,0.9855198829134618,1650
107569,0.9855198829134618,1650
95950,0.9605658709106984,1650
112080,0.9855198829134618,1650
64319,0.9534913353720693,1650
8750,0.9855198829134618,1650
63786,0.8403336748134055,1650
103639,0.8403336748134055,1650
18757,0.6086956521739131,1650
84812,0.8403336748134055,1650
96198,0.8403336748134055,1650
88055,0.9855198829134618,1650
98367,0.9729318734793188,1650
92782,0.9855198829134618,1650
54560,0.9605658709106984,1650
93754,0.8908624432603118,1650
79835,0.9855198829134618,1650
32338,0.9855198829134618,1650
40058,0.9605658709106984,1650
36185,0.9855198829134618,1650
95814,0.9294968363965049,1650
26607,0.9855198829134618,1650
31431,0.7601626016260162,1650
5083,0.9294968363965049,1650
31621,0.9729318734793188,1650
90318,0.9855198829134618,1650
32956,0.7601626016260162,1650
20885,0.8403336748134055,1650
91982,0.9605658709106984,1650
28219,0.9729318734793188,1650
7706,0.9294968363965049,1650
31541,0.9328165374677002,1650
52153,0.9855198829134618,1650
74760,0.8403336748134055,1650
27834,0.9855198829134618,1650
78520,0.9605658709106984,1650
70455,0.9294968363965049,1650
74162,0.9855198829134618,1650
79778,0.9605658709106984,1650
18866,0.9855198829134618,1650
92959,0.9855198829134618,1650
64878,0.9328165374677002,1650
33764,0.8403336748134055,1650
25568,0.9855198829134618,1650
56170,0.7140039447731755,1650
27706,0.9534913353720693,1650
36633,0.9855198829134618,1650
111680,0.9534913353720693,1650
85735,0.9855198829134618,1650
24708,0.9294968363965049,1650
10025,0.8403336748134055,1650
33843,0.8908624432603118,1650
111600,0.8403336748134055,1650
61620,0.9729318734793188,1650
19010,0.9855198829134618,1650
43977,0.9855198829134618,1650
20750,0.9855198829134618,1650
14598,0.9421383647798742,1650
92419,0.8403336748134055,1650
71680,0.9855198829134618,1650
47896,0.9729318734793188,1650
21061,0.9855198829134618,1650
31013,0.8403336748134055,1650
64405,0.9855198829134618,1650
25627,0.9855198829134618,1650
35971,0.9534913353720693,1650
107192,0.9605658709106984,1650
112161,0.8403336748134055,1650
32,0.8403336748134055,1650
27385,0.9729318734793188,1650
44990,0.8908624432603118,1650
16171,0.9855198829134618,1650
83682,0.9855198829134618,1650
86469,0.8908624432603118,1650
74337,0.9855198829134618,1650
45130,0.8403336748134055,1650
103229,0.8607594936708861,1650
83847,0.9855198829134618,1650
24664,0.9855198829134618,1650
2464,0.8263772954924875,1650
80682,0.9855198829134618,1650
55518,0.9855198829134618,1650
16440,0.9534913353720693,1650
61643,0.9855198829134618,1650
16790,0.9729318734793188,1650
17753,0.9855198829134618,1650
109561,0.9855198829134618,1650
31973,0.9729318734793188,1650
85779,0.9605658709106984,1650
83816,0.9328165374677002,1650
84878,0.9534913353720693,1650
88486,0.8607594936708861,1650
112670,0.9855198829134618,1650
95760,0.9855198829134618,1650
86246,0.9605658709106984,1650
40293,0.9855198829134618,1650
9852,0.9729318734793188,1650
90419,0.9855198829134618,1650
57329,0.9855198829134618,1650
57087,0.9855198829134618,1650
53968,0.9729318734793188,1650
111463,0.8403336748134055,1650
41412,0.9855198829134618,1650
81141,0.9855198829134618,1650
79790,0.9294968363965049,1650
45879,0.9729318734793188,1650
82807,0.9605658709106984,1650
74608,0.9855198829134618,1650
11066,0.8403336748134055,1650
14470,0.9534913353720693,1650
88492,0.9729318734793188,1650
79919,0.9855198829134618,1650
41279,0.8403336748134055,1650
61531,0.9729318734793188,1650
15345,0.9534913353720693,1650
8338,0.8908624432603118,1650
10874,0.9855198829134618,1650
31112,0.9855198829134618,1650
39354,0.9855198829134618,1650
94216,0.9534913353720693,1650
4239,0.9534913353720693,1650
61212,0.9729318734793188,1650
96492,0.9729318734793188,1650
65351,0.9729318734793188,1650
112849,0.9294968363965049,1650
37269,0.9855198829134618,1650
11601,0.8607594936708861,1650
42836,0.9855198829134618,1650
25791,0.9729318734793188,1650
76725,0.878755364806867,1650
71632,0.9855198829134618,1650
5372,0.7116402116402116,1650
90329,0.8403336748134055,1650
40861,0.9855198829134618,1650
7921,0.8908624432603118,1650
102805,0.9605658709106984,1650
109840,0.9605658709106984,1650
61204,0.9855198829134618,1650
61867,0.9328165374677002,1650
32519,0.8403336748134055,1650
103818,0.9855198829134618,1650
46969,0.8403336748134055,1650
52143,0.9855198829134618,1650
27652,0.9729318734793188,1650
70745,0.9729318734793188,1650
108204,0.9729318734793188,1650
42505,0.9855198829134618,1650
36153,0.9729318734793188,1650
104255,0.9855198829134618,1650
20758,0.9328165374677002,1650
65460,0.9855198829134618,1650
96347,0.9855198829134618,1650
37872,0.9855198829134618,1650
37975,0.9605658709106984,1650
40853,0.8403336748134055,1650
90968,0.8403336748134055,1650
82707,0.9855198829134618,1650
69706,0.8908624432603118,1650
89621,0.9855198829134618,1650
27104,0.9855198829134618,1650
114054,0.9855198829134618,1650
70070,0.9855198829134618,1650
16245,0.9855198829134618,1650
105379,0.9729318734793188,1650
51978,0.9421383647798742,1650
1134,0.9855198829134618,1650
30678,0.9855198829134618,1650
91025,0.8908624432603118,1650
8642,0.9605658709106984,1650
69861,0.8263772954924875,1650
10413,0.9855198829134618,1650
93267,0.9855198829134618,1650
109982,0.9729318734793188,1650
2669,0.9855198829134618,1650
24129,0.9421383647798742,1650
6589,0.9605658709106984,1650
106751,0.9534913353720693,1650
80860,0.9855198829134618,1650
44907,0.8403336748134055,1650
59507,0.9855198829134618,1650
33147,0.8908624432603118,1650
73636,0.9855198829134618,1650
90319,0.8908624432603118,1650
87835,0.8263772954924875,1650
3549,0.9729318734793188,1650
47486,0.9421383647798742,1650
4519,0.9729318734793188,1650
54806,0.9605658709106984,1650
108968,0.9855198829134618,1650
7811,0.9605658709106984,1650
45252,0.8607594936708861,1650
75462,0.9855198829134618,1650
69440,0.8403336748134055,1650
48341,0.9855198829134618,1650
105056,0.9855198829134618,1650
21749,0.9855198829134618,1650
98247,0.7116402116402116,1650
47154,0.9855198829134618,1650
78911,0.9855198829134618,1650
51107,0.9534913353720693,1650
101627,0.9855198829134618,1650
69520,0.9729318734793188,1650
104714,0.9855198829134618,1650
59715,0.9605658709106984,1650
34913,0.9729318734793188,1650
85347,0.9534913353720693,1650
60273,0.8403336748134055,1650
2645,0.9328165374677002,1650
88595,0.6086956521739131,1650
104654,0.9294968363965049,1650
95524,0.9534913353720693,1650
79706,0.9729318734793188,1650
15836,0.8908624432603118,1650
39611,0.878755364806867,1650
71012,0.9855198829134618,1650
71721,0.9855198829134618,1650
31545,0.9328165374677002,1650
50771,0.9729318734793188,1650
106046,0.9729318734793188,1650
58669,0.9855198829134618,1650
110826,0.9605658709106984,1650
15869,0.9855198829134618,1650
77915,0.9855198829134618,1650
106227,0.9855198829134618,1650
55833,0.9605658709106984,1650
79360,0.8403336748134055,1650
77379,0.9855198829134618,1650
52631,0.9855198829134618,1650
35883,0.9855198829134618,1650
9547,0.9855198829134618,1650
13991,0.8403336748134055,1650
84219,0.9855198829134618,1650
70926,0.9855198829134618,1650
34015,0.9855198829134618,1650
32946,0.9328165374677002,1650
45355,0.9534913353720693,1650
91751,0.8403336748134055,1650
21359,0.9855198829134618,1650
11826,0.9729318734793188,1650
903,0.9855198829134618,1650
59219,0.9729318734793188,1650
96186,0.9534913353720693,1650
77733,0.8403336748134055,1650
50783,0.9855198829134618,1650
110785,0.9605658709106984,1650
18456,0.9855198829134618,1650
105100,0.9421383647798742,1650
46904,0.8403336748134055,1650
45449,0.9605658709106984,1650
30434,0.9729318734793188,1650
44087,0.8607594936708861,1650
24294,0.8607594936708861,1650
89501,0.9855198829134618,1650
21298,0.8403336748134055,1650
37669,0.9855198829134618,1650
43117,0.8403336748134055,1650
845,0.9729318734793188,1650
112320,0.9855198829134618,1650
62220,0.9855198829134618,1650
34080,0.9605658709106984,1650
51721,0.8263772954924875,1650
42907,0.8403336748134055,1650
73771,0.9855198829134618,1650
85727,0.5986622073578596,1650
52513,0.9855198829134618,1650
39685,0.9855198829134618,1650
12273,0.8403336748134055,1650
16237,0.9294968363965049,1650
22371,0.7222222222222222,1650
24268,0.9534913353720693,1650
4568,0.9855198829134618,1650
93475,0.9534913353720693,1650
8057,0.9855198829134618,1650
110222,0.9421383647798742,1650
12789,0.9855198829134618,1650
89235,0.8607594936708861,1650
9654,0.8908624432603118,1650
32603,0.9855198829134618,1650
84594,0.9855198829134618,1650
14764,0.9729318734793188,1650
34248,0.9855198829134618,1650
67592,0.9855198829134618,1650
7703,0.9855198829134618,1650
76756,0.9855198829134618,1650
1010,0.9605658709106984,1650
95442,0.9729318734793188,1650
42315,0.9855198829134618,1650
30716,0.8403336748134055,1650
6883,0.8403336748134055,1650
35100,0.9855198829134618,1650
109979,0.9855198829134618,1650
21696,0.9534913353720693,1650
111059,0.9294968363965049,1650
21519,0.9534913353720693,1650
78617,0.9729318734793188,1650
100367,0.9855198829134618,1650
77995,0.9534913353720693,1650
105210,0.9534913353720693,1650
16380,0.9534913353720693,1650
44187,0.9855198829134618,1650
41218,0.9729318734793188,1650
58634,0.9605658709106984,1650
19110,0.9729318734793188,1650
4414,0.9855198829134618,1650
18521,0.6086956521739131,1650
24882,0.9328165374677002,1650
85641,0.8403336748134055,1650
72528,0.9729318734793188,1650
64876,0.9605658709106984,1650
12774,0.9605658709106984,1650
32980,0.8908624432603118,1650
70026,0.9729318734793188,1650
2828,0.9855198829134618,1650
100666,0.9729318734793188,1650
52788,0.8403336748134055,1650
52721,0.9855198829134618,1650
60822,0.9855198829134618,1650
69624,0.9534913353720693,1650
50397,0.9855198829134618,1650
114015,0.9855198829134618,1650
18587,0.9328165374677002,1650
110836,0.9855198829134618,1650
28561,0.9855198829134618,1650
43452,0.9855198829134618,1650
84067,0.8908624432603118,1650
61365,0.9855198829134618,1650
53382,0.9328165374677002,1650
101947,0.9855198829134618,1650
10696,0.9855198829134618,1650
16315,0.9294968363965049,1650
54626,0.8263772954924875,1650
11053,0.9534913353720693,1650
21165,0.9294968363965049,1650
15921,0.9855198829134618,1650
48112,0.9855198829134618,1650
83391,0.5784313725490197,1650
107791,0.9605658709106984,1650
8645,0.9729318734793188,1650
35157,0.7116402116402116,1650
18502,0.9855198829134618,1650
50767,0.8908624432603118,1650
41118,0.8908624432603118,1650
4736,0.7601626016260162,1650
14651,0.9855198829134618,1650
7377,0.9534913353720693,1650
55964,0.9855198829134618,1650
37701,0.9855198829134618,1650
76538,0.7601626016260162,1650
16467,0.8403336748134055,1650
49026,0.9855198829134618,1650
59452,0.9534913353720693,1650
10054,0.9855198829134618,1650
26270,0.9729318734793188,1650
13623,0.9729318734793188,1650
86436,0.9855198829134618,1650
14775,0.9855198829134618,1650
80550,0.9421383647798742,1650
107423,0.9855198829134618,1650
36737,0.9729318734793188,1650
84629,0.9294968363965049,1650
99490,0.9534913353720693,1650
55459,0.9855198829134618,1650
109892,0.9534913353720693,1650
74049,0.9605658709106984,1650
5463,0.7601626016260162,1650
13578,0.9855198829134618,1650
61521,0.8607594936708861,1650
30802,0.9855198829134618,1650
14188,0.9855198829134618,1650
61141,0.9729318734793188,1650
9428,0.8908624432603118,1650
12062,0.3236994219653179,1650
104486,0.9605658709106984,1650
90798,0.9855198829134618,1650
107092,0.9729318734793188,1650
33735,0.9605658709106984,1650
48635,0.9294968363965049,1650
92659,0.8263772954924875,1650
60581,0.9729318734793188,1650
44303,0.9855198829134618,1650
73788,0.9729318734793188,1650
69551,0.9605658709106984,1650
7779,0.8908624432603118,1650
13197,0.9729318734793188,1650
25590,0.9855198829134618,1650
108267,0.9855198829134618,1650
55063,0.9855198829134618,1650
1148,0.9855198829134618,1650
83092,0.9855198829134618,1650
84017,0.9534913353720693,1650
95240,0.9855198829134618,1650
10826,0.9729318734793188,1650
80338,0.9729318734793188,1650
39979,0.9855198829134618,1650
8560,0.9855198829134618,1650
17769,0.9534913353720693,1650
49038,0.9605658709106984,1650
2289,0.9729318734793188,1650
79045,0.9605658709106984,1650
94273,0.9421383647798742,1650
10930,0.9605658709106984,1650
1616,0.9855198829134618,1650
101464,0.9855198829134618,1650
22889,0.9855198829134618,1650
92523,0.9855198829134618,1650
34610,0.9605658709106984,1650
13814,0.9605658709106984,1650
86136,0.8607594936708861,1650
37831,0.8908624432603118,1650
106317,0.9534913353720693,1650
107645,0.9729318734793188,1650
51542,0.9855198829134618,1650
78837,0.9729318734793188,1650
41855,0.8908624432603118,1650
63989,0.9855198829134618,1650
45445,0.9855198829134618,1650
37818,0.9855198829134618,1650
50323,0.9855198829134618,1650
13469,0.9855198829134618,1650
32671,0.9855198829134618,1650
95279,0.9855198829134618,1650
102909,0.9855198829134618,1650
478,0.9855198829134618,1650
71256,0.878755364806867,1650
10320,0.9729318734793188,1650
96103,0.9294968363965049,1650
95716,0.9855198829134618,1650
29880,0.9855198829134618,1650
103569,0.9605658709106984,1650
59495,0.9294968363965049,1650
101972,0.9534913353720693,1650
75191,0.08333333333333333,1650
92486,0.9729318734793188,1650
112355,0.6086956521739131,1650
3066,0.8908624432603118,1650
6289,0.9855198829134618,1650
18961,0.9855198829134618,1650
58041,0.9328165374677002,1650
71702,0.9534913353720693,1650
45817,0.878755364806867,1650
33179,0.9855198829134618,1650
67573,0.9729318734793188,1650
105951,0.9855198829134618,1650
36538,0.8908624432603118,1650
9616,0.9729318734793188,1650
112050,0.878755364806867,1650
8539,0.9855198829134618,1650
34311,0.9534913353720693,1650
83245,0.9855198829134618,1650
24261,0.878755364806867,1650
76564,0.9855198829134618,1650
100232,0.9855198829134618,1650
19549,0.9855198829134618,1650
70498,0.8403336748134055,1650
67923,0.9855198829134618,1650
88906,0.9534913353720693,1650
105772,0.8908624432603118,1650
48446,0.8403336748134055,1650
81367,0.9294968363965049,1650
30277,0.9534913353720693,1650
97985,0.9855198829134618,1650
110245,0.9047619047619048,1650
13223,0.9855198829134618,1650
60016,0.9855198829134618,1650
75282,0.9855198829134618,1650
70639,0.9605658709106984,1650
111159,0.9534913353720693,1650
8850,0.9855198829134618,1650
47109,0.9729318734793188,1650
76299,0.9729318734793188,1650
50379,0.9421383647798742,1650
99938,0.9855198829134618,1650
99579,0.9605658709106984,1650
41675,0.9855198829134618,1650
86256,0.9855198829134618,1650
90351,0.9855198829134618,1650
31403,0.9855198829134618,1650
5800,0.9855198829134618,1650
82540,0.8403336748134055,1650
1467,0.8908624432603118,1650
22838,0.9855198829134618,1650
61817,0.8908624432603118,1650
110125,0.878755364806867,1650
99002,0.9729318734793188,1650
65074,0.9729318734793188,1650
112764,0.9294968363965049,1650
112721,0.9729318734793188,1650
37599,0.8908624432603118,1650
108904,0.9534913353720693,1650
34655,0.9855198829134618,1650
20058,0.9855198829134618,1650
4286,0.8403336748134055,1650
23668,0.9729318734793188,1650
42500,0.8908624432603118,1650
63610,0.8908624432603118,1650
48799,0.9534913353720693,1650
105979,0.9855198829134618,1650
20786,0.8403336748134055,1650
72410,0.8908624432603118,1650
106680,0.9855198829134618,1650
63206,0.9534913353720693,1650
37365,0.9855198829134618,1650
109674,0.9534913353720693,1650
62743,0.8908624432603118,1650
103187,0.9855198829134618,1650
96191,0.9534913353720693,1650
43465,0.8908624432603118,1650
72803,0.9729318734793188,1650
53675,0.9855198829134618,1650
103109,0.8908624432603118,1650
24506,0.9729318734793188,1650
109754,0.9855198829134618,1650
8932,0.9605658709106984,1650
56347,0.9855198829134618,1650
107268,0.8607594936708861,1650
30360,0.9534913353720693,1650
108790,0.8403336748134055,1650
20300,0.8403336748134055,1650
87260,0.9605658709106984,1650
36409,0.9605658709106984,1650
69911,0.8908624432603118,1650
101576,0.9605658709106984,1650
10612,0.9534913353720693,1650
105684,0.8908624432603118,1650
21860,0.9534913353720693,1650
2663,0.9855198829134618,1650
79623,0.9421383647798742,1650
110522,0.9855198829134618,1650
97453,0.9729318734793188,1650
5677,0.9534913353720693,1650
104386,0.9855198829134618,1650
46956,0.9605658709106984,1650
56884,0.9855198829134618,1650
77506,0.9855198829134618,1650
12211,0.9605658709106984,1650
66733,0.9855198829134618,1650
42740,0.8908624432603118,1650
86079,0.9294968363965049,1650
47893,0.9855198829134618,1650
83964,0.9294968363965049,1650
44828,0.8403336748134055,1650
34677,0.9855198829134618,1650
106937,0.9855198829134618,1650
75016,0.9855198829134618,1650
10977,0.9294968363965049,1650
36611,0.9534913353720693,1650
46719,0.9855198829134618,1650
19942,0.8403336748134055,1650
3032,0.9328165374677002,1650
4069,0.9534913353720693,1650
41723,0.9729318734793188,1650
72688,0.9855198829134618,1650
55025,0.9328165374677002,1650
77722,0.9855198829134618,1650
92588,0.9534913353720693,1650
61,0.9855198829134618,1650
61995,0.9855198829134618,1650
16537,0.8403336748134055,1650
19270,0.9855198829134618,1650
87287,0.9605658709106984,1650
482,0.9855198829134618,1650
49595,0.7116402116402116,1650
3916,0.9855198829134618,1650
10165,0.9534913353720693,1650
80886,0.8403336748134055,1650
14306,0.9729318734793188,1650
80096,0.9534913353720693,1650
39373,0.6086956521739131,1650
63484,0.9729318734793188,1650
113536,0.9534913353720693,1650
100287,0.9534913353720693,1650
37414,0.9534913353720693,1650
74658,0.9855198829134618,1650
63891,0.9605658709106984,1650
40806,0.9294968363965049,1650
18544,0.8403336748134055,1650
75424,0.9729318734793188,1650
81607,0.9605658709106984,1650
99704,0.9855198829134618,1650
104929,0.9855198829134618,1650
79454,0.9855198829134618,1650
4307,0.9605658709106984,1650
81736,0.8908624432603118,1650
82812,0.9855198829134618,1650
72790,0.9605658709106984,1650
50640,0.468,1650
27737,0.8908624432603118,1650
47251,0.8403336748134055,1650
41159,0.9855198829134618,1650
8327,0.9855198829134618,1650
108911,0.9605658709106984,1650
42259,0.9855198829134618,1650
103448,0.8908624432603118,1650
60083,0.9855198829134618,1650
71527,0.9729318734793188,1650
55045,0.9605658709106984,1650
70156,0.9729318734793188,1650
72612,0.9605658709106984,1650
43843,0.5986622073578596,1650
23363,0.9855198829134618,1650
93623,0.9855198829134618,1650
3997,0.9855198829134618,1650
86513,0.9328165374677002,1650
79334,0.9855198829134618,1650
49586,0.9855198829134618,1650
83424,0.9855198829134618,1650
81856,0.8908624432603118,1650
124,0.8908624432603118,1650
8376,0.8263772954924875,1650
43543,0.8403336748134055,1650
76140,0.9605658709106984,1650
6050,0.9855198829134618,1650
38672,0.9729318734793188,1650
96107,0.9294968363965049,1650
65548,0.9855198829134618,1650
53508,0.9855198829134618,1650
66275,0.9855198829134618,1650
36079,0.9328165374677002,1650
22754,0.9729318734793188,1650
90762,0.9294968363965049,1650
83880,0.9534913353720693,1650
107234,0.9421383647798742,1650
48336,0.8263772954924875,1650
47960,0.8403336748134055,1650
81917,0.8908624432603118,1650
54061,0.8403336748134055,1650
50689,0.9328165374677002,1650
14872,0.9605658709106984,1650
85255,0.9047619047619048,1650
40135,0.9855198829134618,1650
74389,0.8403336748134055,1650
68382,0.8403336748134055,1650
8052,0.9534913353720693,1650
102795,0.9855198829134618,1650
2128,0.7140039447731755,1650
23908,0.9534913353720693,1650
113373,0.9534913353720693,1650
80407,0.9855198829134618,1650
1542,0.9605658709106984,1650
78432,0.3236994219653179,1650
96627,0.9605658709106984,1650
23988,0.9294968363965049,1650
40493,0.9855198829134618,1650
94291,0.8908624432603118,1650
9485,0.9855198829134618,1650
69611,0.9534913353720693,1650
59529,0.8403336748134055,1650
39031,0.8403336748134055,1650
16642,0.9729318734793188,1650
96448,0.9855198829134618,1650
69646,0.9605658709106984,1650
7148,0.9855198829134618,1650
95183,0.9294968363965049,1650
6227,0.9534913353720693,1650
64152,0.9855198829134618,1650
67260,0.9855198829134618,1650
79162,0.9855198829134618,1650
64836,0.9534913353720693,1650
5160,0.9729318734793188,1650
56594,0.9534913353720693,1650
41684,0.9729318734793188,1650
38470,0.9605658709106984,1650
12572,0.9855198829134618,1650
65047,0.9855198829134618,1650
24648,0.8403336748134055,1650
62474,0.9534913353720693,1650
6025,0.8908624432603118,1650
106599,0.9729318734793188,1650
100942,0.9421383647798742,1650
96760,0.9855198829134618,1650
106260,0.9855198829134618,1650
50998,0.9855198829134618,1650
113110,0.9605658709106984,1650
82661,0.9294968363965049,1650
45941,0.9855198829134618,1650
40011,0.9855198829134618,1650
961,0.9534913353720693,1650
71471,0.9534913353720693,1650
18874,0.9855198829134618,1650
79572,0.5986622073578596,1650
75559,0.9534913353720693,1650
100838,0.9729318734793188,1650
71876,0.9855198829134618,1650
113316,0.9294968363965049,1650
60213,0.8263772954924875,1650
48563,0.8908624432603118,1650
53402,0.9855198829134618,1650
71607,0.9729318734793188,1650
22413,0.8403336748134055,1650
3270,0.8908624432603118,1650
28055,0.9855198829134618,1650
97834,0.9328165374677002,1650
92206,0.9605658709106984,1650
85689,0.9855198829134618,1650
64925,0.9729318734793188,1650
11037,0.9605658709106984,1650
36447,0.8263772954924875,1650
49894,0.9534913353720693,1650
99882,0.9855198829134618,1650
60871,0.9855198829134618,1650
67451,0.9855198829134618,1650
79991,0.9855198829134618,1650
21633,0.9855198829134618,1650
109859,0.9729318734793188,1650
75227,0.9855198829134618,1650
91521,0.9421383647798742,1650
96640,0.8908624432603118,1650
5269,0.9605658709106984,1650
64081,0.8403336748134055,1650
106598,0.8403336748134055,1650
97129,0.9534913353720693,1650
99035,0.8607594936708861,1650
13322,0.9855198829134618,1650
61311,0.9605658709106984,1650
92210,0.9328165374677002,1650
60343,0.9855198829134618,1650
113887,0.9855198829134618,1650
111199,0.8403336748134055,1650
71423,0.9855198829134618,1650
75292,0.8908624432603118,1650
101966,0.9855198829134618,1650
64615,0.9855198829134618,1650
85627,0.9534913353720693,1650
79658,0.9605658709106984,1650
66660,0.9855198829134618,1650
5410,0.9294968363965049,1650
75367,0.9855198829134618,1650
99578,0.9605658709106984,1650
6678,0.9855198829134618,1650
48442,0.9534913353720693,1650
21457,0.9294968363965049,1650
50091,0.6086956521739131,1650
94904,0.8403336748134055,1650
64654,0.9855198829134618,1650
43756,0.9534913353720693,1650
54684,0.9855198829134618,1650
94496,0.9729318734793188,1650
39981,0.9855198829134618,1650
71015,0.9855198829134618,1650
79312,0.9855198829134618,1650
84480,0.9294968363965049,1650
87719,0.8263772954924875,1650
109475,0.9605658709106984,1650
75564,0.9855198829134618,1650
10756,0.9855198829134618,1650
113519,0.9855198829134618,1650
96343,0.5373831775700935,1650
24482,0.9855198829134618,1650
56676,0.7140039447731755,1650
52088,0.9855198829134618,1650
4735,0.9534913353720693,1650
59314,0.9855198829134618,1650
24338,0.9328165374677002,1650
23993,0.9729318734793188,1650
72473,0.9855198829134618,1650
49602,0.9534913353720693,1650
88988,0.9855198829134618,1650
1579,0.9534913353720693,1650
19465,0.9729318734793188,1650
32684,0.9855198829134618,1650
37356,0.9294968363965049,1650
18299,0.9729318734793188,1650
17130,0.9534913353720693,1650
91768,0.8403336748134055,1650
33370,0.9855198829134618,1650
11491,0.9421383647798742,1650
66251,0.9855198829134618,1650
56552,0.9294968363965049,1650
9215,0.9855198829134618,1650
47278,0.9855198829134618,1650
102599,0.8403336748134055,1650
89866,0.9855198829134618,1650
110457,0.9729318734793188,1650
61467,0.9855198829134618,1650
39025,0.9855198829134618,1650
108781,0.9294968363965049,1650
105989,0.7140039447731755,1650
61188,0.9855198829134618,1650
20284,0.9534913353720693,1650
99374,0.9855198829134618,1650
55290,0.8908624432603118,1650
57973,0.9534913353720693,1650
7372,0.9855198829134618,1650
78130,0.9605658709106984,1650
71965,0.9855198829134618,1650
67228,0.9729318734793188,1650
30141,0.9729318734793188,1650
88015,0.9855198829134618,1650
41786,0.9855198829134618,1650
110316,0.8908624432603118,1650
102529,0.9729318734793188,1650
100410,0.9729318734793188,1650
64249,0.9855198829134618,1650
17386,0.9855198829134618,1650
43696,0.9729318734793188,1650
98491,0.9729318734793188,1650
8146,0.9729318734793188,1650
48910,0.9855198829134618,1650
103325,0.9729318734793188,1650
55405,0.9855198829134618,1650
67117,0.9729318734793188,1650
39821,0.9729318734793188,1650
17688,0.9294968363965049,1650
59797,0.8908624432603118,1650
38819,0.9729318734793188,1650
49415,0.9855198829134618,1650
12226,0.9534913353720693,1650
73626,0.9855198829134618,1650
59572,0.9855198829134618,1650
98821,0.9855198829134618,1650
94961,0.878755364806867,1650
100563,0.9855198829134618,1650
5085,0.8908624432603118,1650
66188,0.8908624432603118,1650
1679,0.8403336748134055,1650
42914,0.9855198829134618,1650
38733,0.9328165374677002,1650
98815,0.8908624432603118,1650
70694,0.7140039447731755,1650
45207,0.9605658709106984,1650
63264,0.9855198829134618,1650
97420,0.9855198829134618,1650
25322,0.9047619047619048,1650
46377,0.9534913353720693,1650
33601,0.9729318734793188,1650
41041,0.9729318734793188,1650
44732,0.9855198829134618,1650
100611,0.9605658709106984,1650
24367,0.9855198829134618,1650
24996,0.9855198829134618,1650
47743,0.9855198829134618,1650
67871,0.9855198829134618,1650
77300,0.9729318734793188,1650
29736,0.9855198829134618,1650
113644,0.9855198829134618,1650
66570,0.9855198829134618,1650
90571,0.9729318734793188,1650
19789,0.9855198829134618,1650
67790,0.9534913353720693,1650
105078,0.878755364806867,1650
11672,0.9294968363965049,1650
10067,0.8607594936708861,1650
6864,0.9855198829134618,1650
110546,0.8403336748134055,1650
87787,0.9421383647798742,1650
48542,0.9328165374677002,1650
5957,0.9729318734793188,1650
1365,0.9855198829134618,1650
81092,0.9605658709106984,1650
33362,0.9605658709106984,1650
71901,0.8263772954924875,1650
29670,0.9855198829134618,1650
37562,0.9605658709106984,1650
93382,0.9855198829134618,1650
59684,0.9534913353720693,1650
54989,0.8908624432603118,1650
69077,0.9729318734793188,1650
67237,0.9855198829134618,1650
4412,0.9729318734793188,1650
10149,0.9855198829134618,1650
91097,0.9855198829134618,1650
21390,0.9421383647798742,1650
96287,0.9328165374677002,1650
84506,0.9855198829134618,1650
61313,0.9855198829134618,1650
107857,0.9855198829134618,1650
49233,0.878755364806867,1650
87502,0.9729318734793188,1650
6917,0.9855198829134618,1650
10480,0.878755364806867,1650
43352,0.8403336748134055,1650
40696,0.9729318734793188,1650
1301,0.9855198829134618,1650
91192,0.8908624432603118,1650
32703,0.9534913353720693,1650
58851,0.9855198829134618,1650
23906,0.9855198829134618,1650
11064,0.7140039447731755,1650
100156,0.9855198829134618,1650
107482,0.8263772954924875,1650
9245,0.9294968363965049,1650
36287,0.9729318734793188,1650
23886,0.9855198829134618,1650
20742,0.9855198829134618,1650
55117,0.9328165374677002,1650
67342,0.8908624432603118,1650
74915,0.8403336748134055,1650
35656,0.9855198829134618,1650
106369,0.9855198829134618,1650
105161,0.9855198829134618,1650
73069,0.9855198829134618,1650
84044,0.9534913353720693,1650
21175,0.9534913353720693,1650
1696,0.8908624432603118,1650
36776,0.9729318734793188,1650
44533,0.9294968363965049,1650
59703,0.9855198829134618,1650
103198,0.8403336748134055,1650
32563,0.9855198829134618,1650
12347,0.9421383647798742,1650
90960,0.8403336748134055,1650
53097,0.9729318734793188,1650
22750,0.9855198829134618,1650
91237,0.9855198829134618,1650
69730,0.9855198829134618,1650
33135,0.3236994219653179,1650
8871,0.9855198829134618,1650
17569,0.9855198829134618,1650
87003,0.8403336748134055,1650
79686,0.9605658709106984,1650
88654,0.9729318734793188,1650
61801,0.9605658709106984,1650
35810,0.9534913353720693,1650
53705,0.8908624432603118,1650
61383,0.8263772954924875,1650
9024,0.9855198829134618,1650
105393,0.9534913353720693,1650
34544,0.8403336748134055,1650
1847,0.8263772954924875,1650
48844,0.9855198829134618,1650
30011,0.9855198829134618,1650
29273,0.9855198829134618,1650
14537,0.8403336748134055,1650
52436,0.9855198829134618,1650
71932,0.7140039447731755,1650
54579,0.9729318734793188,1650
30530,0.9605658709106984,1650
10034,0.878755364806867,1650
113672,0.9729318734793188,1650
68352,0.8607594936708861,1650
47484,0.9855198829134618,1650
109853,0.9855198829134618,1650
58073,0.9855198829134618,1650
19456,0.9534913353720693,1650
112959,0.8908624432603118,1650
30490,0.9855198829134618,1650
876,0.8908624432603118,1650
97385,0.9605658709106984,1650
9706,0.9855198829134618,1650
72591,0.9855198829134618,1650
25817,0.7601626016260162,1650
35958,0.9855198829134618,1650
57690,0.9729318734793188,1650
69204,0.9729318734793188,1650
41923,0.9855198829134618,1650
88243,0.9855198829134618,1650
1731,0.9605658709106984,1650
34079,0.8908624432603118,1650
110483,0.9855198829134618,1650
59054,0.9729318734793188,1650
104172,0.8263772954924875,1650
91695,0.8908624432603118,1650
73804,0.9855198829134618,1650
57266,0.9855198829134618,1650
95178,0.8403336748134055,1650
33650,0.9855198829134618,1650
21900,0.9855198829134618,1650
82486,0.9729318734793188,1650
9620,0.9855198829134618,1650
82758,0.9855198829134618,1650
50798,0.9534913353720693,1650
36802,0.9855198829134618,1650
52656,0.878755364806867,1650
15062,0.8908624432603118,1650
35318,0.9855198829134618,1650
15023,0.8908624432603118,1650
57371,0.9534913353720693,1650
46311,0.8908624432603118,1650
10429,0.7601626016260162,1650
93291,0.9729318734793188,1650
7444,0.8908624432603118,1650
62424,0.9294968363965049,1650
107154,0.9294968363965049,1650
76112,0.9294968363965049,1650
41765,0.9605658709106984,1650
5048,0.9294968363965049,1650
27907,0.9855198829134618,1650
62143,0.9855198829134618,1650
19603,0.9855198829134618,1650
26885,0.8908624432603118,1650
79155,0.9729318734793188,1650
71049,0.9294968363965049,1650
39471,0.8403336748134055,1650
70486,0.7601626016260162,1650
58427,0.9855198829134618,1650
97715,0.9855198829134618,1650
47005,0.9855198829134618,1650
28071,0.8263772954924875,1650
111796,0.9855198829134618,1650
17555,0.9605658709106984,1650
50743,0.9855198829134618,1650
29411,0.9534913353720693,1650
86593,0.7140039447731755,1650
25504,0.9605658709106984,1650
33595,0.9855198829134618,1650
61214,0.9534913353720693,1650
24534,0.9534913353720693,1650
76085,0.9421383647798742,1650
15333,0.6086956521739131,1650
14864,0.9855198829134618,1650
54869,0.9855198829134618,1650
103145,0.9855198829134618,1650
28023,0.8403336748134055,1650
75423,0.9855198829134618,1650
97280,0.9534913353720693,1650
32532,0.8403336748134055,1650
44463,0.9855198829134618,1650
62445,0.9855198829134618,1650
17159,0.8403336748134055,1650
93466,0.9855198829134618,1650
10126,0.9855198829134618,1650
13770,0.3236994219653179,1650
113502,0.9855198829134618,1650
86551,0.9294968363965049,1650
58869,0.9855198829134618,1650
83667,0.9534913353720693,1650
105679,0.8403336748134055,1650
28600,0.9534913353720693,1650
93277,0.9855198829134618,1650
15626,0.8403336748134055,1650
97021,0.9729318734793188,1650
20183,0.9294968363965049,1650
66837,0.5373831775700935,1650
96367,0.9534913353720693,1650
38862,0.9729318734793188,1650
4268,0.9855198829134618,1650
79450,0.9294968363965049,1650
93612,0.9855198829134618,1650
54768,0.9534913353720693,1650
92357,0.9855198829134618,1650
84352,0.9605658709106984,1650
91416,0.9729318734793188,1650
78207,0.9855198829134618,1650
21167,0.9328165374677002,1650
65862,0.8403336748134055,1650
4018,0.9729318734793188,1650
61171,0.8403336748134055,1650
112046,0.9855198829134618,1650
33774,0.9855198829134618,1650
112330,0.9605658709106984,1650
50889,0.9855198829134618,1650
20281,0.8908624432603118,1650
20684,0.7116402116402116,1650
18816,0.9729318734793188,1650
13443,0.9855198829134618,1650
66946,0.9855198829134618,1650
57621,0.8908624432603118,1650
72145,0.6086956521739131,1650
36067,0.9855198829134618,1650
96438,0.8403336748134055,1650
112166,0.9855198829134618,1650
90959,0.9605658709106984,1650
87633,1.0,1650
102551,0.9729318734793188,1650
8391,0.8403336748134055,1650
53113,0.8403336748134055,1650
40618,0.8403336748134055,1650
96053,0.9855198829134618,1650
76426,0.9855198829134618,1650
65517,0.8908624432603118,1650
84759,0.8403336748134055,1650
76751,0.8403336748134055,1650
34619,0.9855198829134618,1650
13320,0.878755364806867,1650
13795,0.9328165374677002,1650
61662,0.7140039447731755,1650
96667,0.9328165374677002,1650
33000,0.9729318734793188,1650
86240,0.9855198829134618,1650
3057,0.9729318734793188,1650
10526,0.9855198829134618,1650
88423,0.8403336748134055,1650
50455,0.6086956521739131,1650
97009,0.9855198829134618,1650
101476,0.9294968363965049,1650
19888,0.9855198829134618,1650
18863,0.8403336748134055,1650
92581,0.8908624432603118,1650
14510,0.9855198829134618,1650
31506,0.9855198829134618,1650
92908,0.9729318734793188,1650
96178,0.9855198829134618,1650
108526,0.9605658709106984,1650
94953,0.9855198829134618,1650
12514,0.8908624432603118,1650
67968,0.9855198829134618,1650
53016,0.9855198829134618,1650
61783,0.8908624432603118,1650
84857,0.9729318734793188,1650
47424,0.9855198829134618,1650
73538,0.9605658709106984,1650
56494,0.9855198829134618,1650
96825,0.9605658709106984,1650
30508,0.9729318734793188,1650
112045,0.9729318734793188,1650
107394,0.9855198829134618,1650
105643,0.9534913353720693,1650
113295,0.8263772954924875,1650
11755,0.8908624432603118,1650
47011,0.9855198829134618,1650
109956,0.9855198829134618,1650
31351,0.9729318734793188,1650
58736,0.9729318734793188,1650
35792,0.8607594936708861,1650
77346,0.9605658709106984,1650
37322,0.7601626016260162,1650
97214,0.9855198829134618,1650
98319,0.9729318734793188,1650
106224,0.9729318734793188,1650
99170,0.6086956521739131,1650
112783,0.9729318734793188,1650
40804,0.9855198829134618,1650
52403,0.9855198829134618,1650
108412,0.9729318734793188,1650
110556,0.9855198829134618,1650
76613,0.9855198829134618,1650
2077,0.9855198829134618,1650
58754,0.9855198829134618,1650
47373,0.9534913353720693,1650
72837,0.9855198829134618,1650
14953,0.9855198829134618,1650
44017,0.9855198829134618,1650
89372,0.9328165374677002,1650
40587,0.9855198829134618,1650
53899,0.9855198829134618,1650
32613,0.9534913353720693,1650
77152,0.9855198829134618,1650
53483,0.9855198829134618,1650
55691,0.9605658709106984,1650
73672,0.9328165374677002,1650
25687,0.9855198829134618,1650
105186,0.9855198829134618,1650
98579,0.9294968363965049,1650
92766,0.9328165374677002,1650
105709,0.9855198829134618,1650
77415,0.9605658709106984,1650
100125,0.9855198829134618,1650
36522,0.9294968363965049,1650
62009,0.9605658709106984,1650
84164,0.9605658709106984,1650
113308,0.9729318734793188,1650
7932,0.9729318734793188,1650
12399,0.9855198829134618,1650
2196,0.9855198829134618,1650
95426,0.9534913353720693,1650
104367,0.9855198829134618,1650
34590,0.9605658709106984,1650
113191,0.9855198829134618,1650
93945,0.9855198829134618,1650
30504,0.9729318734793188,1650
26765,0.8403336748134055,1650
79951,0.9328165374677002,1650
65856,0.9605658709106984,1650
53721,0.9328165374677002,1650
43363,0.9605658709106984,1650
56478,0.9855198829134618,1650
68384,0.9855198829134618,1650
35445,0.8403336748134055,1650
80476,0.9855198829134618,1650
974,0.9534913353720693,1650
90923,0.9855198829134618,1650
70853,0.9855198829134618,1650
102298,0.9855198829134618,1650
58364,0.9729318734793188,1650
94393,0.9855198829134618,1650
100428,0.8403336748134055,1650
24393,0.9855198829134618,1650
73272,0.9855198829134618,1650
113837,0.9729318734793188,1650
47015,0.9729318734793188,1650
43387,0.9855198829134618,1650
15653,0.9855198829134618,1650
14210,0.468,1650
99795,0.9855198829134618,1650
108949,0.72,1650
84631,0.9534913353720693,1650
80251,0.8403336748134055,1650
50043,0.9605658709106984,1650
90257,0.9855198829134618,1650
112933,0.9855198829134618,1650
86130,0.9855198829134618,1650
52668,0.9328165374677002,1650
113251,0.9855198829134618,1650
49021,0.9294968363965049,1650
96879,0.9855198829134618,1650
68689,0.9855198829134618,1650
10013,0.9855198829134618,1650
4405,0.9605658709106984,1650
31854,0.9605658709106984,1650
81683,0.9855198829134618,1650
40627,0.8403336748134055,1650
63144,0.9855198829134618,1650
112302,0.6086956521739131,1650
85905,0.9605658709106984,1650
99298,0.8263772954924875,1650
91887,0.9328165374677002,1650
95722,0.8908624432603118,1650
9562,0.9855198829134618,1650
7849,0.8263772954924875,1650
78653,0.8403336748134055,1650
6814,0.9855198829134618,1650
33284,0.9855198829134618,1650
64145,0.8908624432603118,1650
25160,0.9855198829134618,1650
74738,0.9729318734793188,1650
42358,0.9855198829134618,1650
52833,0.9534913353720693,1650
103473,0.9855198829134618,1650
101919,0.9605658709106984,1650
24696,0.8908624432603118,1650
30741,0.9855198829134618,1650
65919,0.9729318734793188,1650
42350,0.9729318734793188,1650
76070,0.9855198829134618,1650
87393,0.9729318734793188,1650
63915,0.9605658709106984,1650
40170,0.9421383647798742,1650
73777,0.9855198829134618,1650
44735,0.8908624432603118,1650
52755,0.9534913353720693,1650
103021,0.8607594936708861,1650
87925,0.9855198829134618,1650
88226,0.9729318734793188,1650
111932,0.9605658709106984,1650
65629,0.9855198829134618,1650
111606,0.9855198829134618,1650
34492,0.9328165374677002,1650
46521,0.8403336748134055,1650
49628,0.8908624432603118,1650
107531,0.9855198829134618,1650
39961,0.9294968363965049,1650
1918,0.9328165374677002,1650
77312,0.9855198829134618,1650
66877,0.8908624432603118,1650
46999,0.9855198829134618,1650
54729,0.9855198829134618,1650
87150,0.9855198829134618,1650
97927,0.8908624432603118,1650
12903,0.9855198829134618,1650
48577,0.9855198829134618,1650
86530,0.8403336748134055,1650
57980,0.8607594936708861,1650
11918,0.8908624432603118,1650
66509,0.9855198829134618,1650
72779,0.9855198829134618,1650
47520,0.9855198829134618,1650
99939,0.9855198829134618,1650
65040,0.9855198829134618,1650
59250,0.9855198829134618,1650
8610,0.8403336748134055,1650
100233,0.9855198829134618,1650
40379,0.9855198829134618,1650
26522,0.9855198829134618,1650
50805,0.9729318734793188,1650
6382,0.9855198829134618,1650
48033,0.9534913353720693,1650
98054,0.9729318734793188,1650
73332,0.8908624432603118,1650
17240,0.7140039447731755,1650
55292,0.5373831775700935,1650
5470,0.878755364806867,1650
88700,0.9855198829134618,1650
110940,0.9729318734793188,1650
70978,0.3236994219653179,1650
106450,0.9855198829134618,1650
67825,0.878755364806867,1650
38591,0.9605658709106984,1650
25710,0.9328165374677002,1650
105050,0.9729318734793188,1650
14898,0.9605658709106984,1650
3268,0.9294968363965049,1650
71450,0.9855198829134618,1650
66901,0.9328165374677002,1650
5317,0.8403336748134055,1650
8430,0.9294968363965049,1650
66743,0.8403336748134055,1650
104844,0.9855198829134618,1650
50981,0.8403336748134055,1650
1112,0.5373831775700935,1650
13279,0.9294968363965049,1650
107833,0.9534913353720693,1650
105625,0.9328165374677002,1650
111552,0.9855198829134618,1650
6458,0.9855198829134618,1650
86818,0.9328165374677002,1650
107697,0.6086956521739131,1650
57099,0.9855198829134618,1650
19857,0.9729318734793188,1650
6161,0.9421383647798742,1650
10432,0.9855198829134618,1650
65018,0.9534913353720693,1650
4343,0.9534913353720693,1650
110985,0.9855198829134618,1650
83887,0.9855198829134618,1650
79381,0.9855198829134618,1650
81550,0.9855198829134618,1650
78388,0.9729318734793188,1650
82047,0.9729318734793188,1650
100021,0.9294968363965049,1650
82589,0.9855198829134618,1650
57296,0.9294968363965049,1650
71392,0.9855198829134618,1650
45592,0.9855198829134618,1650
9425,0.9855198829134618,1650
49331,0.8403336748134055,1650
54739,0.9729318734793188,1650
7180,0.9729318734793188,1650
34357,0.9328165374677002,1650
80315,0.9855198829134618,1650
20752,0.8908624432603118,1650
80113,0.9855198829134618,1650
9725,0.9534913353720693,1650
73766,0.9605658709106984,1650
36917,0.9855198829134618,1650
111252,0.9855198829134618,1650
96462,0.8263772954924875,1650
2021,0.9421383647798742,1650
80367,0.9855198829134618,1650
6052,0.9855198829134618,1650
101803,0.6086956521739131,1650
52359,0.9855198829134618,1650
59899,0.8908624432603118,1650
46340,0.9855198829134618,1650
105240,0.9855198829134618,1650
67684,0.9729318734793188,1650
60327,0.9855198829134618,1650
81604,0.9605658709106984,1650
51507,0.9534913353720693,1650
96165,0.9729318734793188,1650
100204,0.8403336748134055,1650
39098,0.9328165374677002,1650
12818,0.9605658709106984,1650
89374,0.8403336748134055,1650
90268,0.9605658709106984,1650
22825,0.9534913353720693,1650
39359,0.9729318734793188,1650
96348,0.9605658709106984,1650
74185,0.9534913353720693,1650
8672,0.9855198829134618,1650
25053,0.9534913353720693,1650
57276,0.8403336748134055,1650
58904,0.8403336748134055,1650
53245,0.8403336748134055,1650
64938,0.9294968363965049,1650
91369,0.9855198829134618,1650
47369,0.9855198829134618,1650
57878,0.9855198829134618,1650
29746,0.9855198829134618,1650
87692,0.9729318734793188,1650
63216,0.9855198829134618,1650
67900,0.8403336748134055,1650
74036,0.9855198829134618,1650
69175,0.14285714285714285,1650
42376,0.9729318734793188,1650
42364,0.9294968363965049,1650
29119,0.9855198829134618,1650
89310,0.878755364806867,1650
100291,0.9294968363965049,1650
85002,0.8263772954924875,1650
83893,0.8908624432603118,1650
50608,0.9855198829134618,1650
9331,0.9855198829134618,1650
103270,0.5784313725490197,1650
84276,0.9855198829134618,1650
50962,0.9855198829134618,1650
55848,0.9605658709106984,1650
84876,0.9855198829134618,1650
24025,0.9294968363965049,1650
92603,0.9605658709106984,1650
8369,0.9855198829134618,1650
100394,0.9729318734793188,1650
89964,0.9855198829134618,1650
73321,0.9729318734793188,1650
61875,0.7601626016260162,1650
87549,0.8403336748134055,1650
97821,0.8403336748134055,1650
19807,0.9328165374677002,1650
53976,0.9855198829134618,1650
88447,0.9855198829134618,1650
23281,0.9605658709106984,1650
1117,0.8908624432603118,1650
57793,0.9855198829134618,1650
77402,0.9605658709106984,1650
15862,0.7601626016260162,1650
14876,0.8403336748134055,1650
5552,0.9729318734793188,1650
38874,0.7140039447731755,1650
43714,0.9421383647798742,1650
99977,0.9855198829134618,1650
25172,0.9729318734793188,1650
48301,0.9729318734793188,1650
71336,0.9855198829134618,1650
31794,0.9605658709106984,1650
76089,0.468,1650
101696,0.8403336748134055,1650
75975,0.9855198829134618,1650
28603,0.9855198829134618,1650
36870,0.9729318734793188,1650
61832,0.8403336748134055,1650
31869,0.9855198829134618,1650
102848,0.9855198829134618,1650
106402,0.9605658709106984,1650
33233,0.9855198829134618,1650
26478,0.9534913353720693,1650
87691,0.9855198829134618,1650
82001,0.9855198829134618,1650
88322,0.9855198829134618,1650
92786,0.9729318734793188,1650
1666,0.9855198829134618,1650
15226,0.9855198829134618,1650
101001,0.9855198829134618,1650
85988,0.878755364806867,1650
27229,0.8403336748134055,1650
58143,0.9855198829134618,1650
72430,0.9534913353720693,1650
10697,0.9855198829134618,1650
94032,0.9855198829134618,1650
13607,0.468,1650
55203,0.9729318734793188,1650
16811,0.9855198829134618,1650
53860,0.9855198829134618,1650
100857,0.9729318734793188,1650
42397,0.6086956521739131,1650
109761,0.9855198829134618,1650
7187,0.9605658709106984,1650
53828,0.8908624432603118,1650
101700,0.9855198829134618,1650
60334,0.8908624432603118,1650
111558,0.8403336748134055,1650
70089,0.8908624432603118,1650
86624,0.9534913353720693,1650
58774,0.9729318734793188,1650
81262,0.9328165374677002,1650
103567,0.9534913353720693,1650
19776,0.9605658709106984,1650
79891,0.9855198829134618,1650
43752,0.5373831775700935,1650
13071,0.9855198829134618,1650
86306,0.9605658709106984,1650
52028,0.9855198829134618,1650
55536,0.9534913353720693,1650
23258,0.9855198829134618,1650
80803,0.9855198829134618,1650
76638,0.9534913353720693,1650
82192,0.9855198829134618,1650
84158,0.9729318734793188,1650
95412,0.9855198829134618,1650
110596,0.9855198829134618,1650
19898,0.9605658709106984,1650
49433,0.8908624432603118,1650
108375,0.9855198829134618,1650
32806,0.9855198829134618,1650
56550,0.9605658709106984,1650
47858,0.9729318734793188,1650
42843,0.878755364806867,1650
4137,0.9328165374677002,1650
88526,0.8908624432603118,1650
71198,0.8908624432603118,1650
36525,0.9855198829134618,1650
88242,0.9534913353720693,1650
65867,0.9855198829134618,1650
62886,0.9729318734793188,1650
40181,0.8403336748134055,1650
6946,0.9605658709106984,1650
5219,0.9855198829134618,1650
86132,0.878755364806867,1650
36105,0.9328165374677002,1650
34093,0.468,1650
50960,0.9855198829134618,1650
20479,0.9855198829134618,1650
80643,0.9855198829134618,1650
40818,0.8263772954924875,1650
13361,0.9855198829134618,1650
24206,0.9729318734793188,1650
44847,0.9855198829134618,1650
98865,0.9855198829134618,1650
51207,0.9855198829134618,1650
81538,0.9729318734793188,1650
14049,0.9729318734793188,1650
4208,0.9855198829134618,1650
27707,0.9605658709106984,1650
46121,0.9855198829134618,1650
100443,0.8263772954924875,1650
32183,0.9294968363965049,1650
103789,0.9855198829134618,1650
33968,0.9855198829134618,1650
57964,0.8403336748134055,1650
102344,0.9729318734793188,1650
11856,0.9605658709106984,1650
110085,0.9294968363965049,1650
90772,0.9855198829134618,1650
70943,0.9729318734793188,1650
47631,0.468,1650
77550,0.9855198829134618,1650
52308,0.8403336748134055,1650
97970,0.9605658709106984,1650
74911,0.9855198829134618,1650
108559,0.9855198829134618,1650
107755,0.9729318734793188,1650
40334,0.9855198829134618,1650
103780,0.8908624432603118,1650
29979,0.9855198829134618,1650
36847,0.9855198829134618,1650
86871,0.9855198829134618,1650
44725,0.9534913353720693,1650
44694,0.9729318734793188,1650
3332,0.9729318734793188,1650
110713,0.9534913353720693,1650
61952,0.9729318734793188,1650
27181,0.8908624432603118,1650
4793,0.9294968363965049,1650
86599,0.9605658709106984,1650
70213,0.9855198829134618,1650
77489,0.9855198829134618,1650
18556,0.9855198829134618,1650
68550,0.9294968363965049,1650
73889,0.9534913353720693,1650
47599,0.9729318734793188,1650
52914,0.9605658709106984,1650
76723,0.9605658709106984,1650
40399,0.8403336748134055,1650
33351,0.9855198829134618,1650
47156,0.9855198829134618,1650
44317,0.9855198829134618,1650
73039,0.8403336748134055,1650
51483,0.9855198829134618,1650
112551,0.9855198829134618,1650
94578,0.8908624432603118,1650
29704,0.9534913353720693,1650
12053,0.9855198829134618,1650
7715,0.9855198829134618,1650
57807,0.8403336748134055,1650
14391,0.9855198829134618,1650
7800,0.5986622073578596,1650
41024,0.9855198829134618,1650
86196,0.9729318734793188,1650
78973,0.9855198829134618,1650
101242,0.9534913353720693,1650
5912,0.9855198829134618,1650
28777,0.9534913353720693,1650
87283,0.9729318734793188,1650
26019,0.9729318734793188,1650
32670,0.9421383647798742,1650
94612,0.9855198829134618,1650
16295,0.9855198829134618,1650
61236,0.9534913353720693,1650
54210,0.9855198829134618,1650
102442,0.9855198829134618,1650
96034,0.9855198829134618,1650
34637,0.9534913353720693,1650
30638,0.9294968363965049,1650
112415,0.9729318734793188,1650
79982,0.9729318734793188,1650
57195,0.9855198829134618,1650
49999,0.9534913353720693,1650
74414,0.9855198829134618,1650
40705,0.9729318734793188,1650
35502,0.8403336748134055,1650
7317,0.9534913353720693,1650
82644,0.9047619047619048,1650
90073,0.9605658709106984,1650
93647,0.9855198829134618,1650
31017,0.8403336748134055,1650
100277,0.8403336748134055,1650
71102,0.9855198829134618,1650
90922,0.9729318734793188,1650
1938,0.9729318734793188,1650
79445,0.9855198829134618,1650
86553,0.9855198829134618,1650
111922,0.9855198829134618,1650
22732,0.9855198829134618,1650
95226,0.9855198829134618,1650
17036,0.9605658709106984,1650
40573,0.8908624432603118,1650
100759,0.9855198829134618,1650
41446,0.8403336748134055,1650
30953,0.9855198829134618,1650
92905,0.9328165374677002,1650
51306,0.878755364806867,1650
15944,0.8908624432603118,1650
101164,0.9605658709106984,1650
92516,0.9328165374677002,1650
44140,0.9729318734793188,1650
104012,0.8403336748134055,1650
68996,0.9855198829134618,1650
102040,0.9855198829134618,1650
79013,0.7140039447731755,1650
5226,0.9855198829134618,1650
25085,0.9729318734793188,1650
6307,0.8461538461538461,1650
77947,0.9855198829134618,1650
112897,0.9294968363965049,1650
93460,0.9855198829134618,1650
11577,0.9534913353720693,1650
12517,0.9855198829134618,1650
54241,0.8908624432603118,1650
10316,0.9855198829134618,1650
7647,0.9534913353720693,1650
23660,0.9855198829134618,1650
60157,0.9855198829134618,1650
97496,0.9855198829134618,1650
105425,0.8908624432603118,1650
97791,0.8908624432603118,1650
109290,0.9855198829134618,1650
45574,0.9534913353720693,1650
106212,0.7116402116402116,1650
98138,0.9729318734793188,1650
43152,0.9729318734793188,1650
94756,0.9855198829134618,1650
70252,0.9855198829134618,1650
21429,0.9855198829134618,1650
40083,0.8403336748134055,1650
9415,0.9855198829134618,1650
72564,0.9294968363965049,1650
30729,0.9855198829134618,1650
98394,0.9855198829134618,1650
48429,0.9855198829134618,1650
31050,0.9534913353720693,1650
35379,0.8908624432603118,1650
78200,0.9855198829134618,1650
59894,0.9855198829134618,1650
112146,0.9294968363965049,1650
26962,0.9729318734793188,1650
34834,0.9855198829134618,1650
71333,0.9855198829134618,1650
108712,0.9855198829134618,1650
59498,0.8403336748134055,1650
103597,0.9855198829134618,1650
94266,0.8908624432603118,1650
41594,0.9855198829134618,1650
98384,0.9855198829134618,1650
103126,0.9729318734793188,1650
64349,0.8403336748134055,1650
10691,0.878755364806867,1650
96005,0.9855198829134618,1650
85381,0.8908624432603118,1650
102724,0.9855198829134618,1650
94462,0.9855198829134618,1650
8089,0.8403336748134055,1650
98624,0.9855198829134618,1650
73388,0.9855198829134618,1650
14177,0.9855198829134618,1650
82974,0.9729318734793188,1650
57366,0.9534913353720693,1650
76130,0.9855198829134618,1650
111988,0.9294968363965049,1650
84796,0.9855198829134618,1650
52528,0.9729318734793188,1650
73702,0.9729318734793188,1650
12236,0.9534913353720693,1650
98560,0.9729318734793188,1650
28006,0.9855198829134618,1650
36043,0.8403336748134055,1650
85369,0.8403336748134055,1650
79510,0.9855198829134618,1650
47730,0.9855198829134618,1650
57406,0.8403336748134055,1650
19326,0.8908624432603118,1650
100991,0.9855198829134618,1650
43598,0.8403336748134055,1650
107296,0.9855198829134618,1650
71257,0.9855198829134618,1650
79436,0.9855198829134618,1650
87874,0.9855198829134618,1650
91532,0.9855198829134618,1650
3525,0.8403336748134055,1650
81268,0.8403336748134055,1650
45344,0.9534913353720693,1650
38244,0.9605658709106984,1650
18174,0.9855198829134618,1650
4021,0.8908624432603118,1650
86635,0.9855198829134618,1650
74637,0.8607594936708861,1650
11015,0.9855198829134618,1650
94281,0.9855198829134618,1650
25042,0.9534913353720693,1650
53767,0.8263772954924875,1650
58842,0.9855198829134618,1650
61953,0.9855198829134618,1650
87690,0.9855198829134618,1650
10361,0.9855198829134618,1650
46978,0.9855198829134618,1650
13031,0.9855198829134618,1650
71324,0.9855198829134618,1650
2658,0.9855198829134618,1650
94984,0.9855198829134618,1650
68910,0.9605658709106984,1650
33673,0.8908624432603118,1650
42233,0.9605658709106984,1650
57403,0.9855198829134618,1650
97888,0.9855198829134618,1650
87467,0.8403336748134055,1650
53084,0.9855198829134618,1650
33170,0.7140039447731755,1650
80636,0.9855198829134618,1650
3917,0.9855198829134618,1650
111693,0.7140039447731755,1650
33939,0.9605658709106984,1650
64017,0.878755364806867,1650
111658,0.8403336748134055,1650
10194,0.6086956521739131,1650
26636,0.9855198829134618,1650
30091,0.9855198829134618,1650
14227,0.9855198829134618,1650
89077,0.9855198829134618,1650
89179,0.9855198829134618,1650
58514,0.9855198829134618,1650
592,0.9729318734793188,1650
15073,0.9605658709106984,1650
70100,0.9855198829134618,1650
70581,0.9855198829134618,1650
33741,0.9729318734793188,1650
852,0.9855198829134618,1650
72535,0.9855198829134618,1650
5563,0.8908624432603118,1650
38129,0.9855198829134618,1650
27850,0.9855198829134618,1650
89692,0.9855198829134618,1650
34756,0.9855198829134618,1650
111692,0.9855198829134618,1650
62774,0.8908624432603118,1650
17061,0.8607594936708861,1650
69425,0.3236994219653179,1650
73392,0.9855198829134618,1650
36284,0.9534913353720693,1650
104324,0.9729318734793188,1650
7205,0.9855198829134618,1650
11544,0.9855198829134618,1650
61035,0.9729318734793188,1650
12260,0.8403336748134055,1650
42544,0.9534913353720693,1650
13359,0.9855198829134618,1650
549,0.9729318734793188,1650
95406,0.9729318734793188,1650
89800,0.9605658709106984,1650
51903,0.8403336748134055,1650
54571,0.9855198829134618,1650
50133,0.9855198829134618,1650
83896,0.9855198829134618,1650
43829,0.8403336748134055,1650
102102,0.8403336748134055,1650
30329,0.8403336748134055,1650
10166,0.9855198829134618,1650
79415,0.9855198829134618,1650
44022,0.9534913353720693,1650
1600,0.9729318734793188,1650
70920,0.9294968363965049,1650
51208,0.9294968363965049,1650
57546,0.9855198829134618,1650
30052,0.9855198829134618,1650
54393,0.9534913353720693,1650
72658,0.9729318734793188,1650
91694,0.9729318734793188,1650
1914,0.9855198829134618,1650
101452,0.9534913353720693,1650
38994,0.8403336748134055,1650
71675,0.9855198829134618,1650
48279,0.9729318734793188,1650
90818,0.9855198829134618,1650
5283,0.9855198829134618,1650
41461,0.9729318734793188,1650
103216,0.9855198829134618,1650
7051,0.8908624432603118,1650
4809,0.9729318734793188,1650
26872,0.9855198829134618,1650
94908,0.9855198829134618,1650
11923,0.9729318734793188,1650
92961,0.8908624432603118,1650
30845,0.8403336748134055,1650
100003,0.8403336748134055,1650
111171,0.9855198829134618,1650
94390,0.9855198829134618,1650
47550,0.9729318734793188,1650
61303,0.9328165374677002,1650
34741,0.9605658709106984,1650
9521,0.9855198829134618,1650
48170,0.9605658709106984,1650
21287,0.9855198829134618,1650
3017,0.9534913353720693,1650
95067,0.8403336748134055,1650
33631,0.9855198829134618,1650
107765,0.9294968363965049,1650
10590,0.9605658709106984,1650
89834,0.878755364806867,1650
31015,0.9294968363965049,1650
9839,0.9855198829134618,1650
32395,0.9534913353720693,1650
4556,0.9855198829134618,1650
53291,0.9855198829134618,1650
27298,0.9855198829134618,1650
22739,0.9855198829134618,1650
108719,0.9855198829134618,1650
65321,0.9855198829134618,1650
113978,0.9855198829134618,1650
92580,0.9534913353720693,1650
27841,0.9534913353720693,1650
110756,0.9729318734793188,1650
28392,0.9855198829134618,1650
110849,0.9855198829134618,1650
86845,0.8908624432603118,1650
24992,0.9855198829134618,1650
43536,0.8908624432603118,1650
24107,0.8403336748134055,1650
29034,0.9855198829134618,1650
72559,0.9855198829134618,1650
71077,0.8403336748134055,1650
55777,0.9729318734793188,1650
11148,0.8908624432603118,1650
16760,0.9729318734793188,1650
63106,0.7601626016260162,1650
31313,0.8263772954924875,1650
61563,0.9855198829134618,1650
45117,0.8403336748134055,1650
39336,0.9855198829134618,1650
19941,0.9534913353720693,1650
80839,0.9855198829134618,1650
68132,0.878755364806867,1650
91777,0.9855198829134618,1650
39209,0.8403336748134055,1650
87811,0.878755364806867,1650
39363,0.8403336748134055,1650
20717,0.9729318734793188,1650
28504,0.9855198829134618,1650
11089,0.9294968363965049,1650
86366,0.9294968363965049,1650
5343,0.9855198829134618,1650
3446,0.8403336748134055,1650
33766,0.9534913353720693,1650
59311,0.9855198829134618,1650
15868,0.6086956521739131,1650
70010,0.9855198829134618,1650
69629,0.9855198829134618,1650
97500,0.8908624432603118,1650
39487,0.9855198829134618,1650
46452,0.5373831775700935,1650
44005,0.8403336748134055,1650
1766,0.9855198829134618,1650
110924,0.8403336748134055,1650
80540,0.9855198829134618,1650
45497,0.9605658709106984,1650
7120,0.8403336748134055,1650
9668,0.9729318734793188,1650
78728,0.9855198829134618,1650
3067,0.8403336748134055,1650
75875,0.9855198829134618,1650
52925,0.9855198829134618,1650
104778,0.9294968363965049,1650
12665,0.9855198829134618,1650
47734,0.9729318734793188,1650
21036,0.9729318734793188,1650
104615,0.9855198829134618,1650
9258,0.9534913353720693,1650
6129,0.9855198829134618,1650
18548,0.9421383647798742,1650
105832,0.9729318734793188,1650
39272,0.9534913353720693,1650
491,0.9855198829134618,1650
78830,0.9855198829134618,1650
112738,0.8403336748134055,1650
39713,0.9328165374677002,1650
43277,0.8403336748134055,1650
2303,0.9534913353720693,1650
29828,0.9855198829134618,1650
12883,0.9855198829134618,1650
91933,0.9729318734793188,1650
68371,0.8607594936708861,1650
19242,0.9855198829134618,1650
18525,0.9855198829134618,1650
33503,0.9729318734793188,1650
100511,0.5986622073578596,1650
97284,0.9729318734793188,1650
75815,0.9855198829134618,1650
78780,0.9855198829134618,1650
26017,0.9855198829134618,1650
74977,0.7116402116402116,1650
66873,0.8403336748134055,1650
47470,0.9328165374677002,1650
51812,0.9855198829134618,1650
67359,0.9294968363965049,1650
5239,0.9855198829134618,1650
41576,0.9855198829134618,1650
42919,0.8908624432603118,1650
105237,0.9729318734793188,1650
42482,0.9855198829134618,1650
84255,0.9855198829134618,1650
31793,0.9855198829134618,1650
109132,0.9855198829134618,1650
44742,0.9855198829134618,1650
37000,0.9855198829134618,1650
8205,0.9729318734793188,1650
58890,0.9294968363965049,1650
15248,0.9729318734793188,1650
97926,0.8908624432603118,1650
51427,0.9855198829134618,1650
41818,0.9855198829134618,1650
44852,0.9605658709106984,1650
7075,0.9855198829134618,1650
32223,0.9729318734793188,1650
107884,0.9605658709106984,1650
85917,0.9534913353720693,1650
99302,0.6086956521739131,1650
64342,0.9855198829134618,1650
36833,0.9855198829134618,1650
15376,0.9534913353720693,1650
15637,0.9855198829134618,1650
39391,0.9855198829134618,1650
34933,0.9729318734793188,1650
80028,0.9855198829134618,1650
56863,0.9855198829134618,1650
93445,0.9855198829134618,1650
89402,0.9729318734793188,1650
110707,0.9855198829134618,1650
31953,0.8908624432603118,1650
109375,0.9534913353720693,1650
34235,0.7140039447731755,1650
23385,0.9729318734793188,1650
105281,0.9855198829134618,1650
67950,0.8263772954924875,1650
63656,0.9855198829134618,1650
22676,0.9328165374677002,1650
11852,0.8403336748134055,1650
92697,0.9855198829134618,1650
45429,0.9855198829134618,1650
49981,0.8908624432603118,1650
25516,0.9855198829134618,1650
7263,0.9855198829134618,1650
53472,0.9855198829134618,1650
38172,0.9534913353720693,1650
30307,0.8263772954924875,1650
71346,0.9855198829134618,1650
10340,0.9729318734793188,1650
4419,0.878755364806867,1650
75867,0.9855198829134618,1650
28656,0.9855198829134618,1650
9820,0.9605658709106984,1650
112024,0.9855198829134618,1650
103976,0.9421383647798742,1650
92757,0.9855198829134618,1650
30760,0.6086956521739131,1650
55604,0.9855198829134618,1650
64339,0.9729318734793188,1650
51323,0.9605658709106984,1650
2443,0.9855198829134618,1650
102005,0.9421383647798742,1650
790,0.9729318734793188,1650
68673,0.9855198829134618,1650
68484,0.9534913353720693,1650
2994,0.9855198829134618,1650
95902,0.9855198829134618,1650
17879,0.8908624432603118,1650
10030,0.9855198829134618,1650
65675,0.9855198829134618,1650
80256,0.9605658709106984,1650
36310,0.9855198829134618,1650
3727,0.9534913353720693,1650
41888,0.8263772954924875,1650
72017,0.8403336748134055,1650
87208,0.9855198829134618,1650
13140,0.9855198829134618,1650
30171,0.9855198829134618,1650
69919,0.8908624432603118,1650
77850,0.8908624432603118,1650
54398,0.9855198829134618,1650
62613,0.8908624432603118,1650
74888,0.9855198829134618,1650
37528,0.8263772954924875,1650
30885,0.9729318734793188,1650
112607,0.8908624432603118,1650
57285,0.9855198829134618,1650
340,0.8263772954924875,1650
86581,0.9534913353720693,1650
96644,0.8403336748134055,1650
87810,0.9855198829134618,1650
102267,0.8403336748134055,1650
28883,0.7116402116402116,1650
87775,0.9534913353720693,1650
32735,0.9855198829134618,1650
103341,0.9855198829134618,1650
32949,0.8403336748134055,1650
45681,0.8403336748134055,1650
31765,0.9605658709106984,1650
6409,0.9328165374677002,1650
68751,0.9729318734793188,1650
92600,0.9534913353720693,1650
78941,0.9855198829134618,1650
3594,0.9855198829134618,1650
75749,0.9855198829134618,1650
56835,0.9534913353720693,1650
109134,0.9534913353720693,1650
25951,0.9855198829134618,1650
5128,0.9855198829134618,1650
100278,0.9855198829134618,1650
48488,0.9729318734793188,1650
106063,0.9294968363965049,1650
50183,0.9855198829134618,1650
77697,0.9534913353720693,1650
69963,0.9855198829134618,1650
46646,0.9855198829134618,1650
90217,0.8607594936708861,1650
95229,0.9729318734793188,1650
95416,0.9855198829134618,1650
33593,0.8263772954924875,1650
46431,0.9534913353720693,1650
63130,0.9855198829134618,1650
71907,0.9294968363965049,1650
49106,0.9729318734793188,1650
4461,0.8908624432603118,1650
44671,0.7140039447731755,1650
28661,0.8908624432603118,1650
75818,0.9328165374677002,1650
3107,0.9729318734793188,1650
15583,0.8908624432603118,1650
47288,0.9855198829134618,1650
88023,0.9729318734793188,1650
71442,0.9855198829134618,1650
25256,0.9855198829134618,1650
50781,0.8908624432603118,1650
81070,0.9328165374677002,1650
90840,0.9855198829134618,1650
29214,0.7601626016260162,1650
3738,0.9855198829134618,1650
65738,0.9534913353720693,1650
109241,0.9729318734793188,1650
61088,0.9729318734793188,1650
83115,0.9729318734793188,1650
13676,0.9534913353720693,1650
95689,0.8403336748134055,1650
87373,0.9729318734793188,1650
7662,0.9855198829134618,1650
21658,0.5373831775700935,1650
42842,0.9855198829134618,1650
110946,0.9855198829134618,1650
65664,0.9421383647798742,1650
33561,0.9855198829134618,1650
33105,0.9729318734793188,1650
82363,0.9855198829134618,1650
32716,0.8403336748134055,1650
28298,0.9421383647798742,1650
986,0.9855198829134618,1650
24421,0.8403336748134055,1650
86083,0.9855198829134618,1650
43701,0.9855198829134618,1650
10229,0.9729318734793188,1650
20694,0.9855198829134618,1650
59645,0.8403336748134055,1650
87207,0.9047619047619048,1650
83061,0.9855198829134618,1650
55865,0.9855198829134618,1650
21615,0.9534913353720693,1650
59483,0.9855198829134618,1650
89994,0.9534913353720693,1650
77455,0.9534913353720693,1650
96980,0.9605658709106984,1650
81868,0.9855198829134618,1650
107542,0.878755364806867,1650
111800,0.9729318734793188,1650
82285,0.9729318734793188,1650
72246,0.9855198829134618,1650
98090,0.9855198829134618,1650
45446,0.8908624432603118,1650
26134,0.9605658709106984,1650
64709,0.9729318734793188,1650
55731,0.8403336748134055,1650
23556,0.9855198829134618,1650
95873,0.8403336748134055,1650
110691,0.9605658709106984,1650
50141,0.9855198829134618,1650
94853,0.9534913353720693,1650
70551,0.8908624432603118,1650
48660,0.9421383647798742,1650
83276,0.9729318734793188,1650
76214,0.9294968363965049,1650
107022,0.8403336748134055,1650
35608,0.9855198829134618,1650
53267,0.9729318734793188,1650
64462,0.9855198829134618,1650
81907,0.9855198829134618,1650
88182,0.9729318734793188,1650
87827,0.9534913353720693,1650
60345,0.9855198829134618,1650
104975,0.9729318734793188,1650
1345,0.8908624432603118,1650
73886,0.9729318734793188,1650
27055,0.7116402116402116,1650
69207,0.8403336748134055,1650
7087,0.9729318734793188,1650
2827,0.9605658709106984,1650
39346,0.9855198829134618,1650
53674,0.9855198829134618,1650
13553,0.8403336748134055,1650
78022,0.9534913353720693,1650
59050,0.9855198829134618,1650
98368,0.9729318734793188,1650
26769,0.9855198829134618,1650
106836,0.9605658709106984,1650
69702,0.9855198829134618,1650
108739,0.9855198829134618,1650
468,0.8403336748134055,1650
73058,0.9605658709106984,1650
99028,0.9605658709106984,1650
60790,0.9855198829134618,1650
73638,0.7116402116402116,1650
39640,0.9855198829134618,1650
88387,0.9855198829134618,1650
65853,0.9855198829134618,1650
99700,0.9855198829134618,1650
38307,0.8403336748134055,1650
20700,0.878755364806867,1650
86888,0.8908624432603118,1650
87065,0.5986622073578596,1650
35723,0.9534913353720693,1650
105760,0.8908624432603118,1650
50848,0.9855198829134618,1650
23322,0.9328165374677002,1650
36451,0.9534913353720693,1650
65583,0.9729318734793188,1650
80549,0.9729318734793188,1650
48617,0.8908624432603118,1650
8768,0.9605658709106984,1650
65602,0.9729318734793188,1650
104334,0.9729318734793188,1650
40282,0.8908624432603118,1650
16377,0.9855198829134618,1650
99789,0.9855198829134618,1650
74756,0.9855198829134618,1650
62213,0.9534913353720693,1650
107111,0.9855198829134618,1650
45114,0.9729318734793188,1650
58826,0.9855198829134618,1650
4972,0.9855198829134618,1650
45717,0.9605658709106984,1650
49416,0.7116402116402116,1650
93790,0.9605658709106984,1650
39497,0.9855198829134618,1650
63570,0.9534913353720693,1650
111227,0.9729318734793188,1650
8741,0.8403336748134055,1650
76314,0.9534913353720693,1650
112362,0.9855198829134618,1650
74483,0.9729318734793188,1650
12319,0.8908624432603118,1650
111052,0.9855198829134618,1650
77241,0.9855198829134618,1650
88779,0.9605658709106984,1650
23533,0.8263772954924875,1650
75985,0.7140039447731755,1650
1125,0.9534913353720693,1650
74368,0.9855198829134618,1650
110210,0.9855198829134618,1650
91236,0.7601626016260162,1650
71134,0.9855198829134618,1650
27031,0.9855198829134618,1650
99724,0.8403336748134055,1650
50049,0.8263772954924875,1650
42816,0.9605658709106984,1650
65883,0.9855198829134618,1650
77146,0.8403336748134055,1650
43702,0.9534913353720693,1650
58437,0.9855198829134618,1650
41018,0.9534913353720693,1650
79640,0.7601626016260162,1650
62859,0.5373831775700935,1650
53473,0.9855198829134618,1650
2284,0.8403336748134055,1650
73986,0.8403336748134055,1650
40769,0.9534913353720693,1650
102931,0.9855198829134618,1650
12521,0.5784313725490197,1650
113606,0.9855198829134618,1650
102636,0.9534913353720693,1650
92149,0.9855198829134618,1650
82091,0.9294968363965049,1650
2730,0.9855198829134618,1650
15140,0.9294968363965049,1650
14896,0.9534913353720693,1650
47934,0.9855198829134618,1650
31711,0.9855198829134618,1650
1821,0.8908624432603118,1650
85123,0.9729318734793188,1650
92411,0.9855198829134618,1650
25219,0.9855198829134618,1650
18181,0.9855198829134618,1650
97937,0.9855198829134618,1650
76885,0.9855198829134618,1650
104061,0.9605658709106984,1650
68082,0.9294968363965049,1650
33375,0.9534913353720693,1650
65251,0.9328165374677002,1650
46427,0.8607594936708861,1650
71735,0.7140039447731755,1650
41176,0.9534913353720693,1650
64328,0.878755364806867,1650
10105,0.9855198829134618,1650
1556,0.9855198829134618,1650
14445,0.9855198829134618,1650
47443,0.9729318734793188,1650
30907,0.9855198829134618,1650
56235,0.9534913353720693,1650
60723,0.9855198829134618,1650
19899,0.9855198829134618,1650
2925,0.9421383647798742,1650
104655,0.9855198829134618,1650
76574,0.9534913353720693,1650
78694,0.9855198829134618,1650
15067,0.9534913353720693,1650
32114,0.9855198829134618,1650
75681,0.8908624432603118,1650
69463,0.9729318734793188,1650
79393,0.8403336748134055,1650
38611,0.8908624432603118,1650
84082,0.9294968363965049,1650
25010,0.9855198829134618,1650
15618,0.5986622073578596,1650
2244,0.9855198829134618,1650
10090,0.9605658709106984,1650
102452,0.9729318734793188,1650
36358,0.9855198829134618,1650
52559,0.9294968363965049,1650
90161,0.9855198829134618,1650
102534,0.8263772954924875,1650
78139,0.9729318734793188,1650
106236,0.9855198829134618,1650
20501,0.8403336748134055,1650
68005,0.9729318734793188,1650
15437,0.9855198829134618,1650
46290,0.9855198829134618,1650
43668,0.9855198829134618,1650
35587,0.9855198829134618,1650
45157,0.9855198829134618,1650
26814,0.8607594936708861,1650
68993,0.9729318734793188,1650
17430,0.878755364806867,1650
95242,0.9855198829134618,1650
90584,0.9855198829134618,1650
14179,0.9855198829134618,1650
82304,0.9855198829134618,1650
83974,0.9729318734793188,1650
4756,0.878755364806867,1650
31822,0.7140039447731755,1650
44202,0.8908624432603118,1650
110303,0.9855198829134618,1650
70527,0.9855198829134618,1650
113857,0.9534913353720693,1650
60050,0.9534913353720693,1650
34513,0.9729318734793188,1650
63944,0.9534913353720693,1650
31950,0.9729318734793188,1650
40116,0.9855198829134618,1650
51564,0.9729318734793188,1650
9533,0.9729318734793188,1650
112457,0.9605658709106984,1650
113070,0.9855198829134618,1650
13490,0.9855198829134618,1650
14794,0.9855198829134618,1650
61611,0.9328165374677002,1650
51601,0.8403336748134055,1650
28731,0.9605658709106984,1650
26102,0.9421383647798742,1650
55842,0.9855198829134618,1650
3140,0.8908624432603118,1650
51086,0.9855198829134618,1650
12971,0.9729318734793188,1650
22085,0.9729318734793188,1650
57915,0.9855198829134618,1650
92485,0.9729318734793188,1650
26839,0.8908624432603118,1650
112963,0.9855198829134618,1650
110212,0.5986622073578596,1650
86590,0.9855198829134618,1650
64309,0.9605658709106984,1650
113441,0.9855198829134618,1650
47757,0.9729318734793188,1650
104117,0.8908624432603118,1650
84439,0.9855198829134618,1650
46318,0.9729318734793188,1650
62469,0.9855198829134618,1650
100308,0.9534913353720693,1650
25323,0.9855198829134618,1650
72834,0.8263772954924875,1650
67673,0.9855198829134618,1650
90122,0.8403336748134055,1650
110502,0.9855198829134618,1650
110177,0.9294968363965049,1650
83368,0.8908624432603118,1650
93822,0.9855198829134618,1650
33257,0.878755364806867,1650
83006,0.9605658709106984,1650
12600,0.9328165374677002,1650
20845,0.9855198829134618,1650
92168,0.9855198829134618,1650
23493,0.9729318734793188,1650
92143,0.9855198829134618,1650
4064,0.9855198829134618,1650
5299,0.8908624432603118,1650
93775,0.8403336748134055,1650
62649,0.9855198829134618,1650
57481,0.9855198829134618,1650
30568,0.9729318734793188,1650
7402,0.9855198829134618,1650
72278,0.9729318734793188,1650
83026,0.6086956521739131,1650
6319,0.9729318734793188,1650
33399,0.9855198829134618,1650
45777,0.9294968363965049,1650
68846,0.9605658709106984,1650
33044,0.9729318734793188,1650
42900,0.9855198829134618,1650
98668,0.9729318734793188,1650
81369,0.9534913353720693,1650
89252,0.9729318734793188,1650
83062,0.8263772954924875,1650
59072,0.9534913353720693,1650
110387,0.9855198829134618,1650
21344,0.9729318734793188,1650
42716,0.9855198829134618,1650
109967,0.9855198829134618,1650
31768,0.8908624432603118,1650
107703,0.9605658709106984,1650
59353,0.9855198829134618,1650
105046,0.8403336748134055,1650
65611,0.9855198829134618,1650
22744,0.8908624432603118,1650
103944,0.9294968363965049,1650
64093,0.9729318734793188,1650
23070,0.9855198829134618,1650
92195,0.9605658709106984,1650
7704,0.9855198829134618,1650
93097,0.9855198829134618,1650
2617,0.9729318734793188,1650
46546,0.8403336748134055,1650
82907,0.9855198829134618,1650
2768,0.9855198829134618,1650
100687,0.9855198829134618,1650
16959,0.9729318734793188,1650
92191,0.9855198829134618,1650
4707,0.9605658709106984,1650
21205,0.9855198829134618,1650
82659,0.9855198829134618,1650
90315,0.8403336748134055,1650
31158,0.9605658709106984,1650
99680,0.9855198829134618,1650
21369,0.9605658709106984,1650
17690,0.9534913353720693,1650
106497,0.9534913353720693,1650
110001,0.9605658709106984,1650
111497,0.9855198829134618,1650
99445,0.8403336748134055,1650
3194,0.9729318734793188,1650
37316,0.8403336748134055,1650
74010,0.9328165374677002,1650
107797,0.8908624432603118,1650
99989,0.9855198829134618,1650
100677,0.9855198829134618,1650
64984,0.8403336748134055,1650
84441,0.8908624432603118,1650
64696,0.9534913353720693,1650
111420,0.8607594936708861,1650
39441,0.9855198829134618,1650
90060,0.9855198829134618,1650
79881,0.9534913353720693,1650
37362,0.9855198829134618,1650
113470,0.9855198829134618,1650
97884,0.9729318734793188,1650
26471,0.9328165374677002,1650
100433,0.8403336748134055,1650
101147,0.9855198829134618,1650
90204,0.6086956521739131,1650
88978,0.8403336748134055,1650
41197,0.8403336748134055,1650
20336,0.9729318734793188,1650
66506,0.9855198829134618,1650
40993,0.8263772954924875,1650
75144,0.9855198829134618,1650
68023,0.9605658709106984,1650
24184,0.9534913353720693,1650
79701,0.9605658709106984,1650
36524,0.9729318734793188,1650
44833,0.9729318734793188,1650
103386,0.9855198829134618,1650
91357,0.9729318734793188,1650
102137,0.9534913353720693,1650
16556,0.9855198829134618,1650
75972,0.9729318734793188,1650
76498,0.9855198829134618,1650
7284,0.9855198829134618,1650
40066,0.8908624432603118,1650
13735,0.9294968363965049,1650
110346,0.9855198829134618,1650
83946,0.9328165374677002,1650
108679,0.9605658709106984,1650
60896,0.878755364806867,1650
18239,0.9855198829134618,1650
812,0.9855198829134618,1650
86153,0.9729318734793188,1650
87862,0.9534913353720693,1650
45748,0.9534913353720693,1650
106634,0.9729318734793188,1650
111083,0.8403336748134055,1650
109645,0.6086956521739131,1650
11603,0.9421383647798742,1650
105110,0.9534913353720693,1650
96630,0.9855198829134618,1650
5101,0.8908624432603118,1650
72737,0.9855198829134618,1650
13400,0.9534913353720693,1650
17214,0.8403336748134055,1650
49704,0.8403336748134055,1650
68837,0.9855198829134618,1650
14654,0.9729318734793188,1650
51948,0.9855198829134618,1650
45862,0.9855198829134618,1650
111936,0.9729318734793188,1650
11610,0.9855198829134618,1650
38361,0.9855198829134618,1650
9381,0.9855198829134618,1650
77351,0.9729318734793188,1650
71872,0.9729318734793188,1650
11725,0.9534913353720693,1650
73601,0.9729318734793188,1650
85114,0.9605658709106984,1650
9925,0.9855198829134618,1650
42942,0.9855198829134618,1650
76857,0.8403336748134055,1650
71087,0.9855198829134618,1650
63976,0.9605658709106984,1650
3976,0.9294968363965049,1650
84620,0.9855198829134618,1650
19252,0.8908624432603118,1650
5874,0.9605658709106984,1650
17345,0.9328165374677002,1650
106016,0.9855198829134618,1650
77849,0.9534913353720693,1650
28248,0.9605658709106984,1650
41224,0.9729318734793188,1650
18665,0.9855198829134618,1650
105335,0.9605658709106984,1650
92694,0.9294968363965049,1650
96084,0.9855198829134618,1650
55752,0.878755364806867,1650
64486,0.9855198829134618,1650
93484,0.9729318734793188,1650
93770,0.9729318734793188,1650
106575,0.5986622073578596,1650
45562,0.9421383647798742,1650
27591,0.9855198829134618,1650
96746,0.9855198829134618,1650
55126,0.9729318734793188,1650
52176,0.9729318734793188,1650
32399,0.9855198829134618,1650
61669,0.8403336748134055,1650
12549,0.9328165374677002,1650
7122,0.9729318734793188,1650
20015,0.9605658709106984,1650
75970,0.9534913353720693,1650
54510,0.9855198829134618,1650
62852,0.9855198829134618,1650
98500,0.8908624432603118,1650
41413,0.8403336748134055,1650
69259,0.9855198829134618,1650
21433,0.9534913353720693,1650
112858,0.8403336748134055,1650
71453,0.9605658709106984,1650
71636,0.8908624432603118,1650
7342,0.8908624432603118,1650
113652,0.8908624432603118,1650
111582,0.9534913353720693,1650
81340,0.9855198829134618,1650
11245,0.9605658709106984,1650
53582,0.9855198829134618,1650
87974,0.9855198829134618,1650
8589,0.9855198829134618,1650
13588,0.9855198829134618,1650
5220,0.6086956521739131,1650
32240,0.9294968363965049,1650
1876,0.9855198829134618,1650
10195,0.9855198829134618,1650
111816,0.8263772954924875,1650
10360,0.9605658709106984,1650
21449,0.9534913353720693,1650
46378,0.8403336748134055,1650
22323,0.9605658709106984,1650
108257,0.9534913353720693,1650
83620,0.9729318734793188,1650
105575,0.9855198829134618,1650
102598,0.9855198829134618,1650
43999,0.8607594936708861,1650
77547,0.9605658709106984,1650
103899,0.8908624432603118,1650
52591,0.8908624432603118,1650
82794,0.9855198829134618,1650
89349,0.9855198829134618,1650
30609,0.9605658709106984,1650
16531,0.9855198829134618,1650
9221,0.9855198829134618,1650
91647,0.9534913353720693,1650
107902,0.9855198829134618,1650
53908,0.9534913353720693,1650
58391,0.9855198829134618,1650
44452,0.9855198829134618,1650
23234,0.8908624432603118,1650
33199,0.8908624432603118,1650
81400,0.9534913353720693,1650
65197,0.9855198829134618,1650
68142,0.9534913353720693,1650
74848,0.8403336748134055,1650
30389,0.9729318734793188,1650
43535,0.8263772954924875,1650
32924,0.8403336748134055,1650
104913,0.9729318734793188,1650
106315,0.9855198829134618,1650
72852,0.8403336748134055,1650
53568,0.9855198829134618,1650
30865,0.9294968363965049,1650
39528,0.9855198829134618,1650
62349,0.9855198829134618,1650
37134,0.9855198829134618,1650
80932,0.8403336748134055,1650
23669,0.9534913353720693,1650
72016,0.9855198829134618,1650
8753,0.9729318734793188,1650
112816,0.9855198829134618,1650
8465,0.9855198829134618,1650
50856,0.9855198829134618,1650
49258,0.9855198829134618,1650
69200,0.9534913353720693,1650
73161,0.9729318734793188,1650
5631,0.9855198829134618,1650
58546,0.9534913353720693,1650
8868,0.9729318734793188,1650
33935,0.9605658709106984,1650
108549,0.9729318734793188,1650
91406,0.9855198829134618,1650
69040,0.9605658709106984,1650
25594,0.9294968363965049,1650
42225,0.8263772954924875,1650
41647,0.9294968363965049,1650
38239,0.8908624432603118,1650
110039,0.9421383647798742,1650
2811,0.9855198829134618,1650
7582,0.9855198829134618,1650
24844,0.9855198829134618,1650
110187,0.9605658709106984,1650
10040,0.8403336748134055,1650
330,0.9328165374677002,1650
17428,0.9855198829134618,1650
71641,0.9855198829134618,1650
102555,0.9729318734793188,1650
15135,0.9294968363965049,1650
93763,0.9328165374677002,1650
79160,0.9855198829134618,1650
92416,0.9855198829134618,1650
100906,0.9534913353720693,1650
54883,0.9855198829134618,1650
47107,0.9534913353720693,1650
41026,0.9855198829134618,1650
108935,0.9855198829134618,1650
101678,0.8403336748134055,1650
8260,0.8908624432603118,1650
77425,0.9605658709106984,1650
36082,0.9855198829134618,1650
110962,0.8908624432603118,1650
106890,0.9855198829134618,1650
45137,0.9328165374677002,1650
96619,0.9729318734793188,1650
70984,0.468,1650
100169,0.9294968363965049,1650
8343,0.8908624432603118,1650
2613,0.9534913353720693,1650
31400,0.9855198829134618,1650
75458,0.9855198829134618,1650
63765,0.9534913353720693,1650
72478,0.9855198829134618,1650
95497,0.3236994219653179,1650
39582,0.9534913353720693,1650
15917,0.8403336748134055,1650
86052,0.9855198829134618,1650
35308,0.9855198829134618,1650
74436,0.9855198829134618,1650
19438,0.9855198829134618,1650
74564,0.9855198829134618,1650
114033,0.9855198829134618,1650
86213,0.9534913353720693,1650
107048,0.9328165374677002,1650
90054,0.9855198829134618,1650
113899,0.9729318734793188,1650
15963,0.9855198829134618,1650
76124,0.8403336748134055,1650
65964,0.9294968363965049,1650
70977,0.9855198829134618,1650
70609,0.9729318734793188,1650
4955,0.9855198829134618,1650
55533,0.8403336748134055,1650
87601,0.9534913353720693,1650
59728,0.9855198829134618,1650
85141,0.9855198829134618,1650
30773,0.468,1650
108270,0.9294968363965049,1650
37449,0.9855198829134618,1650
73511,0.9534913353720693,1650
98202,0.6086956521739131,1650
947,0.9855198829134618,1650
85966,0.9855198829134618,1650
22082,0.9534913353720693,1650
2323,0.5373831775700935,1650
100035,0.9855198829134618,1650
67254,0.9855198829134618,1650
23702,0.8908624432603118,1650
19237,0.3236994219653179,1650
9014,0.9855198829134618,1650
60909,0.9855198829134618,1650
48543,0.9729318734793188,1650
30909,0.9605658709106984,1650
93031,0.9534913353720693,1650
110266,0.9855198829134618,1650
47396,0.9855198829134618,1650
24102,0.9729318734793188,1650
107543,0.9729318734793188,1650
35937,0.8908624432603118,1650
72626,0.9855198829134618,1650
84924,0.8403336748134055,1650
71123,0.9855198829134618,1650
98719,0.8403336748134055,1650
39035,0.8908624432603118,1650
87282,0.8403336748134055,1650
96056,0.9855198829134618,1650
88986,0.9855198829134618,1650
104944,0.9855198829134618,1650
22477,0.9534913353720693,1650
77613,0.9294968363965049,1650
26465,0.9729318734793188,1650
54946,0.9855198829134618,1650
87058,0.8908624432603118,1650
66592,0.9855198829134618,1650
78870,0.8403336748134055,1650
637,0.8908624432603118,1650
27446,0.9855198829134618,1650
40973,0.8403336748134055,1650
70886,0.9534913353720693,1650
5311,0.9855198829134618,1650
11833,0.9328165374677002,1650
109452,0.8403336748134055,1650
68177,0.8403336748134055,1650
30233,0.9855198829134618,1650
62157,0.9855198829134618,1650
20940,0.9855198829134618,1650
65489,0.9855198829134618,1650
86417,0.8403336748134055,1650
17883,0.9855198829134618,1650
92903,0.878755364806867,1650
113735,0.7140039447731755,1650
59299,0.8607594936708861,1650
5832,0.9729318734793188,1650
3185,0.8908624432603118,1650
20606,0.7116402116402116,1650
18352,0.9534913353720693,1650
4254,0.7140039447731755,1650
50559,0.9605658709106984,1650
65377,0.9855198829134618,1650
76491,0.9605658709106984,1650
112740,0.9855198829134618,1650
11953,0.9855198829134618,1650
57146,0.9855198829134618,1650
12509,0.9855198829134618,1650
61887,0.9605658709106984,1650
84191,0.9605658709106984,1650
86932,0.9855198829134618,1650
45430,0.9855198829134618,1650
12523,0.8908624432603118,1650
85228,0.8263772954924875,1650
52526,0.9855198829134618,1650
63994,0.9605658709106984,1650
86399,0.9855198829134618,1650
18558,0.9729318734793188,1650
28682,0.9729318734793188,1650
75699,0.9855198829134618,1650
92595,0.9729318734793188,1650
103821,0.8403336748134055,1650
99832,0.9855198829134618,1650
102549,0.9534913353720693,1650
6056,0.9328165374677002,1650
19596,0.9729318734793188,1650
96315,0.9855198829134618,1650
47518,0.9421383647798742,1650
11195,0.8403336748134055,1650
76468,0.9294968363965049,1650
36143,0.8607594936708861,1650
15258,0.9328165374677002,1650
66165,0.8403336748134055,1650
34890,0.9729318734793188,1650
24677,0.9855198829134618,1650
51118,0.9855198829134618,1650
4960,0.9855198829134618,1650
23920,0.9855198829134618,1650
87735,0.9605658709106984,1650
54604,0.9729318734793188,1650
77790,0.9328165374677002,1650
5768,0.9421383647798742,1650
17889,0.9855198829134618,1650
37936,0.9855198829134618,1650
98868,0.9729318734793188,1650
9248,0.9855198829134618,1650
74932,0.9855198829134618,1650
95432,0.8908624432603118,1650
74186,0.9729318734793188,1650
89540,0.9534913353720693,1650
27102,0.8403336748134055,1650
73529,0.7601626016260162,1650
112375,0.9855198829134618,1650
49558,0.9729318734793188,1650
52273,0.9534913353720693,1650
35232,0.9729318734793188,1650
112071,0.9855198829134618,1650
54447,0.8908624432603118,1650
76123,0.9534913353720693,1650
13835,0.6086956521739131,1650
52105,0.8908624432603118,1650
13365,0.9534913353720693,1650
49322,0.8908624432603118,1650
78932,0.8908624432603118,1650
674,0.8403336748134055,1650
63592,0.9729318734793188,1650
89845,0.9855198829134618,1650
68828,0.8403336748134055,1650
54320,0.9855198829134618,1650
27474,0.9855198829134618,1650
53417,0.9855198829134618,1650
82841,0.9729318734793188,1650
60981,0.9534913353720693,1650
5232,0.9855198829134618,1650
48961,0.9294968363965049,1650
18303,0.9605658709106984,1650
12185,0.7601626016260162,1650
107066,0.9855198829134618,1650
75878,0.8908624432603118,1650
70133,0.9729318734793188,1650
62557,0.9729318734793188,1650
40346,0.9855198829134618,1650
96026,0.9605658709106984,1650
100532,0.9729318734793188,1650
72188,0.9855198829134618,1650
54440,0.9534913353720693,1650
113717,0.9855198829134618,1650
107061,0.9729318734793188,1650
111734,0.9534913353720693,1650
96593,0.6086956521739131,1650
77209,0.9090909090909091,1650
94147,0.9534913353720693,1650
39627,0.9729318734793188,1650
30997,0.9855198829134618,1650
10774,0.9605658709106984,1650
91014,0.8908624432603118,1650
37586,0.9729318734793188,1650
70512,0.9855198829134618,1650
66222,0.8908624432603118,1650
96527,0.9855198829134618,1650
8049,0.9855198829134618,1650
65985,0.878755364806867,1650
36269,0.7601626016260162,1650
101353,0.9855198829134618,1650
38160,0.9729318734793188,1650
4278,0.9328165374677002,1650
53000,0.9294968363965049,1650
102878,0.9855198829134618,1650
51732,0.9729318734793188,1650
76331,0.8908624432603118,1650
83140,0.9605658709106984,1650
20696,0.878755364806867,1650
73951,0.9729318734793188,1650
34550,0.9855198829134618,1650
9596,0.9855198829134618,1650
22182,0.9855198829134618,1650
77500,0.9729318734793188,1650
3406,0.5986622073578596,1650
88236,0.9729318734793188,1650
5129,0.9855198829134618,1650
96821,0.8403336748134055,1650
89776,0.9855198829134618,1650
18014,0.9855198829134618,1650
74631,0.9534913353720693,1650
31483,0.9729318734793188,1650
51520,0.8403336748134055,1650
41882,0.9855198829134618,1650
108096,0.9855198829134618,1650
97797,0.7116402116402116,1650
78372,0.9855198829134618,1650
29509,0.9605658709106984,1650
96137,0.9855198829134618,1650
998,0.5373831775700935,1650
69708,0.9534913353720693,1650
43337,0.9605658709106984,1650
107100,0.9729318734793188,1650
39377,0.9855198829134618,1650
93785,0.9855198829134618,1650
49685,0.9729318734793188,1650
66333,0.8908624432603118,1650
18224,0.8403336748134055,1650
27292,0.9855198829134618,1650
21911,0.9855198829134618,1650
90594,0.9855198829134618,1650
77314,0.9855198829134618,1650
94515,0.9534913353720693,1650
1675,0.9729318734793188,1650
42896,0.9855198829134618,1650
99377,0.9855198829134618,1650
72322,0.8403336748134055,1650
50485,0.9605658709106984,1650
73623,0.9855198829134618,1650
51329,0.9855198829134618,1650
100839,0.9294968363965049,1650
6652,0.7140039447731755,1650
102146,0.9855198829134618,1650
77799,0.9534913353720693,1650
76597,0.8403336748134055,1650
17757,0.9729318734793188,1650
7241,0.9855198829134618,1650
106139,0.468,1650
95268,0.9855198829134618,1650
95545,0.9294968363965049,1650
112761,0.9855198829134618,1650
112304,0.9729318734793188,1650
93958,0.6086956521739131,1650
90493,0.9534913353720693,1650
77490,0.9855198829134618,1650
63417,0.9855198829134618,1650
88522,0.9855198829134618,1650
28265,0.9534913353720693,1650
62008,0.9855198829134618,1650
34869,0.9855198829134618,1650
57362,0.9855198829134618,1650
51802,0.9855198829134618,1650
83891,0.9729318734793188,1650
5982,0.9328165374677002,1650
26470,0.9855198829134618,1650
78988,0.9729318734793188,1650
95141,0.9605658709106984,1650
48158,0.8403336748134055,1650
81327,0.9729318734793188,1650
60861,0.9605658709106984,1650
43845,0.9729318734793188,1650
73570,0.9855198829134618,1650
86791,0.9855198829134618,1650
59040,0.8908624432603118,1650
42917,0.9855198829134618,1650
16010,0.8263772954924875,1650
107249,0.9294968363965049,1650
31247,0.9855198829134618,1650
71952,0.9855198829134618,1650
4453,0.9855198829134618,1650
23972,0.9855198829134618,1650
395,0.9328165374677002,1650
58250,0.9605658709106984,1650
38853,0.9855198829134618,1650
108181,0.9534913353720693,1650
38452,0.9729318734793188,1650
11475,0.8403336748134055,1650
72129,0.8908624432603118,1650
76849,0.9294968363965049,1650
40060,0.9855198829134618,1650
18947,0.9328165374677002,1650
18722,0.8908624432603118,1650
86501,0.9855198829134618,1650
4092,0.8403336748134055,1650
87434,0.8403336748134055,1650
25033,0.8908624432603118,1650
76243,0.9855198829134618,1650
75742,0.8403336748134055,1650
6060,0.9855198829134618,1650
28178,0.9855198829134618,1650
96310,0.9729318734793188,1650
22336,0.8403336748134055,1650
39088,0.9328165374677002,1650
68649,0.9534913353720693,1650
36060,0.9534913353720693,1650
60583,0.9855198829134618,1650
55010,0.9855198829134618,1650
78126,0.8403336748134055,1650
60255,0.9855198829134618,1650
101144,0.8403336748134055,1650
28787,0.9605658709106984,1650
59141,0.9855198829134618,1650
17698,0.9729318734793188,1650
56952,0.9729318734793188,1650
48332,0.9729318734793188,1650
7824,0.9605658709106984,1650
36160,0.8403336748134055,1650
7228,0.9294968363965049,1650
107748,0.9534913353720693,1650
51644,0.9855198829134618,1650
27008,0.8607594936708861,1650
102062,0.9729318734793188,1650
73486,0.9855198829134618,1650
102550,0.9855198829134618,1650
49236,0.9855198829134618,1650
99769,0.9855198829134618,1650
81457,0.9855198829134618,1650
24917,0.8403336748134055,1650
69537,0.9855198829134618,1650
42641,0.9729318734793188,1650
15881,0.9855198829134618,1650
20354,0.8908624432603118,1650
94049,0.9855198829134618,1650
76398,0.9534913353720693,1650
64162,0.9534913353720693,1650
74129,0.8607594936708861,1650
34392,0.9855198829134618,1650
46312,0.9855198829134618,1650
92923,0.878755364806867,1650
52414,0.8908624432603118,1650
87238,0.9294968363965049,1650
23280,0.9855198829134618,1650
32942,0.6086956521739131,1650
6242,0.9605658709106984,1650
92388,0.878755364806867,1650
27828,0.9855198829134618,1650
95935,0.8403336748134055,1650
66236,0.9855198829134618,1650
31238,0.9855198829134618,1650
10719,0.72,1650
54401,0.8908624432603118,1650
11969,0.9855198829134618,1650
40719,0.9605658709106984,1650
82122,0.9855198829134618,1650
58223,0.8403336748134055,1650
9515,0.9855198829134618,1650
59345,0.9855198829134618,1650
99053,0.9855198829134618,1650
49040,0.9855198829134618,1650
88852,0.9534913353720693,1650
22040,0.9534913353720693,1650
101950,0.9421383647798742,1650
73483,0.8403336748134055,1650
24246,0.9855198829134618,1650
100395,0.9855198829134618,1650
55167,0.8403336748134055,1650
52269,0.8908624432603118,1650
82215,0.8403336748134055,1650
102582,0.9855198829134618,1650
89149,0.8403336748134055,1650
65659,0.9729318734793188,1650
100751,0.8908624432603118,1650
86446,0.9534913353720693,1650
10258,0.9534913353720693,1650
12483,0.9855198829134618,1650
113495,0.7116402116402116,1650
32193,0.8908624432603118,1650
28063,0.8403336748134055,1650
114057,0.9855198829134618,1650
4243,0.9855198829134618,1650
59440,0.8403336748134055,1650
3551,0.9855198829134618,1650
23549,0.9605658709106984,1650
68790,0.9855198829134618,1650
74092,0.9855198829134618,1650
26757,0.9855198829134618,1650
74559,0.9729318734793188,1650
104636,0.9294968363965049,1650
59188,0.8908624432603118,1650
112435,0.9855198829134618,1650
104175,0.9729318734793188,1650
85038,0.9855198829134618,1650
39532,0.9294968363965049,1650
87939,0.8403336748134055,1650
14646,0.9729318734793188,1650
51719,0.9534913353720693,1650
9897,0.9729318734793188,1650
80173,0.9855198829134618,1650
42659,0.9605658709106984,1650
101480,0.9729318734793188,1650
33871,0.9729318734793188,1650
12908,0.9294968363965049,1650
38621,0.8263772954924875,1650
5533,0.9605658709106984,1650
61552,0.9534913353720693,1650
29793,0.8908624432603118,1650
107338,0.9855198829134618,1650
10249,0.9605658709106984,1650
2829,0.3236994219653179,1650
11819,0.9855198829134618,1650
16357,0.9855198829134618,1650
100879,0.9534913353720693,1650
66115,0.8403336748134055,1650
89766,0.9729318734793188,1650
22792,0.9605658709106984,1650
13738,0.9855198829134618,1650
105439,0.9605658709106984,1650
77625,0.9729318734793188,1650
60979,0.9855198829134618,1650
110837,0.9729318734793188,1650
6434,0.9855198829134618,1650
94315,0.6086956521739131,1650
28820,0.9855198829134618,1650
87344,0.9855198829134618,1650
27480,0.8403336748134055,1650
24150,0.9534913353720693,1650
36675,0.9855198829134618,1650
52388,0.9605658709106984,1650
95042,0.8403336748134055,1650
70433,0.9855198829134618,1650
20476,0.9855198829134618,1650
77523,0.9855198829134618,1650
81811,0.878755364806867,1650
111695,0.9294968363965049,1650
24709,0.9729318734793188,1650
101264,0.9729318734793188,1650
32641,0.9534913353720693,1650
82990,0.9855198829134618,1650
110992,0.9855198829134618,1650
77175,0.9605658709106984,1650
74355,0.9605658709106984,1650
49230,0.9605658709106984,1650
7438,0.8403336748134055,1650
103065,0.9855198829134618,1650
66300,0.9855198829134618,1650
113091,0.8403336748134055,1650
62412,0.9855198829134618,1650
71484,0.9328165374677002,1650
101478,0.9855198829134618,1650
30516,0.9855198829134618,1650
33684,0.9855198829134618,1650
32245,0.8403336748134055,1650
89083,0.7222222222222222,1650
8840,0.9534913353720693,1650
76895,0.8403336748134055,1650
4667,0.7601626016260162,1650
31243,0.9855198829134618,1650
70450,0.9605658709106984,1650
55254,0.9534913353720693,1650
98550,0.9534913353720693,1650
75219,0.9729318734793188,1650
74114,0.9855198829134618,1650
85169,0.9729318734793188,1650
62929,0.9855198829134618,1650
100406,0.9605658709106984,1650
42316,0.8908624432603118,1650
94122,0.9729318734793188,1650
19155,0.9534913353720693,1650
43518,0.8403336748134055,1650
8158,0.9605658709106984,1650
43462,0.9855198829134618,1650
13120,0.8908624432603118,1650
86996,0.9855198829134618,1650
100167,0.9855198829134618,1650
37544,0.9729318734793188,1650
14542,0.9855198829134618,1650
108666,0.9855198829134618,1650
84847,0.9855198829134618,1650
106343,0.9855198829134618,1650
70492,0.9855198829134618,1650
53554,0.9855198829134618,1650
87612,0.9294968363965049,1650
50972,0.8908624432603118,1650
56861,0.9855198829134618,1650
50240,0.9855198829134618,1650
51632,0.9855198829134618,1650
22341,0.9855198829134618,1650
58180,0.9855198829134618,1650
18837,0.9855198829134618,1650
18843,0.7140039447731755,1650
11126,0.9729318734793188,1650
102748,0.9605658709106984,1650
55743,0.9855198829134618,1650
74128,0.8908624432603118,1650
66286,0.9294968363965049,1650
106837,0.8403336748134055,1650
101933,0.9855198829134618,1650
59729,0.9729318734793188,1650
41654,0.9294968363965049,1650
74832,0.8908624432603118,1650
50675,0.9729318734793188,1650
34463,0.8908624432603118,1650
113508,0.9729318734793188,1650
44658,0.9294968363965049,1650
102960,0.8403336748134055,1650
42404,0.8908624432603118,1650
103707,0.8403336748134055,1650
92233,0.7116402116402116,1650
62246,0.9605658709106984,1650
77129,0.9855198829134618,1650
89805,0.9605658709106984,1650
37357,0.9294968363965049,1650
58412,0.8403336748134055,1650
12504,0.9855198829134618,1650
81894,0.9855198829134618,1650
84942,0.8403336748134055,1650
45397,0.9855198829134618,1650
92775,0.9855198829134618,1650
59656,0.9421383647798742,1650
17981,0.9605658709106984,1650
29612,0.8403336748134055,1650
79200,0.8908624432603118,1650
34473,0.9855198829134618,1650
50602,0.9855198829134618,1650
94003,0.9421383647798742,1650
103773,0.9729318734793188,1650
60359,0.9729318734793188,1650
109669,0.9855198829134618,1650
65549,0.9729318734793188,1650
372,0.9855198829134618,1650
104678,0.9855198829134618,1650
29672,0.9855198829134618,1650
1402,0.9534913353720693,1650
108537,0.8263772954924875,1650
81991,0.9729318734793188,1650
25152,0.8403336748134055,1650
68485,0.9328165374677002,1650
42179,0.8908624432603118,1650
13441,0.5784313725490197,1650
63632,0.9729318734793188,1650
1596,0.8403336748134055,1650
38430,0.8403336748134055,1650
111974,0.9855198829134618,1650
109603,0.8403336748134055,1650
111839,0.9855198829134618,1650
86728,0.9855198829134618,1650
34460,0.8403336748134055,1650
20711,0.9855198829134618,1650
106720,0.8403336748134055,1650
82137,0.9855198829134618,1650
63318,0.7140039447731755,1650
35884,0.8607594936708861,1650
17401,0.9855198829134618,1650
53082,0.9534913353720693,1650
36532,0.8908624432603118,1650
45388,0.9855198829134618,1650
7871,0.9605658709106984,1650
65616,0.9328165374677002,1650
65101,0.9855198829134618,1650
64015,0.8403336748134055,1650
86999,0.9729318734793188,1650
48915,0.9855198829134618,1650
90900,0.9605658709106984,1650
64264,0.9855198829134618,1650
23157,0.9294968363965049,1650
66908,0.6086956521739131,1650
109592,0.9855198829134618,1650
6827,0.9855198829134618,1650
79721,0.9855198829134618,1650
94169,0.9294968363965049,1650
21320,0.5986622073578596,1650
86077,0.8403336748134055,1650
69487,0.9855198829134618,1650
107081,0.9605658709106984,1650
93196,0.9534913353720693,1650
71172,0.9855198829134618,1650
99601,0.8403336748134055,1650
37391,0.8403336748134055,1650
58924,0.9534913353720693,1650
37595,0.9729318734793188,1650
12539,0.9855198829134618,1650
79574,0.9855198829134618,1650
32008,0.9855198829134618,1650
36623,0.8403336748134055,1650
30981,0.8908624432603118,1650
64439,0.9729318734793188,1650
2752,0.9855198829134618,1650
71407,0.9605658709106984,1650
26466,0.7601626016260162,1650
1378,0.9605658709106984,1650
99729,0.9328165374677002,1650
26048,0.9328165374677002,1650
86249,0.9855198829134618,1650
101167,0.9855198829134618,1650
23441,0.9534913353720693,1650
84834,0.9855198829134618,1650
102569,0.8403336748134055,1650
52797,0.8403336748134055,1650
70816,0.9534913353720693,1650
105495,0.9855198829134618,1650
14449,0.5986622073578596,1650
91263,0.9855198829134618,1650
62751,0.9534913353720693,1650
83315,0.9534913353720693,1650
96334,0.8403336748134055,1650
70431,0.9729318734793188,1650
35929,0.9605658709106984,1650
11197,0.8908624432603118,1650
50657,0.9729318734793188,1650
101418,0.8908624432603118,1650
87459,0.9328165374677002,1650
54786,0.8403336748134055,1650
66722,0.9855198829134618,1650
31209,0.8403336748134055,1650
61432,0.9534913353720693,1650
51782,0.9855198829134618,1650
72289,0.9855198829134618,1650
60003,0.8908624432603118,1650
83926,0.9534913353720693,1650
64267,0.8908624432603118,1650
112573,0.9855198829134618,1650
87573,0.9855198829134618,1650
56296,0.9855198829134618,1650
103767,0.9534913353720693,1650
5531,0.9294968363965049,1650
45944,0.9855198829134618,1650
66260,0.8908624432603118,1650
25970,0.9534913353720693,1650
89105,0.9294968363965049,1650
22901,0.9855198829134618,1650
3226,0.9855198829134618,1650
19831,0.8908624432603118,1650
112323,0.8263772954924875,1650
15139,0.9855198829134618,1650
10084,0.9855198829134618,1650
28660,0.8908624432603118,1650
34212,0.9534913353720693,1650
107561,0.8403336748134055,1650
68514,0.9729318734793188,1650
6139,0.9855198829134618,1650
109547,0.9855198829134618,1650
16363,0.8403336748134055,1650
87410,0.9328165374677002,1650
112799,0.9855198829134618,1650
52713,0.9855198829134618,1650
30893,0.9605658709106984,1650
92587,0.9855198829134618,1650
81548,0.9855198829134618,1650
30212,0.9729318734793188,1650
100819,0.9855198829134618,1650
54586,0.9855198829134618,1650
74056,0.8908624432603118,1650
102828,0.9294968363965049,1650
4019,0.9855198829134618,1650
18041,0.8403336748134055,1650
111914,0.9729318734793188,1650
68244,0.9855198829134618,1650
112954,0.9855198829134618,1650
9136,0.9855198829134618,1650
70408,0.878755364806867,1650
10923,0.5784313725490197,1650
100926,0.9534913353720693,1650
109101,0.9729318734793188,1650
35500,0.8403336748134055,1650
75541,0.9855198829134618,1650
35030,0.9729318734793188,1650
46779,0.8908624432603118,1650
68157,0.878755364806867,1650
17897,0.8403336748134055,1650
40624,0.9605658709106984,1650
97203,0.9855198829134618,1650
37063,0.9605658709106984,1650
111258,0.9855198829134618,1650
103752,0.9605658709106984,1650
63760,0.9855198829134618,1650
94071,0.9729318734793188,1650
20510,0.9855198829134618,1650
63836,0.9729318734793188,1650
39799,0.8607594936708861,1650
36155,0.9294968363965049,1650
16630,0.9855198829134618,1650
66502,0.9855198829134618,1650
3694,0.9855198829134618,1650
88931,0.8908624432603118,1650
105982,0.878755364806867,1650
103679,0.8908624432603118,1650
95639,0.9729318734793188,1650
86836,0.9294968363965049,1650
107872,0.8403336748134055,1650
76149,0.9855198829134618,1650
90593,0.8263772954924875,1650
10445,0.9855198829134618,1650
9800,0.8263772954924875,1650
50400,0.9729318734793188,1650
30999,0.9855198829134618,1650
77647,0.9855198829134618,1650
49988,0.9855198829134618,1650
66572,0.8607594936708861,1650
71804,0.7140039447731755,1650
15956,0.9855198829134618,1650
50520,0.9605658709106984,1650
11982,0.9328165374677002,1650
37265,0.9534913353720693,1650
75584,0.9729318734793188,1650
42617,0.7140039447731755,1650
67362,0.9534913353720693,1650
96064,0.8403336748134055,1650
77868,0.8908624432603118,1650
113265,0.9855198829134618,1650
104695,0.9855198829134618,1650
71770,0.9855198829134618,1650
84271,0.9855198829134618,1650
16654,0.9855198829134618,1650
85773,0.8263772954924875,1650
55660,0.468,1650
25375,0.8403336748134055,1650
16741,0.9729318734793188,1650
58978,0.9534913353720693,1650
81929,0.9534913353720693,1650
105263,0.9855198829134618,1650
91617,0.9534913353720693,1650
108817,0.9855198829134618,1650
81154,0.9855198829134618,1650
63323,0.9605658709106984,1650
92306,0.9605658709106984,1650
12647,0.9729318734793188,1650
87713,0.9855198829134618,1650
70487,0.9421383647798742,1650
31779,0.9855198829134618,1650
107096,0.9855198829134618,1650
81284,0.9855198829134618,1650
4745,0.9855198829134618,1650
24740,0.9855198829134618,1650
104536,0.9855198829134618,1650
84965,0.9605658709106984,1650
92322,0.9605658709106984,1650
76179,0.9855198829134618,1650
11396,0.9534913353720693,1650
111983,0.8403336748134055,1650
102260,0.9855198829134618,1650
100071,0.9855198829134618,1650
69444,0.8908624432603118,1650
49990,0.9855198829134618,1650
49842,0.9855198829134618,1650
82103,0.8908624432603118,1650
101852,0.9855198829134618,1650
16143,0.9855198829134618,1650
54292,0.9855198829134618,1650
77427,0.9855198829134618,1650
104231,0.8403336748134055,1650
62926,0.9729318734793188,1650
8079,0.468,1650
62781,0.9855198829134618,1650
86699,0.9729318734793188,1650
97968,0.8403336748134055,1650
14381,0.8908624432603118,1650
102089,0.9855198829134618,1650
110728,0.9855198829134618,1650
95578,0.9294968363965049,1650
83936,0.9855198829134618,1650
78731,0.9729318734793188,1650
96624,0.9294968363965049,1650
104947,0.8908624432603118,1650
24156,0.6086956521739131,1650
68181,0.9855198829134618,1650
24998,0.9855198829134618,1650
93750,0.9855198829134618,1650
95712,0.9534913353720693,1650
109312,0.9855198829134618,1650
26910,0.9328165374677002,1650
6435,0.9421383647798742,1650
18767,0.9855198829134618,1650
64892,0.7140039447731755,1650
39953,0.9729318734793188,1650
107681,0.878755364806867,1650
16557,0.9328165374677002,1650
55280,0.9855198829134618,1650
107043,0.9855198829134618,1650
50425,0.9294968363965049,1650
45826,0.9534913353720693,1650
87352,0.9855198829134618,1650
103702,0.9729318734793188,1650
55982,0.7601626016260162,1650
2723,0.5986622073578596,1650
69493,0.9855198829134618,1650
19325,0.9855198829134618,1650
26193,0.9534913353720693,1650
27479,0.9421383647798742,1650
100139,0.8403336748134055,1650
81876,0.9855198829134618,1650
8435,0.9855198829134618,1650
84416,0.9729318734793188,1650
29496,0.8403336748134055,1650
93643,0.9534913353720693,1650
48557,0.8403336748134055,1650
673,0.9328165374677002,1650
49578,0.8403336748134055,1650
33047,0.9605658709106984,1650
92982,0.8908624432603118,1650
13336,0.9855198829134618,1650
105341,0.9855198829134618,1650
31497,0.9855198829134618,1650
24809,0.9294968363965049,1650
3449,0.9855198829134618,1650
81887,0.9855198829134618,1650
31631,0.9294968363965049,1650
57919,0.9605658709106984,1650
56191,0.9605658709106984,1650
82247,0.9729318734793188,1650
23096,0.9855198829134618,1650
112913,0.9729318734793188,1650
73549,0.9855198829134618,1650
103041,0.9855198829134618,1650
74500,0.9855198829134618,1650
28361,0.9855198829134618,1650
45932,0.8403336748134055,1650
107577,0.9855198829134618,1650
33305,0.9855198829134618,1650
90957,0.878755364806867,1650
30034,0.7140039447731755,1650
75894,0.9855198829134618,1650
103653,0.9855198829134618,1650
90441,0.9328165374677002,1650
77370,0.8403336748134055,1650
5791,0.9294968363965049,1650
67365,0.9855198829134618,1650
53857,0.9534913353720693,1650
74527,0.9605658709106984,1650
61321,0.9855198829134618,1650
111358,0.9855198829134618,1650
108856,0.9534913353720693,1650
60746,0.9855198829134618,1650
109904,0.9855198829134618,1650
109575,0.9855198829134618,1650
109390,0.8908624432603118,1650
20150,0.9294968363965049,1650
91610,0.9729318734793188,1650
68055,0.9294968363965049,1650
91879,0.9855198829134618,1650
88113,0.9855198829134618,1650
12638,0.8403336748134055,1650
105309,0.468,1650
48086,0.9328165374677002,1650
22170,0.8403336748134055,1650
73352,0.9855198829134618,1650
37522,0.8908624432603118,1650
81879,0.9855198829134618,1650
430,0.8908624432603118,1650
69785,0.9855198829134618,1650
83133,0.9855198829134618,1650
78488,0.9855198829134618,1650
5762,0.8403336748134055,1650
18995,0.9855198829134618,1650
47856,0.9855198829134618,1650
46241,0.8908624432603118,1650
32964,0.8403336748134055,1650
58465,0.9855198829134618,1650
47588,0.9855198829134618,1650
16724,0.8403336748134055,1650
49176,0.9729318734793188,1650
26069,0.9855198829134618,1650
102637,0.9421383647798742,1650
60373,0.9729318734793188,1650
80061,0.9855198829134618,1650
98940,0.9855198829134618,1650
85049,0.9534913353720693,1650
41854,0.9605658709106984,1650
30261,0.9729318734793188,1650
48900,0.9729318734793188,1650
41403,0.8908624432603118,1650
113319,0.9855198829134618,1650
107629,0.9534913353720693,1650
20104,0.5986622073578596,1650
21060,0.9534913353720693,1650
37189,0.9534913353720693,1650
23477,0.8403336748134055,1650
11968,0.9855198829134618,1650
110674,0.9605658709106984,1650
88553,0.8908624432603118,1650
34124,0.9855198829134618,1650
55091,0.8908624432603118,1650
83597,0.9855198829134618,1650
36224,0.8263772954924875,1650
57567,0.9534913353720693,1650
82922,0.9855198829134618,1650
33431,0.9729318734793188,1650
104724,0.9855198829134618,1650
11654,0.9729318734793188,1650
41906,0.9855198829134618,1650
44863,0.5373831775700935,1650
112538,0.9534913353720693,1650
73026,0.8908624432603118,1650
90000,0.9855198829134618,1650
97533,0.9855198829134618,1650
84483,0.9855198829134618,1650
14904,0.9328165374677002,1650
87128,0.8403336748134055,1650
18226,0.7601626016260162,1650
7193,0.9729318734793188,1650
57637,0.9729318734793188,1650
46848,0.9855198829134618,1650
75181,0.9605658709106984,1650
47610,0.9855198829134618,1650
1127,0.9855198829134618,1650
1745,0.9855198829134618,1650
11813,0.9729318734793188,1650
107792,0.7140039447731755,1650
113752,0.9605658709106984,1650
93148,0.9534913353720693,1650
43658,0.7140039447731755,1650
55512,0.878755364806867,1650
50130,0.8908624432603118,1650
32910,0.8403336748134055,1650
98445,0.9729318734793188,1650
64479,0.9729318734793188,1650
15498,0.9855198829134618,1650
101227,0.9534913353720693,1650
4089,0.9729318734793188,1650
107988,0.9605658709106984,1650
100375,0.8403336748134055,1650
47846,0.9855198829134618,1650
1778,0.9855198829134618,1650
23091,0.8263772954924875,1650
2287,0.9855198829134618,1650
65147,0.9729318734793188,1650
95106,0.9855198829134618,1650
82852,0.9729318734793188,1650
13593,0.9855198829134618,1650
73107,0.9328165374677002,1650
43323,0.9729318734793188,1650
11513,0.9328165374677002,1650
111982,0.9294968363965049,1650
67671,0.9855198829134618,1650
55742,0.9605658709106984,1650
80820,0.9605658709106984,1650
99589,0.8403336748134055,1650
51885,0.9729318734793188,1650
27874,0.9605658709106984,1650
85503,0.9729318734793188,1650
88735,0.9855198829134618,1650
97208,0.9855198829134618,1650
92744,0.9855198829134618,1650
57117,0.9855198829134618,1650
982,0.9729318734793188,1650
38262,0.8908624432603118,1650
49613,0.9534913353720693,1650
53270,0.9855198829134618,1650
18904,0.9855198829134618,1650
99408,0.9855198829134618,1650
38167,0.8403336748134055,1650
102849,0.7140039447731755,1650
64985,0.9729318734793188,1650
4836,0.8908624432603118,1650
47056,0.9855198829134618,1650
96739,0.9855198829134618,1650
78120,0.9855198829134618,1650
60709,0.9294968363965049,1650
57561,0.9855198829134618,1650
73061,0.8908624432603118,1650
34301,0.9855198829134618,1650
64896,0.9294968363965049,1650
36952,0.9729318734793188,1650
2038,0.9534913353720693,1650
22385,0.9855198829134618,1650
89869,0.9534913353720693,1650
110635,0.9729318734793188,1650
62118,0.8403336748134055,1650
6402,0.9855198829134618,1650
37233,0.9729318734793188,1650
61967,0.9855198829134618,1650
55610,0.9729318734793188,1650
62927,0.8403336748134055,1650
7089,0.9605658709106984,1650
98365,0.8403336748134055,1650
37637,0.9855198829134618,1650
23192,0.8908624432603118,1650
18782,0.8908624432603118,1650
28572,0.8403336748134055,1650
47699,0.9605658709106984,1650
76082,0.9855198829134618,1650
31123,0.9605658709106984,1650
12977,0.9855198829134618,1650
83475,0.9294968363965049,1650
11061,0.9855198829134618,1650
109310,0.9855198829134618,1650
83805,0.8403336748134055,1650
71926,0.9294968363965049,1650
34346,0.9855198829134618,1650
424,0.9605658709106984,1650
41472,0.9855198829134618,1650
24085,0.9855198829134618,1650
79058,0.9855198829134618,1650
28575,0.7140039447731755,1650
1371,0.9855198829134618,1650
106917,0.9729318734793188,1650
13173,0.9855198829134618,1650
78313,0.9534913353720693,1650
30863,0.9855198829134618,1650
35047,0.9855198829134618,1650
15031,0.9855198829134618,1650
74335,0.9855198829134618,1650
94144,0.8403336748134055,1650
105219,0.9421383647798742,1650
17200,0.8403336748134055,1650
95751,0.9855198829134618,1650
4446,0.9729318734793188,1650
92585,0.9534913353720693,1650
74923,0.9855198829134618,1650
55814,0.9421383647798742,1650
22532,0.9534913353720693,1650
42201,0.9421383647798742,1650
30926,0.9855198829134618,1650
96756,0.9729318734793188,1650
58666,0.9729318734793188,1650
65149,0.9855198829134618,1650
64798,0.9855198829134618,1650
69594,0.9855198829134618,1650
46762,0.9855198829134618,1650
57640,0.9534913353720693,1650
23766,0.8403336748134055,1650
90833,0.9855198829134618,1650
64629,0.9534913353720693,1650
76335,0.9855198829134618,1650
2052,0.8908624432603118,1650
108364,0.9855198829134618,1650
98528,0.9294968363965049,1650
95987,0.9729318734793188,1650
12704,0.9534913353720693,1650
89124,0.8403336748134055,1650
55042,0.9855198829134618,1650
42876,0.8908624432603118,1650
55131,0.9855198829134618,1650
81563,0.9605658709106984,1650
42577,0.9605658709106984,1650
94691,0.9328165374677002,1650
24257,0.8403336748134055,1650
32913,0.9855198829134618,1650
78855,0.9729318734793188,1650
106650,0.9855198829134618,1650
77403,0.9294968363965049,1650
22116,0.8908624432603118,1650
74446,0.9855198829134618,1650
31816,0.9729318734793188,1650
46528,0.9534913353720693,1650
70679,0.9294968363965049,1650
29593,0.9294968363965049,1650
91637,0.8403336748134055,1650
108995,0.9534913353720693,1650
102474,0.9729318734793188,1650
31753,0.5986622073578596,1650
107955,0.9855198829134618,1650
5065,0.9328165374677002,1650
36070,0.9729318734793188,1650
42925,0.9855198829134618,1650
30957,0.9534913353720693,1650
26842,0.9605658709106984,1650
68884,0.8908624432603118,1650
113953,0.9855198829134618,1650
15814,0.9855198829134618,1650
102144,0.9855198829134618,1650
65370,0.9855198829134618,1650
94094,0.9855198829134618,1650
15686,0.9605658709106984,1650
23814,0.9729318734793188,1650
88030,0.8403336748134055,1650
43122,0.9855198829134618,1650
89867,0.8403336748134055,1650
35251,0.9729318734793188,1650
63622,0.8403336748134055,1650
5208,0.8908624432603118,1650
73924,0.9605658709106984,1650
27254,0.9534913353720693,1650
87978,0.9534913353720693,1650
31048,0.8403336748134055,1650
49114,0.9855198829134618,1650
15269,0.9729318734793188,1650
22404,0.8403336748134055,1650
53162,0.9729318734793188,1650
38623,0.7140039447731755,1650
55195,0.9729318734793188,1650
62810,0.9534913353720693,1650
61310,0.9729318734793188,1650
39070,0.9729318734793188,1650
65747,0.9421383647798742,1650
34046,0.9855198829134618,1650
91411,0.9855198829134618,1650
61950,0.878755364806867,1650
93174,0.9855198829134618,1650
26822,0.9421383647798742,1650
96158,0.9729318734793188,1650
46755,0.9294968363965049,1650
11518,0.9729318734793188,1650
12478,0.9855198829134618,1650
35791,0.8403336748134055,1650
104625,0.8403336748134055,1650
84024,0.9855198829134618,1650
59859,0.9855198829134618,1650
80838,0.9855198829134618,1650
57051,0.9855198829134618,1650
40218,0.9605658709106984,1650
40483,0.9729318734793188,1650
41900,0.9294968363965049,1650
35126,0.9855198829134618,1650
827,0.9729318734793188,1650
36531,0.9855198829134618,1650
38996,0.7601626016260162,1650
45017,0.9855198829134618,1650
11124,0.9534913353720693,1650
24211,0.9855198829134618,1650
73521,0.9855198829134618,1650
60876,0.8403336748134055,1650
80658,0.9729318734793188,1650
102045,0.9534913353720693,1650
53235,0.8908624432603118,1650
73017,0.9855198829134618,1650
59221,0.9855198829134618,1650
54008,0.6086956521739131,1650
113241,0.8263772954924875,1650
30624,0.9729318734793188,1650
50470,0.9729318734793188,1650
13798,0.8607594936708861,1650
27315,0.878755364806867,1650
110839,0.9534913353720693,1650
21336,0.9855198829134618,1650
32696,0.8908624432603118,1650
85498,0.9534913353720693,1650
53294,0.9534913353720693,1650
49227,0.9855198829134618,1650
72298,0.9855198829134618,1650
45909,0.9855198829134618,1650
20132,0.9855198829134618,1650
35772,0.9729318734793188,1650
4141,0.9294968363965049,1650
50051,0.9855198829134618,1650
46170,0.8403336748134055,1650
41352,0.8908624432603118,1650
16729,0.8263772954924875,1650
91950,0.9605658709106984,1650
40827,0.9605658709106984,1650
86019,0.8263772954924875,1650
28657,0.8908624432603118,1650
13921,0.9855198829134618,1650
56786,0.878755364806867,1650
71708,0.9729318734793188,1650
100762,0.9534913353720693,1650
103542,0.8403336748134055,1650
98016,0.8908624432603118,1650
43794,0.9855198829134618,1650
18623,0.9534913353720693,1650
17462,0.6086956521739131,1650
14546,0.9855198829134618,1650
92613,0.9534913353720693,1650
90793,0.9729318734793188,1650
8500,0.9855198829134618,1650
8729,0.9855198829134618,1650
35341,0.9855198829134618,1650
89162,0.9855198829134618,1650
97677,0.9855198829134618,1650
45744,0.9855198829134618,1650
49272,0.9534913353720693,1650
34013,0.8403336748134055,1650
99343,0.7601626016260162,1650
24661,0.9534913353720693,1650
79220,0.9855198829134618,1650
45730,0.8403336748134055,1650
64706,0.9294968363965049,1650
7848,0.9294968363965049,1650
41092,0.9855198829134618,1650
49020,0.9605658709106984,1650
107416,0.9855198829134618,1650
71665,0.9855198829134618,1650
107368,0.9729318734793188,1650
56654,0.9855198829134618,1650
13659,0.9855198829134618,1650
43173,0.9605658709106984,1650
78649,0.9605658709106984,1650
24999,0.9294968363965049,1650
18862,0.9605658709106984,1650
55906,0.8908624432603118,1650
58526,0.9294968363965049,1650
98328,0.9605658709106984,1650
5313,0.9855198829134618,1650
68347,0.9855198829134618,1650
42562,0.9294968363965049,1650
21842,0.9855198829134618,1650
81613,0.08333333333333333,1650
71658,0.8908624432603118,1650
39893,0.8607594936708861,1650
110708,0.9855198829134618,1650
76197,0.7116402116402116,1650
91712,0.9421383647798742,1650
26840,0.9729318734793188,1650
40702,0.8908624432603118,1650
726,0.9605658709106984,1650
78363,0.9294968363965049,1650
43541,0.9729318734793188,1650
53558,0.878755364806867,1650
104754,0.8403336748134055,1650
98301,0.9729318734793188,1650
63515,0.7601626016260162,1650
30836,0.9855198829134618,1650
6607,0.6086956521739131,1650
37442,0.9605658709106984,1650
69560,0.9729318734793188,1650
73220,0.878755364806867,1650
64394,0.9729318734793188,1650
100018,0.9855198829134618,1650
30324,0.9605658709106984,1650
84317,0.9729318734793188,1650
83056,0.9855198829134618,1650
51202,0.9294968363965049,1650
58348,0.9855198829134618,1650
28955,0.9605658709106984,1650
21767,0.9855198829134618,1650
39921,0.9534913353720693,1650
102075,0.9855198829134618,1650
10414,0.8607594936708861,1650
110783,0.9855198829134618,1650
105971,0.9855198829134618,1650
73048,0.9534913353720693,1650
14377,0.9855198829134618,1650
68560,0.9855198829134618,1650
70949,0.9729318734793188,1650
81874,0.9855198829134618,1650
45802,0.9855198829134618,1650
98313,0.9855198829134618,1650
104113,0.9605658709106984,1650
42724,0.9855198829134618,1650
110864,0.9855198829134618,1650
16907,0.8403336748134055,1650
31428,0.8908624432603118,1650
38442,0.9855198829134618,1650
13237,0.9729318734793188,1650
8639,0.8403336748134055,1650
93462,0.9328165374677002,1650
61213,0.7601626016260162,1650
51043,0.8403336748134055,1650
23780,0.9328165374677002,1650
11612,0.9328165374677002,1650
3664,0.9855198829134618,1650
9489,0.9855198829134618,1650
27909,0.9855198829134618,1650
110854,0.8403336748134055,1650
97168,0.9855198829134618,1650
51556,0.9855198829134618,1650
98071,0.9855198829134618,1650
17290,0.7601626016260162,1650
11435,0.9855198829134618,1650
70354,0.9729318734793188,1650
73857,0.9605658709106984,1650
77542,0.9294968363965049,1650
100368,0.8403336748134055,1650
83757,0.9534913353720693,1650
42899,0.9534913353720693,1650
39187,0.9855198829134618,1650
48830,0.9534913353720693,1650
109479,0.9729318734793188,1650
84870,0.8403336748134055,1650
7539,0.9729318734793188,1650
84766,0.9605658709106984,1650
84030,0.9605658709106984,1650
22064,0.9855198829134618,1650
106003,0.9855198829134618,1650
113710,0.878755364806867,1650
75607,0.8403336748134055,1650
70192,0.9855198829134618,1650
67471,0.7601626016260162,1650
38912,0.9855198829134618,1650
3373,0.9855198829134618,1650
104447,0.9729318734793188,1650
1962,0.9534913353720693,1650
79887,0.9729318734793188,1650
105710,0.9534913353720693,1650
89211,0.9328165374677002,1650
33760,0.8908624432603118,1650
16146,0.9729318734793188,1650
67539,0.9605658709106984,1650
87258,0.8908624432603118,1650
113317,0.9729318734793188,1650
5890,0.9855198829134618,1650
56708,0.9855198829134618,1650
27880,0.9855198829134618,1650
14084,0.9729318734793188,1650
55705,0.9294968363965049,1650
12440,0.8403336748134055,1650
70470,0.8908624432603118,1650
67297,0.9855198829134618,1650
106653,0.878755364806867,1650
42183,0.8908624432603118,1650
94541,0.9729318734793188,1650
66211,0.9605658709106984,1650
42463,0.878755364806867,1650
50968,0.9729318734793188,1650
23684,0.8403336748134055,1650
9294,0.9534913353720693,1650
111477,0.9855198829134618,1650
2965,0.9534913353720693,1650
70338,0.9294968363965049,1650
47809,0.9534913353720693,1650
51865,0.8403336748134055,1650
33166,0.9855198829134618,1650
17612,0.9855198829134618,1650
52667,0.9855198829134618,1650
90389,0.9605658709106984,1650
26238,0.9855198829134618,1650
37843,0.9855198829134618,1650
87950,0.8403336748134055,1650
103729,0.9855198829134618,1650
103140,0.9855198829134618,1650
103002,0.9294968363965049,1650
94444,0.9294968363965049,1650
92198,0.8908624432603118,1650
26385,0.9855198829134618,1650
25640,0.9729318734793188,1650
74503,0.9855198829134618,1650
67106,0.9729318734793188,1650
80859,0.9534913353720693,1650
94183,0.9328165374677002,1650
62525,0.9534913353720693,1650
7836,0.8908624432603118,1650
108767,0.9534913353720693,1650
49609,0.9534913353720693,1650
110112,0.9605658709106984,1650
51678,0.9855198829134618,1650
11406,0.9855198829134618,1650
82693,0.9729318734793188,1650
107358,0.9855198829134618,1650
22608,0.9855198829134618,1650
71265,0.9855198829134618,1650
77230,0.9294968363965049,1650
26401,0.8403336748134055,1650
24345,0.8403336748134055,1650
39206,0.5373831775700935,1650
39047,0.9605658709106984,1650
97028,0.9855198829134618,1650
34370,0.9855198829134618,1650
38030,0.9729318734793188,1650
45516,0.9534913353720693,1650
36928,0.9855198829134618,1650
99019,0.9855198829134618,1650
41367,0.8403336748134055,1650
17060,0.9294968363965049,1650
60697,0.9855198829134618,1650
11134,0.9421383647798742,1650
323,0.9855198829134618,1650
49028,0.9855198829134618,1650
26482,0.9855198829134618,1650
12635,0.9729318734793188,1650
74062,0.9534913353720693,1650
88360,0.9855198829134618,1650
111642,0.8607594936708861,1650
40104,0.9855198829134618,1650
53986,0.9855198829134618,1650
59946,0.9729318734793188,1650
44461,0.9605658709106984,1650
23223,0.8403336748134055,1650
9714,0.9605658709106984,1650
25333,0.9855198829134618,1650
11596,0.9534913353720693,1650
84455,0.9855198829134618,1650
77873,0.9855198829134618,1650
100456,0.9534913353720693,1650
106476,0.9729318734793188,1650
109608,0.9855198829134618,1650
80712,0.9855198829134618,1650
79128,0.9729318734793188,1650
96597,0.9855198829134618,1650
30765,0.9294968363965049,1650
55318,0.8403336748134055,1650
83387,0.9855198829134618,1650
111251,0.9534913353720693,1650
42956,0.9855198829134618,1650
72673,0.7601626016260162,1650
18756,0.9328165374677002,1650
11313,0.9729318734793188,1650
19015,0.9855198829134618,1650
78165,0.6086956521739131,1650
19805,0.9729318734793188,1650
84610,0.9855198829134618,1650
100049,0.9855198829134618,1650
14086,0.9855198829134618,1650
112957,0.9855198829134618,1650
85723,0.9729318734793188,1650
53009,0.9729318734793188,1650
93652,0.9605658709106984,1650
29748,0.9421383647798742,1650
540,0.8403336748134055,1650
13096,0.9855198829134618,1650
59889,0.9534913353720693,1650
53280,0.8908624432603118,1650
15950,0.9855198829134618,1650
59329,0.9855198829134618,1650
32892,0.9729318734793188,1650
63882,0.9855198829134618,1650
27111,0.9294968363965049,1650
58654,0.9534913353720693,1650
15114,0.9534913353720693,1650
32375,0.9855198829134618,1650
57913,0.9855198829134618,1650
67421,0.9855198829134618,1650
57077,0.9855198829134618,1650
16797,0.8908624432603118,1650
3302,0.8403336748134055,1650
110366,0.9729318734793188,1650
32524,0.9855198829134618,1650
7967,0.9855198829134618,1650
38576,0.9855198829134618,1650
27392,0.8908624432603118,1650
18458,0.8908624432603118,1650
20918,0.9855198829134618,1650
21571,0.9328165374677002,1650
83838,0.9855198829134618,1650
23933,0.9534913353720693,1650
103924,0.8908624432603118,1650
36130,0.9855198829134618,1650
18769,0.9855198829134618,1650
34939,0.9605658709106984,1650
66985,0.9534913353720693,1650
33642,0.9729318734793188,1650
48898,0.9421383647798742,1650
68284,0.8403336748134055,1650
9134,0.8403336748134055,1650
113547,0.8908624432603118,1650
44150,0.8403336748134055,1650
59046,0.8403336748134055,1650
29501,0.8403336748134055,1650
39667,0.9855198829134618,1650
58177,0.9605658709106984,1650
111128,0.8908624432603118,1650
9116,0.9729318734793188,1650
65693,0.9534913353720693,1650
29874,0.9855198829134618,1650
1247,0.8403336748134055,1650
27415,0.9855198829134618,1650
22743,0.9855198829134618,1650
19763,0.9729318734793188,1650
66075,0.8908624432603118,1650
106922,0.8908624432603118,1650
15434,0.8607594936708861,1650
22427,0.9855198829134618,1650
16306,0.9855198829134618,1650
100258,0.9605658709106984,1650
31555,0.9605658709106984,1650
88519,0.9855198829134618,1650
25706,0.8607594936708861,1650
27918,0.8908624432603118,1650
66695,0.9855198829134618,1650
81774,0.9855198829134618,1650
60093,0.9855198829134618,1650
96371,0.9855198829134618,1650
17042,0.7140039447731755,1650
30615,0.9605658709106984,1650
96835,0.9855198829134618,1650
42924,0.9855198829134618,1650
109977,0.8403336748134055,1650
28388,0.9729318734793188,1650
83882,0.6086956521739131,1650
113795,0.8403336748134055,1650
22695,0.9605658709106984,1650
3246,0.9855198829134618,1650
64875,0.8403336748134055,1650
72497,0.9605658709106984,1650
53287,0.9729318734793188,1650
71654,0.9855198829134618,1650
2623,0.9605658709106984,1650
29452,0.9534913353720693,1650
70267,0.8908624432603118,1650
2657,0.9605658709106984,1650
31909,0.9729318734793188,1650
3004,0.9855198829134618,1650
95439,0.9855198829134618,1650
12087,0.9855198829134618,1650
23915,0.9855198829134618,1650
13830,0.9855198829134618,1650
110887,0.9855198829134618,1650
595,0.8403336748134055,1650
25400,0.878755364806867,1650
59113,0.9729318734793188,1650
109329,0.9729318734793188,1650
14003,0.6086956521739131,1650
113098,0.8403336748134055,1650
49376,0.9855198829134618,1650
102927,0.8908624432603118,1650
78533,0.9605658709106984,1650
276,0.9534913353720693,1650
60147,0.9855198829134618,1650
18293,0.9294968363965049,1650
95366,0.9534913353720693,1650
100727,0.9855198829134618,1650
19891,0.9729318734793188,1650
111467,0.9855198829134618,1650
102804,0.9855198829134618,1650
14299,0.9534913353720693,1650
51554,0.8908624432603118,1650
29989,0.8908624432603118,1650
42415,0.8908624432603118,1650
75533,0.9855198829134618,1650
9933,0.9534913353720693,1650
31792,0.9855198829134618,1650
77066,0.9605658709106984,1650
98311,0.468,1650
105273,0.9534913353720693,1650
59354,0.9294968363965049,1650
96616,0.6086956521739131,1650
72585,0.9729318734793188,1650
36578,0.9534913353720693,1650
66739,0.9855198829134618,1650
26404,0.8403336748134055,1650
82789,0.9855198829134618,1650
96858,0.9855198829134618,1650
61981,0.9855198829134618,1650
97849,0.9605658709106984,1650
21744,0.9729318734793188,1650
5122,0.9729318734793188,1650
74371,0.9855198829134618,1650
109550,0.9855198829134618,1650
94834,0.9534913353720693,1650
90853,0.9534913353720693,1650
99293,0.9855198829134618,1650
70899,0.9729318734793188,1650
71472,0.9855198829134618,1650
60262,0.9855198829134618,1650
51370,0.9421383647798742,1650
37953,0.9534913353720693,1650
43052,0.9855198829134618,1650
108466,0.9855198829134618,1650
19756,0.3236994219653179,1650
103678,0.9605658709106984,1650
59411,0.9605658709106984,1650
56796,0.5373831775700935,1650
94537,0.8908624432603118,1650
71750,0.9534913353720693,1650
76168,0.8403336748134055,1650
30276,0.9855198829134618,1650
89463,0.8403336748134055,1650
54444,0.9855198829134618,1650
61023,0.9855198829134618,1650
18835,0.9605658709106984,1650
71099,0.9729318734793188,1650
53887,0.9855198829134618,1650
78593,0.878755364806867,1650
74950,0.9729318734793188,1650
623,0.8908624432603118,1650
58296,0.9855198829134618,1650
4465,0.9534913353720693,1650
24226,0.9855198829134618,1650
21054,0.9729318734793188,1650
113817,0.9855198829134618,1650
56264,0.9605658709106984,1650
38794,0.9855198829134618,1650
15554,0.9855198829134618,1650
109649,0.8403336748134055,1650
14171,0.9855198829134618,1650
41688,0.9534913353720693,1650
33770,0.8908624432603118,1650
98794,0.9294968363965049,1650
85242,0.9855198829134618,1650
41321,0.9855198829134618,1650
21516,0.8263772954924875,1650
109785,0.9729318734793188,1650
46497,0.9729318734793188,1650
12887,0.9855198829134618,1650
23642,0.9855198829134618,1650
2294,0.9729318734793188,1650
111302,0.9328165374677002,1650
42406,0.9855198829134618,1650
84232,0.9855198829134618,1650
26269,0.9855198829134618,1650
17717,0.9855198829134618,1650
21881,0.8263772954924875,1650
627,0.9855198829134618,1650
28010,0.8403336748134055,1650
5144,0.9605658709106984,1650
68690,0.9855198829134618,1650
14509,0.8403336748134055,1650
66079,0.9534913353720693,1650
68442,0.8403336748134055,1650
18134,0.9855198829134618,1650
80192,0.9855198829134618,1650
79854,0.9855198829134618,1650
74650,0.9855198829134618,1650
53490,0.8908624432603118,1650
92369,0.9605658709106984,1650
113548,0.9855198829134618,1650
51092,0.8908624432603118,1650
100075,0.9855198829134618,1650
23789,0.9729318734793188,1650
17271,0.9855198829134618,1650
100616,0.8908624432603118,1650
49860,0.9729318734793188,1650
55747,0.8908624432603118,1650
100875,0.9294968363965049,1650
101248,0.9294968363965049,1650
110541,0.9328165374677002,1650
44191,0.9855198829134618,1650
31636,0.9729318734793188,1650
81770,0.9855198829134618,1650
24810,0.8908624432603118,1650
106799,0.9534913353720693,1650
19286,0.9855198829134618,1650
56703,0.9855198829134618,1650
62520,0.9729318734793188,1650
88359,0.9729318734793188,1650
40747,0.9605658709106984,1650
14792,0.9729318734793188,1650
24436,0.9855198829134618,1650
86819,0.9855198829134618,1650
55439,0.8403336748134055,1650
67176,0.878755364806867,1650
68890,0.6086956521739131,1650
52635,0.8908624432603118,1650
89487,0.6086956521739131,1650
41702,0.9855198829134618,1650
42910,0.9855198829134618,1650
47027,0.9855198829134618,1650
29894,0.9855198829134618,1650
86814,0.9328165374677002,1650
93496,0.9729318734793188,1650
78398,0.9729318734793188,1650
81274,0.9534913353720693,1650
70238,0.9855198829134618,1650
65025,0.9605658709106984,1650
98852,0.9855198829134618,1650
54708,0.9729318734793188,1650
89291,0.9855198829134618,1650
74614,0.9729318734793188,1650
76617,0.9855198829134618,1650
6759,0.7116402116402116,1650
80981,0.8403336748134055,1650
4967,0.9855198829134618,1650
94247,0.9855198829134618,1650
87382,0.9855198829134618,1650
66868,0.9855198829134618,1650
93688,0.8908624432603118,1650
95876,0.9534913353720693,1650
97516,0.9855198829134618,1650
71755,0.9855198829134618,1650
103922,0.9855198829134618,1650
76485,0.9855198829134618,1650
91006,0.9534913353720693,1650
38607,0.9605658709106984,1650
93200,0.9855198829134618,1650
69159,0.9729318734793188,1650
79627,0.9855198829134618,1650
87907,0.9855198829134618,1650
22320,0.9855198829134618,1650
91182,0.9534913353720693,1650
56599,0.9605658709106984,1650
38265,0.9855198829134618,1650
77651,0.9855198829134618,1650
50142,0.9855198829134618,1650
10325,0.8908624432603118,1650
97867,0.9855198829134618,1650
45877,0.9729318734793188,1650
71502,0.9605658709106984,1650
77062,0.9855198829134618,1650
99685,0.9855198829134618,1650
28871,0.8908624432603118,1650
107726,0.9855198829134618,1650
105865,0.9729318734793188,1650
65695,0.9328165374677002,1650
29667,0.9855198829134618,1650
45849,0.9855198829134618,1650
100698,0.9328165374677002,1650
44637,0.9729318734793188,1650
99203,0.9855198829134618,1650
16579,0.9328165374677002,1650
24632,0.9729318734793188,1650
103419,0.9855198829134618,1650
33269,0.9729318734793188,1650
31285,0.9855198829134618,1650
102492,0.9855198829134618,1650
92044,0.9855198829134618,1650
44705,0.9855198829134618,1650
34927,0.8403336748134055,1650
19342,0.8403336748134055,1650
50180,0.9855198829134618,1650
50987,0.9855198829134618,1650
55429,0.9855198829134618,1650
28309,0.9855198829134618,1650
79858,0.9729318734793188,1650
39050,0.9855198829134618,1650
86703,0.9294968363965049,1650
45836,0.9328165374677002,1650
2740,0.9855198829134618,1650
18171,0.9534913353720693,1650
96779,0.9855198829134618,1650
7376,0.8908624432603118,1650
45693,0.9855198829134618,1650
7128,0.8908624432603118,1650
2885,0.9534913353720693,1650
113926,0.9855198829134618,1650
88116,0.9855198829134618,1650
45625,0.9855198829134618,1650
28994,0.9855198829134618,1650
33241,0.9729318734793188,1650
101472,0.9328165374677002,1650
89640,0.9534913353720693,1650
82815,0.9855198829134618,1650
6268,0.9855198829134618,1650
35655,0.7140039447731755,1650
86067,0.9855198829134618,1650
8904,0.9605658709106984,1650
3122,0.9855198829134618,1650
40383,0.878755364806867,1650
46573,0.9729318734793188,1650
13268,0.8908624432603118,1650
41858,0.9729318734793188,1650
7220,0.9729318734793188,1650
36205,0.9421383647798742,1650
31698,0.878755364806867,1650
97421,0.9421383647798742,1650
83711,0.9855198829134618,1650
30673,0.8403336748134055,1650
74916,0.9855198829134618,1650
104297,0.9294968363965049,1650
77795,0.9855198829134618,1650
30930,0.9605658709106984,1650
40080,0.8403336748134055,1650
62919,0.9328165374677002,1650
19818,0.5986622073578596,1650
60043,0.8403336748134055,1650
19219,0.9534913353720693,1650
2163,0.8607594936708861,1650
98263,0.9855198829134618,1650
3784,0.9855198829134618,1650
7579,0.468,1650
25367,0.9855198829134618,1650
79786,0.8908624432603118,1650
39726,0.9855198829134618,1650
20806,0.9855198829134618,1650
68073,0.8403336748134055,1650
19648,0.8403336748134055,1650
17891,0.8908624432603118,1650
16106,0.9855198829134618,1650
85618,0.9855198829134618,1650
17786,0.9729318734793188,1650
91429,0.9534913353720693,1650
113305,0.9605658709106984,1650
7854,0.8908624432603118,1650
73088,0.9294968363965049,1650
1836,0.878755364806867,1650
85138,0.9534913353720693,1650
69240,0.9855198829134618,1650
101415,0.9729318734793188,1650
103215,0.6086956521739131,1650
91055,0.8403336748134055,1650
12904,0.878755364806867,1650
15562,0.9855198829134618,1650
85847,0.9855198829134618,1650
37553,0.9729318734793188,1650
36189,0.9605658709106984,1650
52943,0.9534913353720693,1650
55612,0.8403336748134055,1650
99788,0.8908624432603118,1650
85841,0.8403336748134055,1650
109643,0.9328165374677002,1650
22356,0.9605658709106984,1650
68488,0.9855198829134618,1650
104027,0.9294968363965049,1650
63047,0.9855198829134618,1650
13486,0.7140039447731755,1650
16214,0.9328165374677002,1650
56915,0.9855198829134618,1650
56435,0.7116402116402116,1650
10528,0.8908624432603118,1650
31832,0.9605658709106984,1650
27200,0.9855198829134618,1650
94552,0.9855198829134618,1650
107421,0.5373831775700935,1650
84839,0.9855198829134618,1650
53707,0.9855198829134618,1650
30851,0.9855198829134618,1650
29831,0.7116402116402116,1650
68061,0.8403336748134055,1650
38538,0.9605658709106984,1650
25636,0.878755364806867,1650
19537,0.9534913353720693,1650
108306,0.8263772954924875,1650
3638,0.8908624432603118,1650
104349,0.9855198829134618,1650
53595,0.9855198829134618,1650
52079,0.9328165374677002,1650
44527,0.9855198829134618,1650
59279,0.8403336748134055,1650
30368,0.9855198829134618,1650
55973,0.9855198829134618,1650
98177,0.8403336748134055,1650
86203,0.9534913353720693,1650
867,0.9605658709106984,1650
75038,0.9328165374677002,1650
17321,0.9421383647798742,1650
27872,0.9855198829134618,1650
24010,0.9729318734793188,1650
62012,0.9855198829134618,1650
46066,0.8908624432603118,1650
2773,0.9421383647798742,1650
90611,0.9328165374677002,1650
1076,0.9855198829134618,1650
111440,0.9534913353720693,1650
67268,0.9855198829134618,1650
70161,0.9855198829134618,1650
57042,0.8908624432603118,1650
52557,0.9855198829134618,1650
30372,0.8403336748134055,1650
83010,0.9855198829134618,1650
79764,0.9855198829134618,1650
16096,0.9855198829134618,1650
64828,0.9605658709106984,1650
82944,0.9855198829134618,1650
98728,0.9605658709106984,1650
40175,0.9855198829134618,1650
17103,0.9855198829134618,1650
110409,0.8403336748134055,1650
97478,0.9729318734793188,1650
67465,0.878755364806867,1650
83783,0.9855198829134618,1650
92011,0.9855198829134618,1650
108664,0.9534913353720693,1650
56822,0.9605658709106984,1650
48647,0.9421383647798742,1650
54426,0.9855198829134618,1650
12836,0.8263772954924875,1650
50449,0.8908624432603118,1650
8374,0.9855198829134618,1650
48601,0.9729318734793188,1650
79115,0.9534913353720693,1650
64637,0.9855198829134618,1650
100182,0.9729318734793188,1650
7858,0.9729318734793188,1650
86978,0.9855198829134618,1650
92932,0.9294968363965049,1650
42379,0.9729318734793188,1650
32790,0.8908624432603118,1650
85044,0.9328165374677002,1650
61513,0.8908624432603118,1650
36039,0.9855198829134618,1650
34533,0.8908624432603118,1650
27434,0.9855198829134618,1650
101178,0.9534913353720693,1650
106608,0.9855198829134618,1650
76216,0.8403336748134055,1650
33098,0.9855198829134618,1650
83518,0.9855198829134618,1650
26864,0.9605658709106984,1650
82688,0.8403336748134055,1650
5610,0.9294968363965049,1650
97764,0.9855198829134618,1650
39758,0.9855198829134618,1650
83310,0.8908624432603118,1650
87323,0.9855198829134618,1650
73267,0.8908624432603118,1650
29494,0.9729318734793188,1650
29724,0.9855198829134618,1650
89564,0.9729318734793188,1650
105783,0.9605658709106984,1650
19559,0.8607594936708861,1650
97057,0.9534913353720693,1650
44231,0.9855198829134618,1650
107442,0.9328165374677002,1650
112433,0.9855198829134618,1650
87627,0.9855198829134618,1650
100090,0.9605658709106984,1650
55707,0.9605658709106984,1650
110511,0.8403336748134055,1650
78660,0.9855198829134618,1650
59622,0.9534913353720693,1650
44205,0.5986622073578596,1650
80697,0.9855198829134618,1650
105198,0.9855198829134618,1650
56539,0.9855198829134618,1650
73160,0.7601626016260162,1650
99829,0.9855198829134618,1650
58627,0.9855198829134618,1650
7970,0.9855198829134618,1650
45030,0.878755364806867,1650
10894,0.9534913353720693,1650
35370,0.8908624432603118,1650
47551,0.9421383647798742,1650
31426,0.8403336748134055,1650
20610,0.9855198829134618,1650
27605,0.9855198829134618,1650
61195,0.9855198829134618,1650
20766,0.9421383647798742,1650
19239,0.9855198829134618,1650
51572,0.9855198829134618,1650
61114,0.8403336748134055,1650
8494,0.9605658709106984,1650
19011,0.9855198829134618,1650
26994,0.9534913353720693,1650
104097,0.9855198829134618,1650
101935,0.9729318734793188,1650
60720,0.14285714285714285,1650
100007,0.9328165374677002,1650
968,0.9729318734793188,1650
69165,0.9294968363965049,1650
11739,0.9855198829134618,1650
107267,0.9855198829134618,1650
12830,0.9605658709106984,1650
94916,0.9855198829134618,1650
102493,0.9855198829134618,1650
103113,0.9855198829134618,1650
7202,0.9855198829134618,1650
86380,0.9534913353720693,1650
55923,0.9855198829134618,1650
63343,0.9605658709106984,1650
102214,0.9294968363965049,1650
86666,0.9855198829134618,1650
56445,0.8908624432603118,1650
103737,0.9328165374677002,1650
21524,0.9855198829134618,1650
55244,0.9534913353720693,1650
36199,0.8403336748134055,1650
10562,0.9855198829134618,1650
68219,0.6086956521739131,1650
72775,0.8403336748134055,1650
1249,0.9855198829134618,1650
90258,0.9855198829134618,1650
37916,0.9855198829134618,1650
78094,0.9328165374677002,1650
90009,0.9855198829134618,1650
71672,0.9855198829134618,1650
50964,0.9855198829134618,1650
89683,0.9855198829134618,1650
6840,0.9855198829134618,1650
52689,0.9855198829134618,1650
30782,0.9855198829134618,1650
86345,0.7140039447731755,1650
10117,0.9855198829134618,1650
73983,0.9855198829134618,1650
59604,0.9855198829134618,1650
24846,0.9729318734793188,1650
10945,0.9605658709106984,1650
25189,0.8403336748134055,1650
98468,0.9729318734793188,1650
112036,0.8403336748134055,1650
34554,0.9855198829134618,1650
62197,0.8403336748134055,1650
4603,0.9729318734793188,1650
24672,0.9729318734793188,1650
98922,0.9534913353720693,1650
1505,0.9729318734793188,1650
88952,0.5986622073578596,1650
46412,0.8908624432603118,1650
25658,0.9729318734793188,1650
97117,0.9855198829134618,1650
35027,0.9855198829134618,1650
189,0.9855198829134618,1650
18331,0.9729318734793188,1650
25617,0.9534913353720693,1650
13809,0.9855198829134618,1650
34112,0.8908624432603118,1650
61163,0.9729318734793188,1650
85282,0.9855198829134618,1650
25526,0.9534913353720693,1650
100057,0.9729318734793188,1650
101077,0.9534913353720693,1650
59676,0.9855198829134618,1650
78675,0.8908624432603118,1650
63560,0.9729318734793188,1650
109193,0.8607594936708861,1650
65267,0.9534913353720693,1650
63400,0.9855198829134618,1650
46084,0.9855198829134618,1650
82654,0.8908624432603118,1650
32178,0.9534913353720693,1650
27186,0.9605658709106984,1650
93438,0.9855198829134618,1650
3179,0.9855198829134618,1650
106913,0.8403336748134055,1650
67038,0.9855198829134618,1650
108909,0.8908624432603118,1650
93786,0.8908624432603118,1650
48678,0.8908624432603118,1650
28667,0.9729318734793188,1650
45028,0.9855198829134618,1650
63522,0.5986622073578596,1650
38396,0.9855198829134618,1650
76251,0.9855198829134618,1650
111991,0.9855198829134618,1650
72825,0.9534913353720693,1650
100550,0.9534913353720693,1650
69125,0.9855198829134618,1650
72974,0.8403336748134055,1650
87755,0.9421383647798742,1650
71146,0.9855198829134618,1650
92434,0.9605658709106984,1650
50412,0.9855198829134618,1650
52520,0.9855198829134618,1650
41168,0.9855198829134618,1650
5498,0.9855198829134618,1650
108128,0.9729318734793188,1650
99538,0.9605658709106984,1650
33452,0.9855198829134618,1650
22000,0.8403336748134055,1650
91940,0.9855198829134618,1650
111407,0.9294968363965049,1650
7939,0.9729318734793188,1650
17031,0.9294968363965049,1650
54036,0.9729318734793188,1650
45845,0.9855198829134618,1650
9984,0.8607594936708861,1650
59805,0.9534913353720693,1650
18984,0.9855198829134618,1650
59147,0.9534913353720693,1650
98216,0.8263772954924875,1650
78717,0.9855198829134618,1650
24752,0.9534913353720693,1650
59630,0.9855198829134618,1650
54527,0.9421383647798742,1650
87289,0.9534913353720693,1650
7008,0.9855198829134618,1650
60090,0.9534913353720693,1650
51907,0.9855198829134618,1650
54654,0.9855198829134618,1650
109824,0.9534913353720693,1650
27969,0.8607594936708861,1650
67618,0.9855198829134618,1650
75936,0.9534913353720693,1650
48638,0.8908624432603118,1650
43120,0.9534913353720693,1650
76337,0.9328165374677002,1650
37410,0.7116402116402116,1650
79302,0.9534913353720693,1650
42649,0.9855198829134618,1650
64199,0.9729318734793188,1650
88013,0.9855198829134618,1650
95684,0.9294968363965049,1650
14757,0.9729318734793188,1650
91739,0.8263772954924875,1650
97751,0.9855198829134618,1650
50031,0.9729318734793188,1650
21147,0.9855198829134618,1650
114053,0.8403336748134055,1650
10934,0.9534913353720693,1650
52971,0.8403336748134055,1650
96692,0.9855198829134618,1650
103548,0.9855198829134618,1650
63185,0.9855198829134618,1650
12754,0.9605658709106984,1650
53775,0.9855198829134618,1650
79795,0.9855198829134618,1650
20164,0.9855198829134618,1650
107908,0.9294968363965049,1650
38545,0.9855198829134618,1650
28854,0.9855198829134618,1650
76440,0.9855198829134618,1650
14593,0.9855198829134618,1650
47120,0.9294968363965049,1650
13591,0.9534913353720693,1650
49235,0.7116402116402116,1650
8832,0.8908624432603118,1650
52838,0.9855198829134618,1650
48464,0.9855198829134618,1650
49345,0.9605658709106984,1650
54524,0.8403336748134055,1650
89910,0.9855198829134618,1650
4000,0.9855198829134618,1650
113699,0.9855198829134618,1650
40637,0.9605658709106984,1650
48225,0.8403336748134055,1650
55658,0.9855198829134618,1650
50637,0.9534913353720693,1650
77667,0.9855198829134618,1650
98420,0.9605658709106984,1650
98267,0.9855198829134618,1650
13326,0.9605658709106984,1650
5769,0.9855198829134618,1650
4934,0.8403336748134055,1650
42936,0.9855198829134618,1650
43061,0.9605658709106984,1650
86573,0.8607594936708861,1650
99733,0.9534913353720693,1650
85453,0.9729318734793188,1650
104393,0.9855198829134618,1650
68406,0.8403336748134055,1650
23146,0.8908624432603118,1650
76111,0.9855198829134618,1650
70617,0.9855198829134618,1650
63776,0.9294968363965049,1650
87794,0.9855198829134618,1650
112031,0.9855198829134618,1650
77420,0.8908624432603118,1650
108454,0.9855198829134618,1650
111656,0.878755364806867,1650
11171,0.3236994219653179,1650
2525,0.9328165374677002,1650
21162,0.9534913353720693,1650
54933,0.9328165374677002,1650
2016,0.9328165374677002,1650
42737,0.9534913353720693,1650
97034,0.9855198829134618,1650
100009,0.9855198829134618,1650
38428,0.9855198829134618,1650
61734,0.8908624432603118,1650
85991,0.9855198829134618,1650
81094,0.9855198829134618,1650
31873,0.9855198829134618,1650
23247,0.9855198829134618,1650
105388,0.9855198829134618,1650
97110,0.9534913353720693,1650
8368,0.8403336748134055,1650
73987,0.9534913353720693,1650
100328,0.9328165374677002,1650
70480,0.9729318734793188,1650
92412,0.9855198829134618,1650
99132,0.9294968363965049,1650
13793,0.9729318734793188,1650
16551,0.9729318734793188,1650
55953,0.9855198829134618,1650
6843,0.9855198829134618,1650
25742,0.9534913353720693,1650
107921,0.8908624432603118,1650
112216,0.9855198829134618,1650
68125,0.9855198829134618,1650
84479,0.9855198829134618,1650
107566,0.9855198829134618,1650
24079,0.9855198829134618,1650
87653,0.9534913353720693,1650
96834,0.9855198829134618,1650
81248,0.9729318734793188,1650
79458,0.9855198829134618,1650
37288,0.9729318734793188,1650
67475,0.7116402116402116,1650
95336,0.9855198829134618,1650
54213,0.9855198829134618,1650
19028,0.6086956521739131,1650
37041,0.9534913353720693,1650
40018,0.8908624432603118,1650
70901,0.9855198829134618,1650
63648,0.8403336748134055,1650
49143,0.8403336748134055,1650
105804,0.8908624432603118,1650
52191,0.9855198829134618,1650
82452,0.9534913353720693,1650
60425,0.9855198829134618,1650
59366,0.9855198829134618,1650
113668,0.8403336748134055,1650
101156,0.9855198829134618,1650
41304,0.9855198829134618,1650
36921,0.9729318734793188,1650
98179,0.8403336748134055,1650
40461,0.9534913353720693,1650
61265,0.9855198829134618,1650
42988,0.9855198829134618,1650
10232,0.9855198829134618,1650
44295,0.8908624432603118,1650
11172,0.8403336748134055,1650
2659,0.9534913353720693,1650
31985,0.8908624432603118,1650
6065,0.8908624432603118,1650
19828,0.9855198829134618,1650
60221,0.9855198829134618,1650
79137,0.8908624432603118,1650
5568,0.8908624432603118,1650
69693,0.7222222222222222,1650
61871,0.9855198829134618,1650
63512,0.9855198829134618,1650
88908,0.8908624432603118,1650
16347,0.9855198829134618,1650
17718,0.9855198829134618,1650
3165,0.9729318734793188,1650
74315,0.9855198829134618,1650
3859,0.9605658709106984,1650
74135,0.9855198829134618,1650
27911,0.9855198829134618,1650
31085,0.8908624432603118,1650
37138,0.8403336748134055,1650
43738,0.9534913353720693,1650
36272,0.9729318734793188,1650
27271,0.9855198829134618,1650
53371,0.9855198829134618,1650
66195,0.9855198829134618,1650
4981,0.9855198829134618,1650
92037,0.8403336748134055,1650
109440,0.8908624432603118,1650
105947,0.9729318734793188,1650
38200,0.9855198829134618,1650
35104,0.9855198829134618,1650
3808,0.9729318734793188,1650
48805,0.9605658709106984,1650
3255,0.9534913353720693,1650
66301,0.9729318734793188,1650
51690,0.9855198829134618,1650
2001,0.9855198829134618,1650
4600,0.9534913353720693,1650
110974,0.9294968363965049,1650
26022,0.9605658709106984,1650
36918,0.9855198829134618,1650
17405,0.8403336748134055,1650
35088,0.9729318734793188,1650
48072,0.9328165374677002,1650
54339,0.9729318734793188,1650
67003,0.9534913353720693,1650
24468,0.9729318734793188,1650
59392,0.9855198829134618,1650
60673,0.9294968363965049,1650
18412,0.8403336748134055,1650
15458,0.7116402116402116,1650
2509,0.9855198829134618,1650
27182,0.9855198829134618,1650
76907,0.8908624432603118,1650
67511,0.8403336748134055,1650
53545,0.9855198829134618,1650
51149,0.9534913353720693,1650
24437,0.8908624432603118,1650
102499,0.9729318734793188,1650
51673,0.9855198829134618,1650
2449,0.8403336748134055,1650
80856,0.8403336748134055,1650
43821,0.9855198829134618,1650
34456,0.9729318734793188,1650
92410,0.6086956521739131,1650
90143,0.9855198829134618,1650
38224,0.8403336748134055,1650
75747,0.8908624432603118,1650
82434,0.9855198829134618,1650
45174,0.9605658709106984,1650
86088,0.9855198829134618,1650
76465,0.9421383647798742,1650
111765,0.9855198829134618,1650
23118,0.9855198829134618,1650
10870,0.9855198829134618,1650
20658,0.8263772954924875,1650
110356,0.8908624432603118,1650
69519,0.9855198829134618,1650
39971,0.5373831775700935,1650
9887,0.9855198829134618,1650
92224,0.7601626016260162,1650
41090,0.9855198829134618,1650
101356,0.9729318734793188,1650
102343,0.9855198829134618,1650
42129,0.9729318734793188,1650
91351,0.8403336748134055,1650
46500,0.8908624432603118,1650
108829,0.9328165374677002,1650
70895,0.9729318734793188,1650
46127,0.9855198829134618,1650
25889,0.9855198829134618,1650
32090,0.8607594936708861,1650
71515,0.9855198829134618,1650
5633,0.9855198829134618,1650
74350,0.8403336748134055,1650
64593,0.8403336748134055,1650
61298,0.8908624432603118,1650
88331,0.878755364806867,1650
71444,0.9605658709106984,1650
37971,0.8403336748134055,1650
7830,0.8403336748134055,1650
70757,0.9605658709106984,1650
537,0.9294968363965049,1650
46659,0.9605658709106984,1650
104446,0.8263772954924875,1650
49915,0.9328165374677002,1650
27983,0.9729318734793188,1650
82501,0.9294968363965049,1650
44836,0.9855198829134618,1650
43929,0.9328165374677002,1650
69687,0.9855198829134618,1650
41152,0.9855198829134618,1650
94753,0.9855198829134618,1650
93297,0.9855198829134618,1650
96827,0.9855198829134618,1650
54938,0.9729318734793188,1650
99830,0.8403336748134055,1650
46964,0.9534913353720693,1650
15793,0.9421383647798742,1650
27832,0.9534913353720693,1650
65642,0.9605658709106984,1650
35826,0.9605658709106984,1650
56943,0.9534913353720693,1650
103493,0.9605658709106984,1650
28456,0.9294968363965049,1650
76282,0.9729318734793188,1650
90758,0.9855198829134618,1650
27476,0.7140039447731755,1650
5849,0.8908624432603118,1650
96729,0.9534913353720693,1650
83670,0.9729318734793188,1650
84394,0.8403336748134055,1650
13340,0.9855198829134618,1650
26424,0.9605658709106984,1650
71639,0.9855198829134618,1650
81688,0.9855198829134618,1650
104410,0.8403336748134055,1650
65944,0.9855198829134618,1650
33131,0.9605658709106984,1650
83563,0.8403336748134055,1650
5137,0.9605658709106984,1650
101655,0.9855198829134618,1650
8183,0.9855198829134618,1650
62049,0.9534913353720693,1650
112965,0.8403336748134055,1650
68056,0.9855198829134618,1650
25360,0.9328165374677002,1650
10833,0.8607594936708861,1650
84431,0.9605658709106984,1650
8965,0.9855198829134618,1650
61156,0.9855198829134618,1650
18925,0.9855198829134618,1650
14259,0.8403336748134055,1650
29099,0.9534913353720693,1650
100901,0.9605658709106984,1650
5917,0.9328165374677002,1650
100565,0.9605658709106984,1650
107674,0.9855198829134618,1650
82348,0.8908624432603118,1650
72690,0.9605658709106984,1650
15410,0.9294968363965049,1650
110202,0.9294968363965049,1650
23422,0.9855198829134618,1650
23598,0.9534913353720693,1650
58419,0.8403336748134055,1650
48564,0.9328165374677002,1650
87639,0.9605658709106984,1650
38572,0.9855198829134618,1650
107940,0.9855198829134618,1650
22148,0.7140039447731755,1650
57540,0.9855198829134618,1650
27188,0.9729318734793188,1650
43942,0.9855198829134618,1650
10605,0.8403336748134055,1650
91119,0.9855198829134618,1650
97582,0.9855198829134618,1650
66223,0.9421383647798742,1650
100889,0.9855198829134618,1650
21218,0.8908624432603118,1650
48867,0.3236994219653179,1650
1068,0.9294968363965049,1650
46899,0.9855198829134618,1650
110246,0.9294968363965049,1650
108512,0.9605658709106984,1650
85754,0.9534913353720693,1650
38787,0.9294968363965049,1650
54301,0.9855198829134618,1650
102868,0.9729318734793188,1650
75063,0.9855198829134618,1650
13603,0.9605658709106984,1650
3374,0.9855198829134618,1650
31583,0.9729318734793188,1650
35614,0.9855198829134618,1650
24148,0.9855198829134618,1650
58641,0.9605658709106984,1650
89005,0.9729318734793188,1650
13335,0.9729318734793188,1650
37835,0.9534913353720693,1650
85440,0.9855198829134618,1650
95447,0.9534913353720693,1650
61518,0.9729318734793188,1650
22062,0.9729318734793188,1650
79389,0.9855198829134618,1650
38965,0.9855198829134618,1650
96219,0.9855198829134618,1650
19740,0.8403336748134055,1650
34127,0.9855198829134618,1650
48649,0.8403336748134055,1650
48007,0.8403336748134055,1650
113492,0.9605658709106984,1650
66557,0.9855198829134618,1650
104299,0.9729318734793188,1650
69285,0.9855198829134618,1650
50345,0.9855198829134618,1650
23990,0.9605658709106984,1650
99472,0.9729318734793188,1650
95918,0.9729318734793188,1650
96067,0.9855198829134618,1650
78807,0.9855198829134618,1650
60335,0.9855198829134618,1650
104640,0.9855198829134618,1650
50232,0.9605658709106984,1650
77068,0.9855198829134618,1650
83978,0.9855198829134618,1650
41749,0.8403336748134055,1650
102155,0.9534913353720693,1650
63722,0.8908624432603118,1650
67372,0.9855198829134618,1650
98453,0.9534913353720693,1650
73297,0.8263772954924875,1650
71448,0.9534913353720693,1650
70574,0.8908624432603118,1650
57376,0.9729318734793188,1650
82375,0.9855198829134618,1650
27105,0.9294968363965049,1650
86935,0.9328165374677002,1650
97803,0.9855198829134618,1650
113604,0.9855198829134618,1650
112708,0.9855198829134618,1650
112030,0.9729318734793188,1650
35019,0.9855198829134618,1650
78636,0.9855198829134618,1650
65261,0.9729318734793188,1650
39845,0.9855198829134618,1650
51429,0.9855198829134618,1650
108915,0.878755364806867,1650
82012,0.9855198829134618,1650
43479,0.7140039447731755,1650
54564,0.9855198829134618,1650
49663,0.9605658709106984,1650
2349,0.9328165374677002,1650
27161,0.9855198829134618,1650
12419,0.8263772954924875,1650
36417,0.9855198829134618,1650
6321,0.8403336748134055,1650
104888,0.9729318734793188,1650
37921,0.9534913353720693,1650
109267,0.9855198829134618,1650
51931,0.8403336748134055,1650
8515,0.8908624432603118,1650
46206,0.9729318734793188,1650
57797,0.9855198829134618,1650
23413,0.9855198829134618,1650
15346,0.9855198829134618,1650
8621,0.9855198829134618,1650
91508,0.9855198829134618,1650
11394,0.9855198829134618,1650
68013,0.9855198829134618,1650
8803,0.8607594936708861,1650
32111,0.8403336748134055,1650
74452,0.9294968363965049,1650
3635,0.9855198829134618,1650
60580,0.9534913353720693,1650
2388,0.9855198829134618,1650
111323,0.9534913353720693,1650
1769,0.9534913353720693,1650
28602,0.8403336748134055,1650
51500,0.9855198829134618,1650
80075,0.9855198829134618,1650
54284,0.9855198829134618,1650
81334,0.9534913353720693,1650
51320,0.8403336748134055,1650
105081,0.9855198829134618,1650
99349,0.9855198829134618,1650
78077,0.6086956521739131,1650
4400,0.9605658709106984,1650
69213,0.8908624432603118,1650
54715,0.9729318734793188,1650
3137,0.9328165374677002,1650
35217,0.9534913353720693,1650
106968,0.8263772954924875,1650
52655,0.9855198829134618,1650
86785,0.8908624432603118,1650
40528,0.9605658709106984,1650
96826,0.8403336748134055,1650
4534,0.8403336748134055,1650
13039,0.8263772954924875,1650
77033,0.9534913353720693,1650
105442,0.9729318734793188,1650
96327,0.9534913353720693,1650
82439,0.9729318734793188,1650
20417,0.9729318734793188,1650
106352,0.9855198829134618,1650
13110,0.9855198829134618,1650
20502,0.9328165374677002,1650
1875,0.9855198829134618,1650
92549,0.9729318734793188,1650
66500,0.9534913353720693,1650
87340,0.9534913353720693,1650
18864,0.9729318734793188,1650
68495,0.9605658709106984,1650
79367,0.9855198829134618,1650
86403,0.9534913353720693,1650
62251,0.9855198829134618,1650
79224,0.9294968363965049,1650
61926,0.8908624432603118,1650
52549,0.9605658709106984,1650
894,0.9534913353720693,1650
86231,0.9855198829134618,1650
66615,0.9534913353720693,1650
10866,0.9534913353720693,1650
70613,0.5373831775700935,1650
106184,0.9605658709106984,1650
16576,0.9855198829134618,1650
94746,0.468,1650
108151,0.9855198829134618,1650
68693,0.9855198829134618,1650
97345,0.9729318734793188,1650
101878,0.9855198829134618,1650
5400,0.8908624432603118,1650
40420,0.9855198829134618,1650
99641,0.72,1650
100715,0.9534913353720693,1650
3866,0.9605658709106984,1650
112233,0.9729318734793188,1650
93485,0.8908624432603118,1650
103744,0.9855198829134618,1650
101603,0.878755364806867,1650
19339,0.9534913353720693,1650
44668,0.9855198829134618,1650
77603,0.8908624432603118,1650
47592,0.9605658709106984,1650
111202,0.8908624432603118,1650
80748,0.9855198829134618,1650
87121,0.9855198829134618,1650
48245,0.9729318734793188,1650
81899,0.9605658709106984,1650
77686,0.9729318734793188,1650
11268,0.8908624432603118,1650
44151,0.7116402116402116,1650
45250,0.7116402116402116,1650
15201,0.8908624432603118,1650
4991,0.9855198829134618,1650
17375,0.8403336748134055,1650
25407,0.878755364806867,1650
109529,0.9729318734793188,1650
17449,0.9534913353720693,1650
31599,0.9294968363965049,1650
73084,0.9855198829134618,1650
78281,0.9855198829134618,1650
98835,0.9855198829134618,1650
101661,0.9421383647798742,1650
82072,0.8403336748134055,1650
28407,0.9855198829134618,1650
64177,0.9855198829134618,1650
49656,0.8403336748134055,1650
32494,0.9294968363965049,1650
59349,0.9729318734793188,1650
26497,0.9855198829134618,1650
11531,0.9605658709106984,1650
20399,0.8403336748134055,1650
45750,0.9855198829134618,1650
38388,0.8403336748134055,1650
110912,0.9534913353720693,1650
72481,0.9855198829134618,1650
106387,0.6086956521739131,1650
84138,0.9729318734793188,1650
103811,0.9729318734793188,1650
108212,0.8403336748134055,1650
91381,0.8908624432603118,1650
34739,0.9534913353720693,1650
27592,0.9534913353720693,1650
87819,0.9729318734793188,1650
13239,0.3236994219653179,1650
62616,0.8908624432603118,1650
67453,0.9855198829134618,1650
69396,0.9534913353720693,1650
29096,0.9294968363965049,1650
24558,0.9855198829134618,1650
9968,0.8607594936708861,1650
91078,0.9855198829134618,1650
111491,0.9855198829134618,1650
48720,0.9605658709106984,1650
17885,0.9855198829134618,1650
22989,0.9855198829134618,1650
5907,0.9729318734793188,1650
91330,0.9729318734793188,1650
56329,0.8403336748134055,1650
13997,0.9729318734793188,1650
107354,0.8263772954924875,1650
32755,0.9855198829134618,1650
11956,0.9855198829134618,1650
57480,0.8403336748134055,1650
84284,0.9294968363965049,1650
14903,0.9328165374677002,1650
103436,0.9855198829134618,1650
84923,0.9855198829134618,1650
9146,0.9855198829134618,1650
29675,0.9294968363965049,1650
113414,0.9605658709106984,1650
24979,0.9729318734793188,1650
96188,0.9855198829134618,1650
113513,0.9729318734793188,1650
37242,0.9534913353720693,1650
87176,0.9605658709106984,1650
99614,0.9855198829134618,1650
30924,0.9534913353720693,1650
63831,0.9294968363965049,1650
16784,0.9534913353720693,1650
77960,0.9534913353720693,1650
17589,0.9729318734793188,1650
49177,0.9855198829134618,1650
56690,0.9855198829134618,1650
11967,0.9729318734793188,1650
33265,0.9855198829134618,1650
75319,0.9421383647798742,1650
67572,0.8403336748134055,1650
32618,0.9855198829134618,1650
92973,0.468,1650
107664,0.9855198829134618,1650
44436,0.9855198829134618,1650
87360,0.9855198829134618,1650
4134,0.9729318734793188,1650
110501,0.9534913353720693,1650
79852,0.9855198829134618,1650
35143,0.8908624432603118,1650
43381,0.9855198829134618,1650
34504,0.468,1650
4996,0.9855198829134618,1650
110178,0.8908624432603118,1650
75422,0.9328165374677002,1650
13852,0.8908624432603118,1650
84652,0.9534913353720693,1650
57381,0.9855198829134618,1650
104586,0.9855198829134618,1650
94157,0.9534913353720693,1650
64325,0.9855198829134618,1650
21843,0.9729318734793188,1650
56065,0.9855198829134618,1650
4595,0.8403336748134055,1650
103282,0.9855198829134618,1650
42312,0.9534913353720693,1650
88911,0.9855198829134618,1650
62035,0.9534913353720693,1650
35353,0.9729318734793188,1650
46772,0.8908624432603118,1650
41194,0.9855198829134618,1650
21,0.9729318734793188,1650
9424,0.9855198829134618,1650
3901,0.9729318734793188,1650
83322,0.5373831775700935,1650
37263,0.9294968363965049,1650
32975,0.9328165374677002,1650
94429,0.9855198829134618,1650
76375,0.9605658709106984,1650
53015,0.9605658709106984,1650
44652,0.9729318734793188,1650
99322,0.8403336748134055,1650
66302,0.9328165374677002,1650
50849,0.9729318734793188,1650
20990,0.8403336748134055,1650
26282,0.9855198829134618,1650
5893,0.9534913353720693,1650
62714,0.9855198829134618,1650
86724,0.9729318734793188,1650
87110,0.9855198829134618,1650
12966,0.9855198829134618,1650
63844,0.9605658709106984,1650
22089,0.7140039447731755,1650
35873,0.9421383647798742,1650
80657,0.9328165374677002,1650
55139,0.9855198829134618,1650
92342,0.9855198829134618,1650
16258,0.9855198829134618,1650
75103,0.8607594936708861,1650
80376,0.9855198829134618,1650
21332,0.9855198829134618,1650
24490,0.8263772954924875,1650
65971,0.8908624432603118,1650
72893,0.8263772954924875,1650
19435,0.9855198829134618,1650
56456,0.8403336748134055,1650
4151,0.9855198829134618,1650
112376,0.9534913353720693,1650
103337,0.9855198829134618,1650
75955,0.9605658709106984,1650
107528,0.9729318734793188,1650
56050,0.9855198829134618,1650
66396,0.9855198829134618,1650
31680,0.9729318734793188,1650
23048,0.9605658709106984,1650
34097,0.9534913353720693,1650
15222,0.9855198829134618,1650
98919,0.878755364806867,1650
10570,0.9855198829134618,1650
74064,0.9855198829134618,1650
15945,0.9294968363965049,1650
103891,0.9605658709106984,1650
25370,0.9729318734793188,1650
106491,0.9605658709106984,1650
53512,0.7140039447731755,1650
89022,0.9855198829134618,1650
10154,0.9855198829134618,1650
39995,0.8908624432603118,1650
19136,0.9534913353720693,1650
27522,0.9855198829134618,1650
9841,0.9855198829134618,1650
70355,0.9855198829134618,1650
99994,0.9855198829134618,1650
87964,0.8908624432603118,1650
91261,0.9855198829134618,1650
20275,0.8403336748134055,1650
84726,0.8263772954924875,1650
25999,0.9855198829134618,1650
66138,0.9855198829134618,1650
68393,0.9328165374677002,1650
44520,0.8403336748134055,1650
102044,0.9534913353720693,1650
19865,0.9855198829134618,1650
82198,0.9855198829134618,1650
76683,0.9534913353720693,1650
44346,0.9729318734793188,1650
50505,0.9855198829134618,1650
23713,0.9855198829134618,1650
98266,0.9855198829134618,1650
113539,0.9605658709106984,1650
92778,0.9855198829134618,1650
16739,0.8908624432603118,1650
111921,0.9605658709106984,1650
89384,0.9855198829134618,1650
24985,0.9294968363965049,1650
106248,0.9729318734793188,1650
110008,0.8403336748134055,1650
83718,0.9855198829134618,1650
71785,0.8263772954924875,1650
80903,0.9855198829134618,1650
49063,0.8403336748134055,1650
70028,0.9294968363965049,1650
9849,0.9855198829134618,1650
112785,0.9729318734793188,1650
103155,0.9855198829134618,1650
3966,0.9855198829134618,1650
102139,0.9534913353720693,1650
66627,0.9855198829134618,1650
107374,0.9534913353720693,1650
3285,0.9855198829134618,1650
108715,0.9855198829134618,1650
30973,0.9855198829134618,1650
42372,0.9729318734793188,1650
65544,0.9855198829134618,1650
65128,0.9855198829134618,1650
3940,0.9534913353720693,1650
95410,0.8908624432603118,1650
23561,0.9855198829134618,1650
52137,0.9855198829134618,1650
72356,0.9729318734793188,1650
59481,0.9855198829134618,1650
44318,0.8908624432603118,1650
48048,0.9855198829134618,1650
25321,0.9729318734793188,1650
57896,0.9855198829134618,1650
67107,0.9855198829134618,1650
43650,0.8403336748134055,1650
113155,0.8607594936708861,1650
34326,0.9605658709106984,1650
38985,0.9605658709106984,1650
73836,0.9855198829134618,1650
42895,0.8403336748134055,1650
21080,0.9605658709106984,1650
96580,0.8403336748134055,1650
14795,0.9729318734793188,1650
103480,0.9328165374677002,1650
77882,0.7116402116402116,1650
9516,0.9855198829134618,1650
11054,0.8908624432603118,1650
39796,0.9855198829134618,1650
79346,0.9855198829134618,1650
90380,0.9729318734793188,1650
13417,0.9729318734793188,1650
104735,0.8403336748134055,1650
113738,0.8908624432603118,1650
85642,0.9729318734793188,1650
7698,0.9729318734793188,1650
41091,0.9855198829134618,1650
103717,0.9534913353720693,1650
24464,0.9294968363965049,1650
3115,0.9605658709106984,1650
19233,0.9855198829134618,1650
62224,0.9294968363965049,1650
112257,0.9729318734793188,1650
85760,0.9855198829134618,1650
112213,0.9855198829134618,1650
55239,0.9855198829134618,1650
2641,0.9534913353720693,1650
18302,0.9855198829134618,1650
42478,0.8908624432603118,1650
108889,0.9294968363965049,1650
21174,0.9855198829134618,1650
95335,0.8908624432603118,1650
71599,0.9855198829134618,1650
59214,0.9605658709106984,1650
108937,0.9534913353720693,1650
58951,0.9855198829134618,1650
36625,0.8908624432603118,1650
40055,0.9534913353720693,1650
82912,0.9605658709106984,1650
3707,0.9855198829134618,1650
93749,0.9855198829134618,1650
107445,0.9534913353720693,1650
112839,0.9855198829134618,1650
59300,0.9421383647798742,1650
41534,0.9855198829134618,1650
25386,0.9729318734793188,1650
9976,0.9855198829134618,1650
538,0.9729318734793188,1650
105497,0.9729318734793188,1650
89754,0.8908624432603118,1650
41910,0.9855198829134618,1650
36041,0.9855198829134618,1650
82379,0.9855198829134618,1650
100966,0.9534913353720693,1650
82728,0.8403336748134055,1650
44264,0.9534913353720693,1650
49373,0.9855198829134618,1650
45766,0.8403336748134055,1650
48104,0.9605658709106984,1650
52868,0.468,1650
40514,0.9855198829134618,1650
59917,0.9605658709106984,1650
99251,0.9855198829134618,1650
92248,0.9729318734793188,1650
33559,0.9855198829134618,1650
54101,0.9605658709106984,1650
113628,0.9534913353720693,1650
98219,0.9855198829134618,1650
1029,0.9855198829134618,1650
86239,0.7140039447731755,1650
65540,0.8908624432603118,1650
79985,0.9605658709106984,1650
40574,0.8403336748134055,1650
81996,0.9855198829134618,1650
87700,0.8403336748134055,1650
89093,0.8403336748134055,1650
25368,0.8908624432603118,1650
96688,0.9534913353720693,1650
103052,0.9328165374677002,1650
32683,0.8607594936708861,1650
109061,0.9729318734793188,1650
70678,0.9855198829134618,1650
5187,0.9855198829134618,1650
50460,0.9855198829134618,1650
8611,0.9855198829134618,1650
80641,0.9855198829134618,1650
6165,0.9294968363965049,1650
91649,0.9855198829134618,1650
113655,0.8403336748134055,1650
77739,0.9855198829134618,1650
76178,0.9855198829134618,1650
52891,0.9855198829134618,1650
43223,0.9855198829134618,1650
11510,0.9328165374677002,1650
106790,0.9328165374677002,1650
70162,0.9855198829134618,1650
113301,0.9729318734793188,1650
60943,0.9855198829134618,1650
28909,0.9855198829134618,1650
49386,0.9855198829134618,1650
78760,0.8403336748134055,1650
87398,0.878755364806867,1650
5106,0.9605658709106984,1650
56517,0.9294968363965049,1650
32063,0.8403336748134055,1650
53731,0.9729318734793188,1650
66320,0.6086956521739131,1650
113894,0.9855198829134618,1650
86166,0.6086956521739131,1650
111238,0.9294968363965049,1650
49334,0.9855198829134618,1650
83967,0.9294968363965049,1650
94255,0.878755364806867,1650
81450,0.9605658709106984,1650
51710,0.9729318734793188,1650
30575,0.9855198829134618,1650
39256,0.9855198829134618,1650
42008,0.9605658709106984,1650
56743,0.5373831775700935,1650
69827,0.9855198829134618,1650
105123,0.9855198829134618,1650
96996,0.9729318734793188,1650
15420,0.9855198829134618,1650
32900,0.9328165374677002,1650
90348,0.9729318734793188,1650
28998,0.8403336748134055,1650
85889,0.9534913353720693,1650
103112,0.8403336748134055,1650
93152,0.8908624432603118,1650
85083,0.9605658709106984,1650
49577,0.8403336748134055,1650
17056,0.9294968363965049,1650
82419,0.9855198829134618,1650
97080,0.9855198829134618,1650
63741,0.9534913353720693,1650
110888,0.9855198829134618,1650
18948,0.9534913353720693,1650
83035,0.8403336748134055,1650
33531,0.9729318734793188,1650
89138,0.9855198829134618,1650
65131,0.9605658709106984,1650
89868,0.8403336748134055,1650
494,0.8403336748134055,1650
855,0.9534913353720693,1650
59069,0.9855198829134618,1650
80553,0.9294968363965049,1650
110344,0.9855198829134618,1650
61253,0.9294968363965049,1650
94137,0.9855198829134618,1650
92686,0.9605658709106984,1650
6879,0.8403336748134055,1650
26791,0.9855198829134618,1650
98484,0.9729318734793188,1650
64484,0.9534913353720693,1650
105112,0.9855198829134618,1650
1270,0.9855198829134618,1650
97866,0.8403336748134055,1650
83269,0.9855198829134618,1650
109912,0.9294968363965049,1650
57646,0.9729318734793188,1650
78499,0.9855198829134618,1650
47552,0.7140039447731755,1650
45073,0.8403336748134055,1650
9909,0.8607594936708861,1650
14348,0.9855198829134618,1650
43047,0.9855198829134618,1650
52341,0.8403336748134055,1650
96325,0.9605658709106984,1650
41641,0.9729318734793188,1650
96666,0.9729318734793188,1650
103284,0.9855198829134618,1650
79801,0.8403336748134055,1650
55698,0.9294968363965049,1650
1524,0.7601626016260162,1650
81219,0.9605658709106984,1650
83657,0.9605658709106984,1650
3590,0.9855198829134618,1650
15556,0.9855198829134618,1650
65455,0.9855198829134618,1650
2782,0.9534913353720693,1650
23498,0.9855198829134618,1650
65724,0.9855198829134618,1650
5210,0.9729318734793188,1650
57256,0.9534913353720693,1650
29207,0.9855198829134618,1650
12269,0.9729318734793188,1650
20670,0.9855198829134618,1650
30376,0.9855198829134618,1650
45149,0.9534913353720693,1650
90243,0.9855198829134618,1650
64519,0.878755364806867,1650
16463,0.9605658709106984,1650
44604,0.9855198829134618,1650
29458,0.9605658709106984,1650
31232,0.9729318734793188,1650
48752,0.9855198829134618,1650
55401,0.9294968363965049,1650
10667,0.9534913353720693,1650
15342,0.9855198829134618,1650
67882,0.8908624432603118,1650
60182,0.9855198829134618,1650
1474,0.8263772954924875,1650
66242,0.9729318734793188,1650
78721,0.9605658709106984,1650
20777,0.9729318734793188,1650
101772,0.9855198829134618,1650
54536,0.8403336748134055,1650
94819,0.9855198829134618,1650
65088,0.8908624432603118,1650
104032,0.9855198829134618,1650
12276,0.7140039447731755,1650
98332,0.8403336748134055,1650
5462,0.9605658709106984,1650
84071,0.9855198829134618,1650
113670,0.9855198829134618,1650
65721,0.8403336748134055,1650
50215,0.9855198829134618,1650
22793,0.9855198829134618,1650
20561,0.9534913353720693,1650
64547,0.9605658709106984,1650
89120,0.9855198829134618,1650
24953,0.9605658709106984,1650
34894,0.8908624432603118,1650
95915,0.6086956521739131,1650
39607,0.9605658709106984,1650
20633,0.9534913353720693,1650
79735,0.9421383647798742,1650
54220,0.9534913353720693,1650
103991,0.9855198829134618,1650
108082,0.9855198829134618,1650
81492,0.9729318734793188,1650
103666,0.9855198829134618,1650
29072,0.9534913353720693,1650
27226,0.9855198829134618,1650
104651,0.8908624432603118,1650
55768,0.9855198829134618,1650
101354,0.5373831775700935,1650
19824,0.9729318734793188,1650
16039,0.9534913353720693,1650
31780,0.9534913353720693,1650
64739,0.9534913353720693,1650
68679,0.9729318734793188,1650
1357,0.9855198829134618,1650
113113,0.6086956521739131,1650
96352,0.7116402116402116,1650
99964,0.8403336748134055,1650
113825,0.9855198829134618,1650
68669,0.9534913353720693,1650
35540,0.9855198829134618,1650
7717,0.9855198829134618,1650
88630,0.9534913353720693,1650
97832,0.9855198829134618,1650
78897,0.9605658709106984,1650
70681,0.9855198829134618,1650
9185,0.9729318734793188,1650
7578,0.9328165374677002,1650
37638,0.9855198829134618,1650
78511,0.9855198829134618,1650
4048,0.9855198829134618,1650
23746,0.9534913353720693,1650
104985,0.8403336748134055,1650
38617,0.9294968363965049,1650
78979,0.9605658709106984,1650
6089,0.8403336748134055,1650
84180,0.9294968363965049,1650
18440,0.9534913353720693,1650
39680,0.9534913353720693,1650
8362,0.8403336748134055,1650
59022,0.9855198829134618,1650
66881,0.9534913353720693,1650
64927,0.9855198829134618,1650
26800,0.9855198829134618,1650
82048,0.9605658709106984,1650
970,0.9294968363965049,1650
26768,0.9855198829134618,1650
72411,0.9855198829134618,1650
106135,0.9855198829134618,1650
25430,0.9855198829134618,1650
45999,0.7116402116402116,1650
19330,0.9605658709106984,1650
83697,0.9729318734793188,1650
33402,0.8908624432603118,1650
111286,0.9421383647798742,1650
54534,0.9855198829134618,1650
111632,0.9729318734793188,1650
110671,0.878755364806867,1650
37352,0.8403336748134055,1650
79831,0.9534913353720693,1650
27020,0.9855198829134618,1650
896,0.7140039447731755,1650
66329,0.9534913353720693,1650
40956,0.9855198829134618,1650
87711,0.9855198829134618,1650
34316,0.9855198829134618,1650
40010,0.6086956521739131,1650
35894,0.9855198829134618,1650
44590,0.9294968363965049,1650
32498,0.9729318734793188,1650
100023,0.9729318734793188,1650
82261,0.9855198829134618,1650
2933,0.9534913353720693,1650
24862,0.9855198829134618,1650
93072,0.9855198829134618,1650
93100,0.9328165374677002,1650
88353,0.9855198829134618,1650
39128,0.9855198829134618,1650
3171,0.9855198829134618,1650
46215,0.9605658709106984,1650
48294,0.7140039447731755,1650
21821,0.9855198829134618,1650
107117,0.9855198829134618,1650
92605,0.468,1650
45398,0.9605658709106984,1650
91111,0.9855198829134618,1650
60441,0.9855198829134618,1650
54410,0.9855198829134618,1650
16588,0.9855198829134618,1650
62322,0.9855198829134618,1650
73115,0.9534913353720693,1650
111944,0.9855198829134618,1650
57790,0.8607594936708861,1650
73482,0.9855198829134618,1650
104453,0.9294968363965049,1650
11789,0.9605658709106984,1650
13739,0.9421383647798742,1650
42217,0.9855198829134618,1650
103181,0.9855198829134618,1650
104384,0.9534913353720693,1650
46632,0.9534913353720693,1650
40467,0.9855198829134618,1650
87318,0.9294968363965049,1650
86250,0.9855198829134618,1650
93294,0.9855198829134618,1650
10801,0.8403336748134055,1650
90507,0.9855198829134618,1650
35169,0.9855198829134618,1650
76800,0.8403336748134055,1650
101757,0.9855198829134618,1650
41258,0.9534913353720693,1650
60468,0.9855198829134618,1650
92538,0.9294968363965049,1650
57603,0.9534913353720693,1650
72109,0.9729318734793188,1650
94558,0.9294968363965049,1650
48865,0.8403336748134055,1650
7960,0.9855198829134618,1650
26333,0.8403336748134055,1650
17584,0.9328165374677002,1650
92276,0.9534913353720693,1650
84429,0.8908624432603118,1650
22156,0.9855198829134618,1650
76393,0.9855198829134618,1650
37764,0.9729318734793188,1650
56299,0.9855198829134618,1650
12404,0.8403336748134055,1650
78133,0.9855198829134618,1650
24744,0.9855198829134618,1650
67973,0.9729318734793188,1650
111728,0.9605658709106984,1650
71114,0.9855198829134618,1650
23122,0.9855198829134618,1650
88942,0.8908624432603118,1650
29870,0.9605658709106984,1650
29427,0.9534913353720693,1650
11567,0.8908624432603118,1650
80237,0.6086956521739131,1650
76270,0.9534913353720693,1650
36846,0.5373831775700935,1650
4847,0.9855198829134618,1650
64882,0.9855198829134618,1650
78848,0.9534913353720693,1650
30583,0.9605658709106984,1650
65139,0.9855198829134618,1650
111287,0.9534913353720693,1650
67126,0.7116402116402116,1650
7103,0.9855198829134618,1650
85011,0.8403336748134055,1650
99899,0.6086956521739131,1650
53115,0.9605658709106984,1650
59460,0.9855198829134618,1650
43663,0.8908624432603118,1650
18543,0.9855198829134618,1650
73183,0.9294968363965049,1650
3198,0.9294968363965049,1650
39412,0.8403336748134055,1650
13319,0.9729318734793188,1650
21874,0.9855198829134618,1650
72440,0.9605658709106984,1650
35794,0.9729318734793188,1650
11493,0.9534913353720693,1650
34226,0.8908624432603118,1650
39724,0.9534913353720693,1650
76134,0.9729318734793188,1650
59845,0.8403336748134055,1650
26206,0.9855198829134618,1650
33950,0.7140039447731755,1650
38480,0.9855198829134618,1650
74454,0.8403336748134055,1650
64625,0.9855198829134618,1650
11726,0.9534913353720693,1650
68591,0.9855198829134618,1650
76655,0.9534913353720693,1650
6344,0.9855198829134618,1650
17254,0.9294968363965049,1650
34397,0.8908624432603118,1650
104840,0.9855198829134618,1650
97298,0.8908624432603118,1650
2416,0.9855198829134618,1650
43049,0.9855198829134618,1650
104300,0.9534913353720693,1650
39660,0.9855198829134618,1650
53062,0.9605658709106984,1650
22230,0.9855198829134618,1650
26093,0.9855198829134618,1650
77890,0.9855198829134618,1650
11057,0.8263772954924875,1650
59367,0.9605658709106984,1650
90670,0.9534913353720693,1650
64376,0.9855198829134618,1650
100046,0.8403336748134055,1650
36251,0.9855198829134618,1650
24201,0.8908624432603118,1650
11314,0.9294968363965049,1650
89678,0.9294968363965049,1650
44795,0.8403336748134055,1650
102055,0.9855198829134618,1650
27531,0.9855198829134618,1650
254,0.9855198829134618,1650
92950,0.9729318734793188,1650
63878,0.9855198829134618,1650
74937,0.9855198829134618,1650
41329,0.9534913353720693,1650
33183,0.9855198829134618,1650
76572,0.9328165374677002,1650
22569,0.9855198829134618,1650
91957,0.9855198829134618,1650
65822,0.9855198829134618,1650
91285,0.9534913353720693,1650
50135,0.8403336748134055,1650
4154,0.9294968363965049,1650
2156,0.9294968363965049,1650
109380,0.9855198829134618,1650
53365,0.9855198829134618,1650
92166,0.9328165374677002,1650
94027,0.9729318734793188,1650
72166,0.9328165374677002,1650
103298,0.9534913353720693,1650
108741,0.9729318734793188,1650
47833,0.9855198829134618,1650
80040,0.9534913353720693,1650
40182,0.9855198829134618,1650
2375,0.8908624432603118,1650
47501,0.9729318734793188,1650
97333,0.9855198829134618,1650
51828,0.9855198829134618,1650
26955,0.9855198829134618,1650
83832,0.8403336748134055,1650
55477,0.9534913353720693,1650
32040,0.9855198829134618,1650
18718,0.9294968363965049,1650
5825,0.9328165374677002,1650
88874,0.9855198829134618,1650
45148,0.9605658709106984,1650
110654,0.9294968363965049,1650
171,0.8403336748134055,1650
53638,0.9855198829134618,1650
24859,0.9855198829134618,1650
98731,0.9855198829134618,1650
86868,0.9855198829134618,1650
17372,0.8403336748134055,1650
4616,0.9855198829134618,1650
74971,0.9855198829134618,1650
87770,0.9534913353720693,1650
60608,0.9534913353720693,1650
28609,0.8403336748134055,1650
94198,0.9729318734793188,1650
78356,0.9328165374677002,1650
93621,0.9328165374677002,1650
58984,0.8908624432603118,1650
91188,0.9729318734793188,1650
97394,0.9855198829134618,1650
71132,0.9855198829134618,1650
106729,0.9294968363965049,1650
63931,0.9729318734793188,1650
44589,0.8908624432603118,1650
101278,0.8908624432603118,1650
113815,0.9294968363965049,1650
86047,0.9534913353720693,1650
25827,0.8403336748134055,1650
32788,0.9534913353720693,1650
37247,0.9855198829134618,1650
53963,0.9729318734793188,1650
45938,0.9855198829134618,1650
102217,0.9294968363965049,1650
55070,0.9729318734793188,1650
57908,0.9534913353720693,1650
66840,0.9729318734793188,1650
28610,0.9855198829134618,1650
15490,0.9855198829134618,1650
11014,0.9605658709106984,1650
110809,0.9855198829134618,1650
86630,0.9729318734793188,1650
82051,0.9855198829134618,1650
8056,0.9328165374677002,1650
87960,0.7140039447731755,1650
98250,0.9855198829134618,1650
20260,0.8403336748134055,1650
16241,0.9855198829134618,1650
28614,0.9855198829134618,1650
67348,0.9328165374677002,1650
111459,0.9855198829134618,1650
17839,0.9729318734793188,1650
56607,0.9855198829134618,1650
63868,0.9855198829134618,1650
35752,0.9855198829134618,1650
96993,0.9328165374677002,1650
20101,0.9294968363965049,1650
25290,0.9605658709106984,1650
38832,0.9729318734793188,1650
81980,0.8908624432603118,1650
53486,0.8403336748134055,1650
58004,0.9729318734793188,1650
75070,0.9855198829134618,1650
23149,0.9534913353720693,1650
32013,0.9855198829134618,1650
31493,0.9729318734793188,1650
58226,0.9421383647798742,1650
89811,0.9294968363965049,1650
85382,0.9855198829134618,1650
101135,0.9855198829134618,1650
57743,0.9729318734793188,1650
6053,0.9855198829134618,1650
112369,0.9855198829134618,1650
8654,0.9855198829134618,1650
29339,0.9855198829134618,1650
12093,0.5784313725490197,1650
102448,0.9729318734793188,1650
65776,0.9534913353720693,1650
86953,0.9855198829134618,1650
58462,0.9855198829134618,1650
79879,0.8263772954924875,1650
16081,0.9855198829134618,1650
61220,0.9855198829134618,1650
12021,0.9855198829134618,1650
8332,0.8607594936708861,1650
47577,0.8263772954924875,1650
31781,0.9534913353720693,1650
98942,0.9729318734793188,1650
9522,0.8908624432603118,1650
454,0.5986622073578596,1650
61495,0.9729318734793188,1650
113790,0.9855198829134618,1650
7732,0.8403336748134055,1650
113522,0.9855198829134618,1650
65774,0.9855198829134618,1650
11790,0.9605658709106984,1650
6780,0.9605658709106984,1650
64369,0.9855198829134618,1650
51395,0.9534913353720693,1650
77829,0.9605658709106984,1650
34465,0.8908624432603118,1650
90534,0.8908624432603118,1650
49921,0.9534913353720693,1650
15479,0.9605658709106984,1650
102920,0.9855198829134618,1650
41467,0.8607594936708861,1650
37962,0.9605658709106984,1650
74210,0.9534913353720693,1650
16818,0.9855198829134618,1650
25137,0.9534913353720693,1650
86636,0.9729318734793188,1650
52663,0.9855198829134618,1650
33092,0.6086956521739131,1650
67296,0.8403336748134055,1650
36660,0.9855198829134618,1650
73992,0.9534913353720693,1650
22354,0.878755364806867,1650
52783,0.9855198829134618,1650
21877,0.9729318734793188,1650
104918,0.9855198829134618,1650
25378,0.9855198829134618,1650
67282,0.9534913353720693,1650
34302,0.9729318734793188,1650
37477,0.9855198829134618,1650
94918,0.9855198829134618,1650
4784,0.8908624432603118,1650
42799,0.9729318734793188,1650
54437,0.9729318734793188,1650
44601,0.5986622073578596,1650
38971,0.9605658709106984,1650
22618,0.9534913353720693,1650
63929,0.9294968363965049,1650
93408,0.8908624432603118,1650
5774,0.9855198829134618,1650
1702,0.9729318734793188,1650
77536,0.9294968363965049,1650
28244,0.9855198829134618,1650
33067,0.8908624432603118,1650
38519,0.9729318734793188,1650
39830,0.9294968363965049,1650
73905,0.9855198829134618,1650
78571,0.9534913353720693,1650
4158,0.9855198829134618,1650
19672,0.9534913353720693,1650
93664,0.9855198829134618,1650
31559,0.878755364806867,1650
82718,0.7116402116402116,1650
46879,0.9855198829134618,1650
44416,0.9855198829134618,1650
89650,0.8908624432603118,1650
89675,0.9605658709106984,1650
21724,0.9534913353720693,1650
36707,0.9855198829134618,1650
2318,0.8908624432603118,1650
41982,0.9729318734793188,1650
105193,0.8908624432603118,1650
101970,0.9294968363965049,1650
83986,0.9855198829134618,1650
77229,0.9729318734793188,1650
59723,0.9855198829134618,1650
23971,0.9855198829134618,1650
26801,0.9328165374677002,1650
55939,0.9294968363965049,1650
102083,0.9855198829134618,1650
21030,0.9855198829134618,1650
108517,0.9855198829134618,1650
24278,0.8263772954924875,1650
572,0.9855198829134618,1650
73512,0.9855198829134618,1650
98887,0.8403336748134055,1650
81663,0.8263772954924875,1650
97591,0.9855198829134618,1650
74141,0.9855198829134618,1650
51686,0.8403336748134055,1650
2089,0.9855198829134618,1650
98871,0.8607594936708861,1650
32007,0.9855198829134618,1650
59346,0.9729318734793188,1650
11600,0.9855198829134618,1650
63066,0.9729318734793188,1650
49500,0.9729318734793188,1650
81474,0.9605658709106984,1650
44509,0.9855198829134618,1650
51453,0.9855198829134618,1650
11159,0.8908624432603118,1650
68561,0.9855198829134618,1650
15708,0.9855198829134618,1650
44083,0.9855198829134618,1650
44249,0.9729318734793188,1650
93752,0.9855198829134618,1650
38918,0.9729318734793188,1650
54473,0.9855198829134618,1650
23810,0.9534913353720693,1650
105920,0.8403336748134055,1650
74147,0.9729318734793188,1650
89099,0.8908624432603118,1650
33389,0.9855198829134618,1650
99328,0.9729318734793188,1650
11569,0.9328165374677002,1650
26642,0.9855198829134618,1650
56970,0.8263772954924875,1650
47171,0.8403336748134055,1650
101012,0.9534913353720693,1650
21594,0.8403336748134055,1650
39335,0.9294968363965049,1650
26295,0.9855198829134618,1650
103553,0.9294968363965049,1650
76451,0.6086956521739131,1650
88422,0.9729318734793188,1650
49742,0.8403336748134055,1650
14453,0.9534913353720693,1650
91984,0.9294968363965049,1650
103883,0.9855198829134618,1650
78184,0.9294968363965049,1650
68895,0.9855198829134618,1650
82453,0.9855198829134618,1650
62447,0.8403336748134055,1650
113082,0.9328165374677002,1650
41242,0.9605658709106984,1650
40935,0.9855198829134618,1650
82119,0.9534913353720693,1650
22694,0.9534913353720693,1650
49757,0.9855198829134618,1650
38997,0.9855198829134618,1650
64974,0.8403336748134055,1650
92025,0.878755364806867,1650
33301,0.9855198829134618,1650
41341,0.8403336748134055,1650
74985,0.9729318734793188,1650
3381,0.9855198829134618,1650
59208,0.8908624432603118,1650
81156,0.9855198829134618,1650
45918,0.8403336748134055,1650
78550,0.9605658709106984,1650
59006,0.9729318734793188,1650
33200,0.9328165374677002,1650
36137,0.8403336748134055,1650
114067,0.9855198829134618,1650
108415,0.9729318734793188,1650
110553,0.9855198829134618,1650
37358,0.9534913353720693,1650
4765,0.9534913353720693,1650
12444,0.9855198829134618,1650
78056,0.8908624432603118,1650
45543,0.8908624432603118,1650
49678,0.9605658709106984,1650
14423,0.9729318734793188,1650
6273,0.8607594936708861,1650
90003,0.9855198829134618,1650
78613,0.9855198829134618,1650
20142,0.9729318734793188,1650
63204,0.9729318734793188,1650
92737,0.9294968363965049,1650
109727,0.8607594936708861,1650
19644,0.9729318734793188,1650
106113,0.9855198829134618,1650
104293,0.9855198829134618,1650
31178,0.9855198829134618,1650
38549,0.8403336748134055,1650
5175,0.7140039447731755,1650
25755,0.8403336748134055,1650
72036,0.8403336748134055,1650
62411,0.9729318734793188,1650
68878,0.8607594936708861,1650
37469,0.7601626016260162,1650
46994,0.9729318734793188,1650
75138,0.9605658709106984,1650
96562,0.9605658709106984,1650
77696,0.9534913353720693,1650
31124,0.9855198829134618,1650
8204,0.9855198829134618,1650
17776,0.8908624432603118,1650
50549,0.9534913353720693,1650
31291,0.9855198829134618,1650
10006,0.9855198829134618,1650
82963,0.7116402116402116,1650
75257,0.9534913353720693,1650
26917,0.9855198829134618,1650
110777,0.9855198829134618,1650
17356,0.9729318734793188,1650
113279,0.9534913353720693,1650
57844,0.9855198829134618,1650
85268,0.9534913353720693,1650
46138,0.9729318734793188,1650
15453,0.8908624432603118,1650
22499,0.9534913353720693,1650
35460,0.8908624432603118,1650
76847,0.9729318734793188,1650
3767,0.9855198829134618,1650
68729,0.8908624432603118,1650
93890,0.9855198829134618,1650
87365,0.9294968363965049,1650
1140,0.9855198829134618,1650
113190,0.9534913353720693,1650
89995,0.8263772954924875,1650
66501,0.9855198829134618,1650
62190,0.8403336748134055,1650
85544,0.9855198829134618,1650
14143,0.9855198829134618,1650
49206,0.9855198829134618,1650
101719,0.9855198829134618,1650
24764,0.9729318734793188,1650
80756,0.9294968363965049,1650
3309,0.878755364806867,1650
8554,0.8908624432603118,1650
3499,0.9855198829134618,1650
778,0.9855198829134618,1650
21208,0.9855198829134618,1650
12349,0.8908624432603118,1650
35900,0.9855198829134618,1650
81803,0.9328165374677002,1650
81310,0.9729318734793188,1650
35151,0.9855198829134618,1650
51349,0.9534913353720693,1650
106186,0.9729318734793188,1650
28983,0.9605658709106984,1650
15548,0.9855198829134618,1650
56289,0.9855198829134618,1650
56242,0.9855198829134618,1650
81706,0.9729318734793188,1650
39863,0.9855198829134618,1650
36285,0.9855198829134618,1650
101049,0.9605658709106984,1650
91789,0.9729318734793188,1650
53328,0.9855198829134618,1650
44130,0.7601626016260162,1650
24715,0.9855198829134618,1650
14165,0.9855198829134618,1650
43150,0.9855198829134618,1650
76676,0.5986622073578596,1650
46640,0.9729318734793188,1650
79176,0.9328165374677002,1650
43720,0.9534913353720693,1650
1290,0.9294968363965049,1650
16682,0.9729318734793188,1650
55544,0.9855198829134618,1650
17826,0.9855198829134618,1650
45872,0.878755364806867,1650
23905,0.9605658709106984,1650
29089,0.9855198829134618,1650
66265,0.9855198829134618,1650
31806,0.8908624432603118,1650
18619,0.9855198829134618,1650
95438,0.8607594936708861,1650
93016,0.8908624432603118,1650
97632,0.9855198829134618,1650
79126,0.9855198829134618,1650
107326,0.9294968363965049,1650
73616,0.9855198829134618,1650
2240,0.9605658709106984,1650
67941,0.9855198829134618,1650
68619,0.9855198829134618,1650
82376,0.9421383647798742,1650
113351,0.9855198829134618,1650
73310,0.9855198829134618,1650
32431,0.9855198829134618,1650
27939,0.9855198829134618,1650
22834,0.9534913353720693,1650
66098,0.9855198829134618,1650
85817,0.9855198829134618,1650
89027,0.9855198829134618,1650
42961,0.9855198829134618,1650
39814,0.9855198829134618,1650
109778,0.9534913353720693,1650
42678,0.9605658709106984,1650
74231,0.9605658709106984,1650
86563,0.9729318734793188,1650
23148,0.9855198829134618,1650
67262,0.9605658709106984,1650
65531,0.9855198829134618,1650
97531,0.9605658709106984,1650
39193,0.9855198829134618,1650
72710,0.8263772954924875,1650
77138,0.9855198829134618,1650
56847,0.8908624432603118,1650
30038,0.6086956521739131,1650
107800,0.9855198829134618,1650
99183,0.9855198829134618,1650
17752,0.9605658709106984,1650
62945,0.9855198829134618,1650
101546,0.8607594936708861,1650
38283,0.9729318734793188,1650
72946,0.9294968363965049,1650
93317,0.9855198829134618,1650
107128,0.9855198829134618,1650
113675,0.9855198829134618,1650
43673,0.9534913353720693,1650
86451,0.9534913353720693,1650
95541,0.8403336748134055,1650
42624,0.9855198829134618,1650
97261,0.9855198829134618,1650
39767,0.9855198829134618,1650
63963,0.9328165374677002,1650
60779,0.9855198829134618,1650
31089,0.9855198829134618,1650
97289,0.9855198829134618,1650
84101,0.9855198829134618,1650
51396,0.9855198829134618,1650
88280,0.9855198829134618,1650
16967,0.9855198829134618,1650
51889,0.9855198829134618,1650
104098,0.9294968363965049,1650
56395,0.9729318734793188,1650
100312,0.9605658709106984,1650
8212,0.9855198829134618,1650
94624,0.9855198829134618,1650
50899,0.9855198829134618,1650
49132,0.9855198829134618,1650
49473,0.8908624432603118,1650
72023,0.9855198829134618,1650
61831,0.9328165374677002,1650
59108,0.9855198829134618,1650
11102,0.9605658709106984,1650
35569,0.8908624432603118,1650
106775,0.8908624432603118,1650
5807,0.9855198829134618,1650
36017,0.9855198829134618,1650
90025,0.9328165374677002,1650
10603,0.8403336748134055,1650
73712,0.8403336748134055,1650
62858,0.8908624432603118,1650
91696,0.9729318734793188,1650
18471,0.8403336748134055,1650
44780,0.9534913353720693,1650
38420,0.9729318734793188,1650
36268,0.9855198829134618,1650
13455,0.878755364806867,1650
28104,0.9294968363965049,1650
74825,0.9855198829134618,1650
48876,0.9534913353720693,1650
94897,0.9421383647798742,1650
26643,0.9855198829134618,1650
78583,0.8403336748134055,1650
74473,0.8403336748134055,1650
106316,0.9855198829134618,1650
78710,0.9729318734793188,1650
90703,0.9855198829134618,1650
107663,0.9729318734793188,1650
62346,0.9534913353720693,1650
34638,0.9328165374677002,1650
48218,0.6086956521739131,1650
22623,0.9534913353720693,1650
45478,0.9855198829134618,1650
54057,0.9729318734793188,1650
51818,0.9729318734793188,1650
17864,0.9729318734793188,1650
4711,0.9421383647798742,1650
112352,0.8908624432603118,1650
76188,0.9534913353720693,1650
38601,0.9855198829134618,1650
42264,0.8908624432603118,1650
39119,0.9855198829134618,1650
29193,0.9729318734793188,1650
82189,0.9294968363965049,1650
107567,0.9855198829134618,1650
31671,0.8403336748134055,1650
93055,0.9855198829134618,1650
86452,0.9855198829134618,1650
60443,0.9294968363965049,1650
58688,0.9605658709106984,1650
52426,0.8908624432603118,1650
23218,0.9328165374677002,1650
109483,0.8908624432603118,1650
102581,0.9855198829134618,1650
15141,0.9294968363965049,1650
53850,0.9855198829134618,1650
85607,0.9534913353720693,1650
21784,0.9855198829134618,1650
97523,0.9855198829134618,1650
110155,0.9729318734793188,1650
106865,0.9729318734793188,1650
94660,0.6086956521739131,1650
54506,0.9855198829134618,1650
61730,0.8908624432603118,1650
79027,0.9729318734793188,1650
81165,0.9294968363965049,1650
4653,0.9855198829134618,1650
102276,0.8908624432603118,1650
110422,0.9855198829134618,1650
13550,0.9855198829134618,1650
111797,0.9729318734793188,1650
43983,0.9855198829134618,1650
38697,0.9294968363965049,1650
17767,0.8403336748134055,1650
46733,0.9729318734793188,1650
49244,0.9534913353720693,1650
44268,0.9855198829134618,1650
59898,0.9421383647798742,1650
25315,0.5986622073578596,1650
102802,0.9534913353720693,1650
31520,0.8908624432603118,1650
97008,0.9855198829134618,1650
110868,0.9294968363965049,1650
72637,0.8908624432603118,1650
79075,0.9294968363965049,1650
94735,0.9855198829134618,1650
82545,0.8908624432603118,1650
21065,0.9534913353720693,1650
73852,0.9534913353720693,1650
109693,0.9855198829134618,1650
96087,0.9421383647798742,1650
51826,0.9855198829134618,1650
60968,0.9855198829134618,1650
88714,0.8908624432603118,1650
4958,0.9729318734793188,1650
1233,0.9534913353720693,1650
47758,0.9855198829134618,1650
18242,0.8403336748134055,1650
92172,0.9855198829134618,1650
112635,0.9855198829134618,1650
106002,0.9534913353720693,1650
13965,0.9534913353720693,1650
26907,0.9855198829134618,1650
40311,0.8403336748134055,1650
69288,0.9534913353720693,1650
42348,0.9855198829134618,1650
23572,0.9855198829134618,1650
65288,0.9855198829134618,1650
47042,0.9855198829134618,1650
95767,0.8263772954924875,1650
136,0.9855198829134618,1650
43660,0.7116402116402116,1650
17124,0.9855198829134618,1650
8008,0.9855198829134618,1650
100427,0.8908624432603118,1650
10438,0.8908624432603118,1650
32010,0.9855198829134618,1650
91541,0.9729318734793188,1650
20339,0.9605658709106984,1650
88088,0.9855198829134618,1650
49648,0.9855198829134618,1650
28887,0.9605658709106984,1650
61742,0.9729318734793188,1650
35599,0.9294968363965049,1650
13507,0.9855198829134618,1650
90364,0.7140039447731755,1650
47206,0.8403336748134055,1650
62540,0.8403336748134055,1650
101648,0.9729318734793188,1650
105767,0.8403336748134055,1650
5639,0.9534913353720693,1650
94517,0.9855198829134618,1650
79912,0.9855198829134618,1650
112293,0.9605658709106984,1650
59969,0.9729318734793188,1650
60395,0.9729318734793188,1650
290,0.9855198829134618,1650
36661,0.9729318734793188,1650
17407,0.8908624432603118,1650
50375,0.9729318734793188,1650
21702,0.9729318734793188,1650
46900,0.9855198829134618,1650
23938,0.9294968363965049,1650
32530,0.9855198829134618,1650
66575,0.9855198829134618,1650
110757,0.7601626016260162,1650
106540,0.9855198829134618,1650
35963,0.9534913353720693,1650
17027,0.9534913353720693,1650
32098,0.9534913353720693,1650
64917,0.8263772954924875,1650
79691,0.9855198829134618,1650
98691,0.9855198829134618,1650
28559,0.9534913353720693,1650
52718,0.9605658709106984,1650
89206,0.9534913353720693,1650
100572,0.9855198829134618,1650
47440,0.8403336748134055,1650
52019,0.9605658709106984,1650
66490,0.9855198829134618,1650
42687,0.8908624432603118,1650
30976,0.8403336748134055,1650
13808,0.7116402116402116,1650
22957,0.9855198829134618,1650
102693,0.9534913353720693,1650
2389,0.9729318734793188,1650
41374,0.9855198829134618,1650
53542,0.9855198829134618,1650
18247,0.9294968363965049,1650
113168,0.9729318734793188,1650
65568,0.8908624432603118,1650
75951,0.9855198829134618,1650
104288,0.9855198829134618,1650
71850,0.9534913353720693,1650
94802,0.9605658709106984,1650
87163,0.8403336748134055,1650
49779,0.9605658709106984,1650
14090,0.9729318734793188,1650
17037,0.9855198829134618,1650
4752,0.9534913353720693,1650
17801,0.9855198829134618,1650
34219,0.9855198829134618,1650
56323,0.9855198829134618,1650
42886,0.9534913353720693,1650
50806,0.9855198829134618,1650
111344,0.9855198829134618,1650
147,0.9294968363965049,1650
44491,0.8908624432603118,1650
51879,0.9294968363965049,1650
48823,0.9534913353720693,1650
84595,0.9855198829134618,1650
56859,0.9294968363965049,1650
16151,0.8908624432603118,1650
24866,0.9855198829134618,1650
26338,0.9294968363965049,1650
46296,0.9855198829134618,1650
5200,0.9534913353720693,1650
9719,0.8403336748134055,1650
48383,0.9855198829134618,1650
92327,0.8403336748134055,1650
71574,0.9855198829134618,1650
103221,0.8908624432603118,1650
70950,0.9855198829134618,1650
62211,0.9605658709106984,1650
15058,0.8403336748134055,1650
5534,0.9294968363965049,1650
44154,0.9855198829134618,1650
92541,0.9855198829134618,1650
49995,0.9328165374677002,1650
84898,0.8607594936708861,1650
13415,0.8263772954924875,1650
43224,0.9534913353720693,1650
32297,0.9855198829134618,1650
2542,0.9534913353720693,1650
19998,0.9855198829134618,1650
59143,0.9729318734793188,1650
58625,0.9729318734793188,1650
82465,0.9605658709106984,1650
10776,0.8403336748134055,1650
58879,0.9534913353720693,1650
18426,0.9294968363965049,1650
73094,0.9729318734793188,1650
70792,0.9294968363965049,1650
95223,0.9855198829134618,1650
86430,0.9855198829134618,1650
108530,0.9855198829134618,1650
76889,0.7140039447731755,1650
86614,0.9729318734793188,1650
33036,0.8403336748134055,1650
10403,0.9729318734793188,1650
38915,0.8908624432603118,1650
41271,0.9855198829134618,1650
48965,0.9855198829134618,1650
15047,0.8403336748134055,1650
46813,0.9729318734793188,1650
83247,0.9534913353720693,1650
63511,0.8908624432603118,1650
164,0.9729318734793188,1650
28857,0.8908624432603118,1650
93034,0.9294968363965049,1650
66194,0.9421383647798742,1650
90650,0.8908624432603118,1650
82217,0.9855198829134618,1650
20010,0.9605658709106984,1650
53002,0.9605658709106984,1650
58480,0.8263772954924875,1650
48475,0.9855198829134618,1650
41676,0.9855198829134618,1650
55680,0.9855198829134618,1650
66839,0.9855198829134618,1650
92450,0.9605658709106984,1650
24837,0.8403336748134055,1650
92385,0.9534913353720693,1650
36071,0.9729318734793188,1650
84826,0.9855198829134618,1650
90480,0.9855198829134618,1650
45366,0.9855198829134618,1650
25225,0.9855198829134618,1650
91666,0.9855198829134618,1650
1536,0.9855198829134618,1650
27871,0.8908624432603118,1650
33083,0.9855198829134618,1650
6429,0.9294968363965049,1650
56319,0.9729318734793188,1650
103914,0.9534913353720693,1650
5115,0.8403336748134055,1650
30462,0.8908624432603118,1650
72727,0.9855198829134618,1650
26277,0.9534913353720693,1650
68375,0.9605658709106984,1650
54014,0.9855198829134618,1650
110477,0.9729318734793188,1650
113929,0.9855198829134618,1650
12698,0.7116402116402116,1650
9600,0.9855198829134618,1650
97539,0.9294968363965049,1650
28811,0.9855198829134618,1650
36927,0.9855198829134618,1650
102727,0.9729318734793188,1650
21575,0.9855198829134618,1650
100396,0.9605658709106984,1650
78810,0.9729318734793188,1650
97201,0.9605658709106984,1650
47938,0.9421383647798742,1650
27329,0.8908624432603118,1650
62612,0.9855198829134618,1650
77430,0.9855198829134618,1650
428,0.9855198829134618,1650
77061,0.9294968363965049,1650
64929,0.9855198829134618,1650
93632,0.9855198829134618,1650
76994,0.5373831775700935,1650
51501,0.9855198829134618,1650
102643,0.7140039447731755,1650
76654,0.9855198829134618,1650
78202,0.9855198829134618,1650
14536,0.9729318734793188,1650
79617,0.9855198829134618,1650
62429,0.8403336748134055,1650
78740,0.9855198829134618,1650
43438,0.8403336748134055,1650
31760,0.8403336748134055,1650
86188,0.9855198829134618,1650
110061,0.9534913353720693,1650
74262,0.9855198829134618,1650
81054,0.9729318734793188,1650
37049,0.5373831775700935,1650
27821,0.9534913353720693,1650
99152,0.9328165374677002,1650
36404,0.9729318734793188,1650
107131,0.9534913353720693,1650
2080,0.8263772954924875,1650
29756,0.9534913353720693,1650
75590,0.878755364806867,1650
24247,0.8403336748134055,1650
2326,0.9729318734793188,1650
60417,0.9534913353720693,1650
50884,0.8908624432603118,1650
72648,0.7116402116402116,1650
59591,0.9294968363965049,1650
77669,0.9855198829134618,1650
69750,0.9855198829134618,1650
87645,0.8908624432603118,1650
91623,0.9534913353720693,1650
88119,0.9421383647798742,1650
42378,0.9605658709106984,1650
92175,0.9855198829134618,1650
72156,0.9534913353720693,1650
54171,0.9855198829134618,1650
40034,0.9534913353720693,1650
109384,0.8908624432603118,1650
76582,0.8403336748134055,1650
88301,0.9855198829134618,1650
93042,0.9534913353720693,1650
54668,0.9534913353720693,1650
25116,0.9605658709106984,1650
79183,0.8403336748134055,1650
103528,0.9855198829134618,1650
74591,0.6086956521739131,1650
64037,0.9534913353720693,1650
66210,0.9729318734793188,1650
111775,0.9729318734793188,1650
76434,0.8908624432603118,1650
74033,0.9855198829134618,1650
68089,0.9855198829134618,1650
20589,0.9855198829134618,1650
57309,0.9855198829134618,1650
107829,0.9855198829134618,1650
30563,0.9605658709106984,1650
62918,0.8403336748134055,1650
88373,0.9294968363965049,1650
77734,0.9855198829134618,1650
3176,0.9534913353720693,1650
67151,0.9729318734793188,1650
30989,0.9855198829134618,1650
80415,0.9729318734793188,1650
33070,0.9605658709106984,1650
17227,0.9855198829134618,1650
91925,0.9855198829134618,1650
93068,0.8403336748134055,1650
35730,0.9534913353720693,1650
28482,0.9534913353720693,1650
98778,0.9328165374677002,1650
57712,0.8403336748134055,1650
67255,0.8403336748134055,1650
44899,0.9855198829134618,1650
78424,0.9855198829134618,1650
62905,0.9605658709106984,1650
105713,0.9855198829134618,1650
30964,0.9855198829134618,1650
102596,0.9855198829134618,1650
59733,0.8908624432603118,1650
17337,0.8403336748134055,1650
110092,0.8403336748134055,1650
59760,0.9729318734793188,1650
4057,0.9855198829134618,1650
6757,0.8403336748134055,1650
68762,0.9534913353720693,1650
8068,0.9855198829134618,1650
18888,0.9534913353720693,1650
70430,0.9855198829134618,1650
33208,0.6086956521739131,1650
85267,0.9855198829134618,1650
42095,0.9855198829134618,1650
53447,0.8908624432603118,1650
86148,0.9047619047619048,1650
47281,0.9534913353720693,1650
61374,0.8908624432603118,1650
4579,0.9855198829134618,1650
66110,0.8607594936708861,1650
43144,0.9605658709106984,1650
57543,0.9855198829134618,1650
24115,0.9855198829134618,1650
50852,0.9534913353720693,1650
91390,0.9855198829134618,1650
15904,0.9855198829134618,1650
34378,0.9855198829134618,1650
10085,0.9855198829134618,1650
27428,0.9855198829134618,1650
82411,0.9855198829134618,1650
15745,0.9729318734793188,1650
59872,0.9729318734793188,1650
16645,0.9855198829134618,1650
34298,0.9534913353720693,1650
61424,0.9855198829134618,1650
106293,0.9855198829134618,1650
107496,0.9855198829134618,1650
49414,0.9729318734793188,1650
27818,0.9855198829134618,1650
105047,0.9328165374677002,1650
26634,0.9855198829134618,1650
32573,0.9855198829134618,1650
9400,0.9855198829134618,1650
83685,0.9855198829134618,1650
47466,0.9534913353720693,1650
55417,0.9729318734793188,1650
58707,0.9729318734793188,1650
5539,0.8908624432603118,1650
23655,0.9855198829134618,1650
20021,0.9855198829134618,1650
83787,0.9534913353720693,1650
53607,0.8403336748134055,1650
22386,0.9855198829134618,1650
7090,0.6086956521739131,1650
33974,0.9855198829134618,1650
96790,0.9855198829134618,1650
90801,0.8403336748134055,1650
4945,0.9534913353720693,1650
65926,0.8908624432603118,1650
36432,0.9534913353720693,1650
13860,0.8403336748134055,1650
47102,0.9855198829134618,1650
82104,0.9855198829134618,1650
111660,0.9855198829134618,1650
24336,0.8403336748134055,1650
21817,0.8403336748134055,1650
78147,0.9729318734793188,1650
22998,0.9294968363965049,1650
11355,0.9855198829134618,1650
40640,0.9855198829134618,1650
102838,0.9729318734793188,1650
45841,0.7116402116402116,1650
21897,0.9729318734793188,1650
49445,0.9855198829134618,1650
33826,0.9855198829134618,1650
33795,0.9855198829134618,1650
96479,0.9855198829134618,1650
39060,0.9855198829134618,1650
29100,0.9855198829134618,1650
85656,0.8403336748134055,1650
21085,0.9294968363965049,1650
74096,0.9729318734793188,1650
80554,0.8403336748134055,1650
61659,0.9855198829134618,1650
55448,0.9855198829134618,1650
91711,0.9090909090909091,1650
24023,0.9855198829134618,1650
10061,0.9534913353720693,1650
20515,0.9328165374677002,1650
45218,0.9729318734793188,1650
34666,0.9855198829134618,1650
1983,0.9855198829134618,1650
29490,0.8908624432603118,1650
59783,0.9855198829134618,1650
67426,0.8403336748134055,1650
92681,0.9534913353720693,1650
97101,0.9855198829134618,1650
101131,0.9534913353720693,1650
61564,0.9729318734793188,1650
74390,0.9605658709106984,1650
100177,0.9855198829134618,1650
40848,0.8403336748134055,1650
111916,0.9534913353720693,1650
63921,0.9534913353720693,1650
4485,0.9729318734793188,1650
74959,0.9855198829134618,1650
9142,0.8403336748134055,1650
44574,0.9855198829134618,1650
49760,0.9855198829134618,1650
12393,0.9855198829134618,1650
6555,0.9729318734793188,1650
18790,0.9534913353720693,1650
43102,0.9855198829134618,1650
50302,0.9855198829134618,1650
27916,0.9855198829134618,1650
67190,0.8403336748134055,1650
6465,0.9534913353720693,1650
89275,0.9421383647798742,1650
71978,0.9855198829134618,1650
38578,0.9855198829134618,1650
92858,0.9855198829134618,1650
67527,0.9855198829134618,1650
40255,0.9855198829134618,1650
78895,0.9729318734793188,1650
100543,0.8908624432603118,1650
28345,0.9294968363965049,1650
11138,0.9729318734793188,1650
92056,0.9534913353720693,1650
110152,0.878755364806867,1650
66227,0.9855198829134618,1650
92519,0.8403336748134055,1650
1093,0.8403336748134055,1650
16917,0.9534913353720693,1650
10842,0.9855198829134618,1650
46116,0.9729318734793188,1650
10589,0.9534913353720693,1650
3476,0.9729318734793188,1650
11777,0.9729318734793188,1650
23344,0.9855198829134618,1650
107228,0.9855198829134618,1650
16027,0.9855198829134618,1650
88302,0.9294968363965049,1650
48115,0.9294968363965049,1650
52612,0.8908624432603118,1650
43207,0.9855198829134618,1650
25596,0.9729318734793188,1650
81300,0.9534913353720693,1650
109331,0.9294968363965049,1650
6239,0.8908624432603118,1650
88867,0.9328165374677002,1650
21535,0.9534913353720693,1650
60711,0.8908624432603118,1650
112097,0.9855198829134618,1650
25979,0.9855198829134618,1650
78309,0.9855198829134618,1650
34981,0.9729318734793188,1650
97953,0.9855198829134618,1650
13501,0.9729318734793188,1650
15787,0.8403336748134055,1650
59298,0.9534913353720693,1650
84420,0.9729318734793188,1650
26278,0.8403336748134055,1650
27163,0.9605658709106984,1650
82421,0.9855198829134618,1650
34012,0.9729318734793188,1650
91931,0.9855198829134618,1650
71960,0.9534913353720693,1650
50878,0.9855198829134618,1650
43904,0.9855198829134618,1650
40502,0.9328165374677002,1650
23551,0.9855198829134618,1650
51374,0.9855198829134618,1650
6858,0.8403336748134055,1650
52533,0.9534913353720693,1650
32233,0.9729318734793188,1650
21241,0.9855198829134618,1650
14765,0.9294968363965049,1650
27506,0.9729318734793188,1650
36381,0.9421383647798742,1650
92264,0.9855198829134618,1650
12321,0.9294968363965049,1650
61231,0.9855198829134618,1650
62660,0.8403336748134055,1650
51734,0.9855198829134618,1650
17001,0.9855198829134618,1650
4005,0.9855198829134618,1650
60663,0.9855198829134618,1650
109858,0.9855198829134618,1650
94657,0.9855198829134618,1650
68528,0.9534913353720693,1650
16179,0.9729318734793188,1650
36929,0.9605658709106984,1650
66052,0.9729318734793188,1650
40031,0.9047619047619048,1650
51908,0.9534913353720693,1650
98278,0.8403336748134055,1650
10301,0.9855198829134618,1650
4196,0.8908624432603118,1650
80099,0.9855198829134618,1650
38946,0.8607594936708861,1650
80546,0.9855198829134618,1650
4341,0.9605658709106984,1650
66756,0.9729318734793188,1650
7720,0.9855198829134618,1650
53407,0.9855198829134618,1650
45112,0.9855198829134618,1650
22829,0.8908624432603118,1650
100688,0.9855198829134618,1650
90261,0.6086956521739131,1650
80444,0.9729318734793188,1650
96664,0.9855198829134618,1650
55571,0.9729318734793188,1650
30904,0.9855198829134618,1650
102974,0.9855198829134618,1650
92117,0.9328165374677002,1650
58183,0.9605658709106984,1650
31700,0.9855198829134618,1650
41287,0.9855198829134618,1650
2807,0.9855198829134618,1650
12204,0.5986622073578596,1650
105302,0.9605658709106984,1650
62722,0.9855198829134618,1650
61708,0.9729318734793188,1650
2293,0.9855198829134618,1650
96036,0.9294968363965049,1650
10177,0.9855198829134618,1650
61378,0.9729318734793188,1650
87587,0.9855198829134618,1650
57715,0.8403336748134055,1650
5590,0.9855198829134618,1650
82569,0.9729318734793188,1650
58959,0.878755364806867,1650
46668,0.9855198829134618,1650
69676,0.8908624432603118,1650
66701,0.5986622073578596,1650
103174,0.9605658709106984,1650
95866,0.7116402116402116,1650
50971,0.9534913353720693,1650
81884,0.9855198829134618,1650
63910,0.9855198829134618,1650
67631,0.9855198829134618,1650
87231,0.9855198829134618,1650
62152,0.9855198829134618,1650
2488,0.9855198829134618,1650
62331,0.9855198829134618,1650
29155,0.9421383647798742,1650
9899,0.9855198829134618,1650
76022,0.9855198829134618,1650
38919,0.9605658709106984,1650
17693,0.9855198829134618,1650
46557,0.9534913353720693,1650
81282,0.9855198829134618,1650
113306,0.9605658709106984,1650
40421,0.8403336748134055,1650
76461,0.9855198829134618,1650
14270,0.9729318734793188,1650
8147,0.9855198829134618,1650
49101,0.6086956521739131,1650
106056,0.9855198829134618,1650
23526,0.8403336748134055,1650
79987,0.9605658709106984,1650
74492,0.9605658709106984,1650
97467,0.9855198829134618,1650
55246,0.8908624432603118,1650
92522,0.9855198829134618,1650
69391,0.9534913353720693,1650
66735,0.9729318734793188,1650
30897,0.9855198829134618,1650
22255,0.9855198829134618,1650
105139,0.8263772954924875,1650
24333,0.9294968363965049,1650
97899,0.9855198829134618,1650
68462,0.9855198829134618,1650
87290,0.9855198829134618,1650
72548,0.8263772954924875,1650
69150,0.8403336748134055,1650
99201,0.9328165374677002,1650
107769,0.9605658709106984,1650
42706,0.9855198829134618,1650
79911,0.9729318734793188,1650
59273,0.9855198829134618,1650
38678,0.9855198829134618,1650
34682,0.7140039447731755,1650
60123,0.9729318734793188,1650
87089,0.9729318734793188,1650
7621,0.8403336748134055,1650
18867,0.9855198829134618,1650
64694,0.9328165374677002,1650
102210,0.9729318734793188,1650
74600,0.9534913353720693,1650
51019,0.9855198829134618,1650
14312,0.7140039447731755,1650
27464,0.9855198829134618,1650
27965,0.8908624432603118,1650
43508,0.9855198829134618,1650
92310,0.9855198829134618,1650
75302,0.9729318734793188,1650
93769,0.9421383647798742,1650
111282,0.9855198829134618,1650
3497,0.9855198829134618,1650
74045,0.9855198829134618,1650
97246,0.9855198829134618,1650
84709,0.468,1650
2622,0.9855198829134618,1650
69017,0.8403336748134055,1650
78027,0.3236994219653179,1650
112653,0.9534913353720693,1650
104068,0.9855198829134618,1650
35383,0.8403336748134055,1650
73706,0.8403336748134055,1650
110527,0.9294968363965049,1650
11340,0.7601626016260162,1650
3503,0.9729318734793188,1650
59832,0.9855198829134618,1650
86388,0.8908624432603118,1650
69283,0.9855198829134618,1650
50097,0.9534913353720693,1650
89067,0.9855198829134618,1650
13321,0.9855198829134618,1650
41780,0.8908624432603118,1650
101373,0.9729318734793188,1650
71933,0.9605658709106984,1650
49882,0.9855198829134618,1650
93743,0.9328165374677002,1650
87278,0.9534913353720693,1650
80557,0.9855198829134618,1650
51434,0.9855198829134618,1650
105785,0.8403336748134055,1650
73875,0.8403336748134055,1650
34313,0.7116402116402116,1650
17562,0.9855198829134618,1650
51438,0.9855198829134618,1650
87741,0.9855198829134618,1650
38582,0.9605658709106984,1650
38631,0.9855198829134618,1650
109762,0.9855198829134618,1650
106576,0.9855198829134618,1650
98502,0.9729318734793188,1650
35420,0.9729318734793188,1650
46751,0.9855198829134618,1650
29437,0.8607594936708861,1650
65913,0.9855198829134618,1650
58821,0.8461538461538461,1650
51718,0.9855198829134618,1650
35277,0.9328165374677002,1650
78271,0.9855198829134618,1650
72810,0.9855198829134618,1650
103691,0.9855198829134618,1650
20738,0.9534913353720693,1650
11883,0.9855198829134618,1650
31569,0.9855198829134618,1650
81608,0.8263772954924875,1650
83655,0.9855198829134618,1650
13310,0.9855198829134618,1650
12481,0.9855198829134618,1650
91995,0.9294968363965049,1650
93721,0.8403336748134055,1650
57608,0.6086956521739131,1650
84056,0.9534913353720693,1650
3105,0.9534913353720693,1650
23868,0.8908624432603118,1650
91912,0.9729318734793188,1650
55228,0.8403336748134055,1650
15761,0.8908624432603118,1650
34353,0.9534913353720693,1650
95203,0.9855198829134618,1650
50596,0.9534913353720693,1650
51135,0.9855198829134618,1650
13677,0.9605658709106984,1650
74418,0.9855198829134618,1650
341,0.9855198829134618,1650
74723,0.9855198829134618,1650
37622,0.9855198829134618,1650
91822,0.9534913353720693,1650
9361,0.9855198829134618,1650
40021,0.9294968363965049,1650
104579,0.9855198829134618,1650
45315,0.8607594936708861,1650
86193,0.8908624432603118,1650
6352,0.9855198829134618,1650
32989,0.9534913353720693,1650
10739,0.9855198829134618,1650
90500,0.9729318734793188,1650
51968,0.8403336748134055,1650
71503,0.878755364806867,1650
13644,0.9534913353720693,1650
75688,0.9855198829134618,1650
103663,0.8908624432603118,1650
104467,0.9855198829134618,1650
45807,0.9855198829134618,1650
61525,0.9855198829134618,1650
46111,0.8403336748134055,1650
35161,0.9855198829134618,1650
6502,0.9605658709106984,1650
81464,0.9855198829134618,1650
60780,0.9729318734793188,1650
95805,0.9729318734793188,1650
91346,0.9534913353720693,1650
60479,0.9855198829134618,1650
87451,0.8263772954924875,1650
99809,0.9605658709106984,1650
38838,0.9534913353720693,1650
67406,0.8908624432603118,1650
28666,0.9605658709106984,1650
31843,0.9855198829134618,1650
15184,0.9855198829134618,1650
53001,0.8403336748134055,1650
82828,0.9855198829134618,1650
112762,0.9729318734793188,1650
77817,0.9855198829134618,1650
21477,0.9855198829134618,1650
92354,0.9855198829134618,1650
100710,0.9855198829134618,1650
29187,0.9855198829134618,1650
7898,0.8908624432603118,1650
78958,0.8403336748134055,1650
97967,0.9729318734793188,1650
108723,0.9855198829134618,1650
26222,0.8263772954924875,1650
47558,0.9534913353720693,1650
80436,0.7601626016260162,1650
89007,0.9855198829134618,1650
67048,0.8403336748134055,1650
7034,0.8403336748134055,1650
19703,0.9605658709106984,1650
105996,0.9855198829134618,1650
83710,0.9294968363965049,1650
38408,0.7140039447731755,1650
58649,0.7116402116402116,1650
6090,0.9534913353720693,1650
46856,0.9729318734793188,1650
108087,0.9729318734793188,1650
41633,1.0,1650
87941,0.9855198829134618,1650
87182,0.9855198829134618,1650
94087,0.9855198829134618,1650
106960,0.9855198829134618,1650
21540,0.9328165374677002,1650
5604,0.9294968363965049,1650
86040,0.9855198829134618,1650
93193,0.9328165374677002,1650
1729,0.8403336748134055,1650
54183,0.9855198829134618,1650
41426,0.9855198829134618,1650
114004,0.9729318734793188,1650
12434,0.9855198829134618,1650
81553,0.9855198829134618,1650
75082,0.8908624432603118,1650
19004,0.9534913353720693,1650
77513,0.8908624432603118,1650
76711,0.9534913353720693,1650
10462,0.9855198829134618,1650
21665,0.9855198829134618,1650
11570,0.8403336748134055,1650
60408,0.7140039447731755,1650
59574,0.9855198829134618,1650
84727,0.8403336748134055,1650
35722,0.9729318734793188,1650
33129,0.9729318734793188,1650
71992,0.8403336748134055,1650
36157,0.8908624432603118,1650
5641,0.8263772954924875,1650
32702,0.9855198829134618,1650
35989,0.6086956521739131,1650
60675,0.9729318734793188,1650
112819,0.9855198829134618,1650
97924,0.9855198829134618,1650
101505,0.9855198829134618,1650
28706,0.9855198829134618,1650
60244,0.9605658709106984,1650
12683,0.9534913353720693,1650
91719,0.9328165374677002,1650
7155,0.9729318734793188,1650
29396,0.9855198829134618,1650
33472,0.9855198829134618,1650
53341,0.9855198829134618,1650
1071,0.9855198829134618,1650
84423,0.8403336748134055,1650
87422,0.9421383647798742,1650
40746,0.9855198829134618,1650
44255,0.8403336748134055,1650
35520,0.9729318734793188,1650
28629,0.9328165374677002,1650
17463,0.9855198829134618,1650
110231,0.9729318734793188,1650
81995,0.9534913353720693,1650
54483,0.9534913353720693,1650
108583,0.9294968363965049,1650
91180,0.8263772954924875,1650
101869,0.8908624432603118,1650
72783,0.9855198829134618,1650
101763,0.9855198829134618,1650
108824,0.9855198829134618,1650
70623,0.8403336748134055,1650
108599,0.9855198829134618,1650
78312,0.9855198829134618,1650
18424,0.9729318734793188,1650
109005,0.9605658709106984,1650
100256,0.9605658709106984,1650
55297,0.9855198829134618,1650
60337,0.9294968363965049,1650
52129,0.8607594936708861,1650
3033,0.9855198829134618,1650
99715,0.9605658709106984,1650
37082,0.9729318734793188,1650
89649,0.9605658709106984,1650
8132,0.9855198829134618,1650
18234,0.9855198829134618,1650
21082,0.9855198829134618,1650
20876,0.9294968363965049,1650
113358,0.9729318734793188,1650
33346,0.9855198829134618,1650
15877,0.9328165374677002,1650
46440,0.9534913353720693,1650
26542,0.9855198829134618,1650
25215,0.9855198829134618,1650
66680,0.9855198829134618,1650
112244,0.9855198829134618,1650
43350,0.9855198829134618,1650
13202,0.8263772954924875,1650
108680,0.9855198829134618,1650
41354,0.8908624432603118,1650
68607,0.9534913353720693,1650
55350,0.9729318734793188,1650
38897,0.9855198829134618,1650
17721,0.9729318734793188,1650
10060,0.9855198829134618,1650
18671,0.9855198829134618,1650
40009,0.9534913353720693,1650
81224,0.9729318734793188,1650
19100,0.9855198829134618,1650
62340,0.9729318734793188,1650
83397,0.8403336748134055,1650
86858,0.9534913353720693,1650
23776,0.9605658709106984,1650
73578,0.9605658709106984,1650
110994,0.9421383647798742,1650
59982,0.9855198829134618,1650
49621,0.8908624432603118,1650
58945,0.9855198829134618,1650
19938,0.9534913353720693,1650
111080,0.9729318734793188,1650
105573,0.9855198829134618,1650
65274,0.9855198829134618,1650
103946,0.878755364806867,1650
105397,0.8908624432603118,1650
51814,0.9855198829134618,1650
55044,0.8403336748134055,1650
86541,0.9729318734793188,1650
113744,0.9855198829134618,1650
31298,0.9855198829134618,1650
18893,0.8403336748134055,1650
30454,0.9729318734793188,1650
7198,0.9294968363965049,1650
65145,0.9534913353720693,1650
87002,0.9729318734793188,1650
36458,0.9855198829134618,1650
52466,0.9855198829134618,1650
8566,0.9328165374677002,1650
35528,0.7601626016260162,1650
4136,0.9534913353720693,1650
87412,0.8403336748134055,1650
58335,0.9534913353720693,1650
76037,0.9328165374677002,1650
75977,0.9855198829134618,1650
7393,0.9855198829134618,1650
70250,0.9855198829134618,1650
25513,0.9729318734793188,1650
97096,0.8908624432603118,1650
4873,0.9605658709106984,1650
105945,0.9855198829134618,1650
22553,0.9855198829134618,1650
5061,0.9855198829134618,1650
6354,0.8908624432603118,1650
95800,0.9855198829134618,1650
92153,0.9855198829134618,1650
98084,0.9729318734793188,1650
96685,0.9855198829134618,1650
50933,0.8403336748134055,1650
82108,0.9294968363965049,1650
41454,0.9855198829134618,1650
72756,0.9729318734793188,1650
88285,0.9294968363965049,1650
73806,0.9729318734793188,1650
32251,0.9855198829134618,1650
7834,0.08333333333333333,1650
74237,0.8403336748134055,1650
50068,0.9605658709106984,1650
17376,0.8403336748134055,1650
77549,0.8403336748134055,1650
38143,0.8403336748134055,1650
45016,0.9534913353720693,1650
49727,0.8403336748134055,1650
102777,0.9855198829134618,1650
100999,0.9855198829134618,1650
2232,0.8403336748134055,1650
69222,0.9534913353720693,1650
19958,0.8403336748134055,1650
60914,0.9534913353720693,1650
62582,0.7601626016260162,1650
107386,0.9855198829134618,1650
8649,0.9855198829134618,1650
88097,0.9534913353720693,1650
9450,0.9421383647798742,1650
102819,0.9534913353720693,1650
99073,0.9294968363965049,1650
68465,0.9855198829134618,1650
81825,0.9855198829134618,1650
16693,0.9729318734793188,1650
97678,0.9729318734793188,1650
29261,0.9294968363965049,1650
32259,0.8403336748134055,1650
98671,0.9294968363965049,1650
31615,0.9534913353720693,1650
9270,0.8908624432603118,1650
30041,0.9534913353720693,1650
79369,0.9855198829134618,1650
80684,0.9855198829134618,1650
73366,0.9534913353720693,1650
94780,0.9421383647798742,1650
77421,0.9729318734793188,1650
68842,0.8263772954924875,1650
9495,0.9605658709106984,1650
107709,0.9605658709106984,1650
87458,0.8908624432603118,1650
45313,0.9729318734793188,1650
85711,0.9729318734793188,1650
103785,0.9328165374677002,1650
72884,0.9855198829134618,1650
103696,0.9855198829134618,1650
39623,0.8908624432603118,1650
71191,0.9855198829134618,1650
37795,0.9855198829134618,1650
93440,0.7116402116402116,1650
113959,0.9855198829134618,1650
79893,0.9855198829134618,1650
64737,0.9855198829134618,1650
71703,0.9294968363965049,1650
83646,0.9729318734793188,1650
96770,0.9855198829134618,1650
80691,0.9855198829134618,1650
46851,0.9729318734793188,1650
40109,0.8908624432603118,1650
12803,0.9855198829134618,1650
94189,0.9534913353720693,1650
71922,0.9534913353720693,1650
15978,0.8403336748134055,1650
56260,0.9534913353720693,1650
9704,0.9855198829134618,1650
60674,0.9855198829134618,1650
87244,0.9855198829134618,1650
30385,0.9534913353720693,1650
7875,0.9855198829134618,1650
12958,0.9294968363965049,1650
80184,0.9534913353720693,1650
106754,0.9855198829134618,1650
49066,0.9294968363965049,1650
52254,0.9729318734793188,1650
79239,0.9855198829134618,1650
51381,0.9534913353720693,1650
78764,0.9534913353720693,1650
35398,0.9729318734793188,1650
17838,0.9855198829134618,1650
65236,0.9855198829134618,1650
10143,0.8607594936708861,1650
110199,0.9855198829134618,1650
94124,0.9605658709106984,1650
18263,0.9855198829134618,1650
44361,0.9855198829134618,1650
105632,0.468,1650
1422,0.9855198829134618,1650
29154,0.8403336748134055,1650
57695,0.9855198829134618,1650
79933,0.9605658709106984,1650
55027,0.9855198829134618,1650
42664,0.9855198829134618,1650
9567,0.9855198829134618,1650
55527,0.9855198829134618,1650
25275,0.8908624432603118,1650
86169,0.9855198829134618,1650
33545,0.8263772954924875,1650
46862,0.8403336748134055,1650
76397,0.9729318734793188,1650
89851,0.8908624432603118,1650
111571,0.8403336748134055,1650
80480,0.7140039447731755,1650
78946,0.9534913353720693,1650
39345,0.9294968363965049,1650
69209,0.9855198829134618,1650
79833,0.9729318734793188,1650
76371,0.9855198829134618,1650
66518,0.8908624432603118,1650
40922,0.9534913353720693,1650
236,0.8403336748134055,1650
28693,0.9534913353720693,1650
26054,0.9729318734793188,1650
9675,0.8403336748134055,1650
5687,0.8403336748134055,1650
83264,0.9855198829134618,1650
60667,0.8403336748134055,1650
27689,0.9855198829134618,1650
15902,0.9855198829134618,1650
89052,0.7140039447731755,1650
12544,0.8263772954924875,1650
39693,0.9855198829134618,1650
3599,0.9605658709106984,1650
96423,0.9855198829134618,1650
68916,0.9605658709106984,1650
33283,0.9855198829134618,1650
16932,0.9855198829134618,1650
96839,0.9729318734793188,1650
4918,0.5986622073578596,1650
45751,0.8908624432603118,1650
87716,0.9855198829134618,1650
13396,0.9729318734793188,1650
13766,0.9855198829134618,1650
62755,0.8908624432603118,1650
53661,0.6086956521739131,1650
19173,0.9855198829134618,1650
4758,0.8263772954924875,1650
10043,0.9855198829134618,1650
1590,0.9729318734793188,1650
87284,0.9855198829134618,1650
107971,0.9855198829134618,1650
93871,0.9729318734793188,1650
15360,0.9855198829134618,1650
91969,0.9855198829134618,1650
91058,0.9534913353720693,1650
20692,0.9855198829134618,1650
85547,0.5986622073578596,1650
48087,0.6086956521739131,1650
113471,0.9729318734793188,1650
52010,0.9855198829134618,1650
49939,0.9729318734793188,1650
89014,0.9729318734793188,1650
82601,0.9855198829134618,1650
302,0.9534913353720693,1650
6416,0.9855198829134618,1650
82455,0.8403336748134055,1650
55248,0.9294968363965049,1650
33578,0.9534913353720693,1650
65337,0.9729318734793188,1650
15296,0.9855198829134618,1650
78177,0.9534913353720693,1650
39690,0.8403336748134055,1650
66388,0.8908624432603118,1650
49199,0.9855198829134618,1650
65787,0.9294968363965049,1650
17024,0.9855198829134618,1650
44540,0.9534913353720693,1650
64447,0.9534913353720693,1650
62842,0.8403336748134055,1650
4231,0.9729318734793188,1650
104759,0.9855198829134618,1650
105976,0.9855198829134618,1650
80420,0.8908624432603118,1650
53750,0.6086956521739131,1650
55719,0.9855198829134618,1650
40943,0.9855198829134618,1650
79130,0.9855198829134618,1650
33411,0.9855198829134618,1650
89129,0.9855198829134618,1650
65441,0.8908624432603118,1650
71944,0.7140039447731755,1650
10008,0.9855198829134618,1650
16325,0.8908624432603118,1650
96439,0.8403336748134055,1650
19447,0.9534913353720693,1650
18845,0.9605658709106984,1650
113625,0.9855198829134618,1650
88950,0.9855198829134618,1650
29886,0.9534913353720693,1650
70653,0.7140039447731755,1650
44102,0.9855198829134618,1650
106159,0.9605658709106984,1650
60314,0.8263772954924875,1650
84348,0.9855198829134618,1650
5521,0.9855198829134618,1650
14935,0.9605658709106984,1650
92983,0.3236994219653179,1650
16,0.8908624432603118,1650
19791,0.9729318734793188,1650
29861,0.9855198829134618,1650
20913,0.9855198829134618,1650
45386,0.9855198829134618,1650
59584,0.9855198829134618,1650
38763,0.9855198829134618,1650
83244,0.8908624432603118,1650
76435,0.9729318734793188,1650
39963,0.8263772954924875,1650
70567,0.9729318734793188,1650
56820,0.9729318734793188,1650
36048,0.9855198829134618,1650
16958,0.8403336748134055,1650
65136,0.8403336748134055,1650
46914,0.9534913353720693,1650
18129,0.7140039447731755,1650
83081,0.9729318734793188,1650
107585,0.9855198829134618,1650
111822,0.9729318734793188,1650
76561,0.9855198829134618,1650
63477,0.9855198829134618,1650
66001,0.9294968363965049,1650
26525,0.9855198829134618,1650
33652,0.9328165374677002,1650
34453,0.9855198829134618,1650
109528,0.8263772954924875,1650
26569,0.9855198829134618,1650
9837,0.9729318734793188,1650
30828,0.9855198829134618,1650
34982,0.9855198829134618,1650
65588,0.9855198829134618,1650
54110,0.9855198829134618,1650
29056,0.9855198829134618,1650
64632,0.9729318734793188,1650
30937,0.9729318734793188,1650
35121,0.9294968363965049,1650
42484,0.9855198829134618,1650
59090,0.8908624432603118,1650
110611,0.8908624432603118,1650
103664,0.9855198829134618,1650
63093,0.9534913353720693,1650
2863,0.9855198829134618,1650
87884,0.9855198829134618,1650
50642,0.9534913353720693,1650
22075,0.878755364806867,1650
21970,0.9855198829134618,1650
82919,0.7140039447731755,1650
63269,0.9729318734793188,1650
7032,0.9605658709106984,1650
51916,0.8607594936708861,1650
23021,0.9534913353720693,1650
21039,0.9534913353720693,1650
6303,0.9605658709106984,1650
100473,0.9855198829134618,1650
45684,0.9855198829134618,1650
33128,0.9605658709106984,1650
87887,0.8403336748134055,1650
100721,0.9729318734793188,1650
48587,0.9328165374677002,1650
88150,0.9421383647798742,1650
63474,0.9534913353720693,1650
102888,0.9855198829134618,1650
89557,0.9855198829134618,1650
93831,0.9729318734793188,1650
99304,0.9855198829134618,1650
46016,0.9855198829134618,1650
100356,0.8403336748134055,1650
86076,0.9605658709106984,1650
86161,0.9855198829134618,1650
26820,0.9855198829134618,1650
18145,0.8263772954924875,1650
88100,0.9855198829134618,1650
75987,0.9534913353720693,1650
84693,0.9855198829134618,1650
20809,0.9729318734793188,1650
15984,0.9421383647798742,1650
7952,0.9534913353720693,1650
31250,0.9294968363965049,1650
50298,0.9855198829134618,1650
70910,0.9534913353720693,1650
35222,0.9729318734793188,1650
1643,0.9534913353720693,1650
35534,0.8403336748134055,1650
59902,0.7140039447731755,1650
93724,0.9855198829134618,1650
110243,0.468,1650
76200,0.9855198829134618,1650
8693,0.9534913353720693,1650
58949,0.9855198829134618,1650
78242,0.9729318734793188,1650
84928,0.9855198829134618,1650
69530,0.9534913353720693,1650
110804,0.9855198829134618,1650
40661,0.9855198829134618,1650
37520,0.9421383647798742,1650
22733,0.8908624432603118,1650
75771,0.9729318734793188,1650
57348,0.878755364806867,1650
101629,0.7116402116402116,1650
43456,0.8403336748134055,1650
57313,0.9328165374677002,1650
16809,0.9729318734793188,1650
26138,0.9855198829134618,1650
30102,0.9855198829134618,1650
96293,0.8607594936708861,1650
105517,0.9855198829134618,1650
77780,0.9855198829134618,1650
92229,0.9534913353720693,1650
23524,0.8908624432603118,1650
49082,0.9729318734793188,1650
3874,0.9605658709106984,1650
45266,0.9855198829134618,1650
51279,0.9855198829134618,1650
5833,0.8908624432603118,1650
88258,0.9729318734793188,1650
38517,0.9855198829134618,1650
98284,0.8403336748134055,1650
4992,0.9855198829134618,1650
56045,0.9855198829134618,1650
35642,0.9729318734793188,1650
60315,0.9855198829134618,1650
94142,0.9605658709106984,1650
54978,0.9729318734793188,1650
34393,0.9855198829134618,1650
87327,0.9729318734793188,1650
41880,0.9729318734793188,1650
35799,0.9729318734793188,1650
20251,0.9855198829134618,1650
110833,0.8908624432603118,1650
92303,0.9605658709106984,1650
109996,0.5373831775700935,1650
87985,0.9855198829134618,1650
12584,0.9855198829134618,1650
68611,0.8908624432603118,1650
61344,0.9294968363965049,1650
55785,0.9729318734793188,1650
65727,0.9534913353720693,1650
108983,0.9855198829134618,1650
20189,0.9534913353720693,1650
96868,0.9605658709106984,1650
47791,0.9855198829134618,1650
17872,0.9855198829134618,1650
105993,0.9605658709106984,1650
17160,0.9328165374677002,1650
68248,0.8403336748134055,1650
55869,0.9855198829134618,1650
111646,0.9855198829134618,1650
108339,0.9294968363965049,1650
47401,0.9534913353720693,1650
39715,0.9855198829134618,1650
93180,0.9729318734793188,1650
39567,0.9534913353720693,1650
113596,0.9729318734793188,1650
43099,0.9729318734793188,1650
52582,0.9855198829134618,1650
55335,0.8403336748134055,1650
80118,0.9729318734793188,1650
17600,0.9855198829134618,1650
27529,0.878755364806867,1650
100094,0.9605658709106984,1650
45173,0.8403336748134055,1650
31695,0.9294968363965049,1650
113349,0.9855198829134618,1650
14089,0.9294968363965049,1650
45104,0.9534913353720693,1650
23962,0.9855198829134618,1650
53054,0.9729318734793188,1650
59652,0.9855198829134618,1650
18208,0.9294968363965049,1650
7132,0.14285714285714285,1650
32607,0.9855198829134618,1650
73940,0.9855198829134618,1650
13649,0.9605658709106984,1650
28120,0.9855198829134618,1650
20448,0.8908624432603118,1650
43417,0.8908624432603118,1650
60087,0.8403336748134055,1650
74906,0.9534913353720693,1650
105899,0.9534913353720693,1650
17573,0.9421383647798742,1650
112807,0.9729318734793188,1650
43524,0.9729318734793188,1650
200,0.9534913353720693,1650
31388,0.9855198829134618,1650
31080,0.9855198829134618,1650
91799,0.9729318734793188,1650
13589,0.8403336748134055,1650
11068,0.9855198829134618,1650
52817,0.9855198829134618,1650
39038,0.9855198829134618,1650
19322,0.9855198829134618,1650
10047,0.9855198829134618,1650
22193,0.9855198829134618,1650
88961,0.8908624432603118,1650
8134,0.8263772954924875,1650
6334,0.9855198829134618,1650
75345,0.8403336748134055,1650
38884,0.9729318734793188,1650
12574,0.8908624432603118,1650
1329,0.9605658709106984,1650
98168,0.9729318734793188,1650
17667,0.9534913353720693,1650
106951,0.9729318734793188,1650
51580,0.9855198829134618,1650
87101,0.9855198829134618,1650
68228,0.8403336748134055,1650
106082,0.9605658709106984,1650
30951,0.8403336748134055,1650
11765,0.9855198829134618,1650
6912,0.9855198829134618,1650
105164,0.8908624432603118,1650
105697,0.9855198829134618,1650
75758,0.9855198829134618,1650
48367,0.9729318734793188,1650
50483,0.9855198829134618,1650
13883,0.9605658709106984,1650
29052,0.9294968363965049,1650
1018,0.9605658709106984,1650
60868,0.9855198829134618,1650
63938,0.9047619047619048,1650
516,0.9855198829134618,1650
4569,0.9605658709106984,1650
93940,0.8403336748134055,1650
55800,0.9605658709106984,1650
98318,0.9855198829134618,1650
27733,0.9855198829134618,1650
34686,0.9328165374677002,1650
109182,0.9855198829134618,1650
77597,0.9729318734793188,1650
81823,0.9855198829134618,1650
44522,0.9855198829134618,1650
15157,0.9855198829134618,1650
74180,0.9855198829134618,1650
95507,0.8607594936708861,1650
48133,0.9855198829134618,1650
23150,0.9729318734793188,1650
89268,0.9605658709106984,1650
60281,0.9729318734793188,1650
16005,0.9605658709106984,1650
67914,0.9855198829134618,1650
14060,0.7140039447731755,1650
30919,0.8403336748134055,1650
104544,0.9534913353720693,1650
104490,0.8403336748134055,1650
76402,0.8403336748134055,1650
70387,0.3236994219653179,1650
3678,0.9605658709106984,1650
64429,0.9855198829134618,1650
111644,0.9855198829134618,1650
105927,0.9729318734793188,1650
26273,0.8403336748134055,1650
98645,0.9294968363965049,1650
54107,0.9729318734793188,1650
2139,0.8403336748134055,1650
65051,0.9534913353720693,1650
36616,0.8403336748134055,1650
3740,0.9855198829134618,1650
60377,0.8403336748134055,1650
45634,0.9855198829134618,1650
109965,0.8403336748134055,1650
28293,0.878755364806867,1650
17207,0.9855198829134618,1650
38671,0.9605658709106984,1650
72379,0.9605658709106984,1650
97405,0.9729318734793188,1650
58570,0.9605658709106984,1650
84297,0.9605658709106984,1650
89561,0.9855198829134618,1650
18964,0.9729318734793188,1650
43846,0.8908624432603118,1650
20632,0.9855198829134618,1650
64873,0.9534913353720693,1650
71743,0.9855198829134618,1650
25175,0.5986622073578596,1650
77948,0.9729318734793188,1650
87753,0.9534913353720693,1650
33079,0.8403336748134055,1650
21143,0.9855198829134618,1650
4766,0.878755364806867,1650
88866,0.9729318734793188,1650
41578,0.8908624432603118,1650
31970,0.8607594936708861,1650
5399,0.9855198829134618,1650
98824,0.9729318734793188,1650
13348,0.9729318734793188,1650
39697,0.9605658709106984,1650
92236,0.9534913353720693,1650
94330,0.9855198829134618,1650
84694,0.9534913353720693,1650
87698,0.9605658709106984,1650
100470,0.9605658709106984,1650
45103,0.9855198829134618,1650
72685,0.9855198829134618,1650
5918,0.8403336748134055,1650
68136,0.9534913353720693,1650
111025,0.9855198829134618,1650
46674,0.9534913353720693,1650
83274,0.9534913353720693,1650
99962,0.8403336748134055,1650
87824,0.9605658709106984,1650
49470,0.9855198829134618,1650
43302,0.8263772954924875,1650
113733,0.8403336748134055,1650
46199,0.9855198829134618,1650
89388,0.9534913353720693,1650
29837,0.878755364806867,1650
65200,0.8908624432603118,1650
28754,0.8403336748134055,1650
22223,0.878755364806867,1650
53533,0.9855198829134618,1650
7291,0.9729318734793188,1650
102057,0.8403336748134055,1650
12384,0.9855198829134618,1650
31660,0.9855198829134618,1650
87309,0.9729318734793188,1650
97399,0.9855198829134618,1650
86085,0.9605658709106984,1650
19711,0.8908624432603118,1650
92717,0.9421383647798742,1650
93772,0.9729318734793188,1650
96722,0.7116402116402116,1650
34553,0.9605658709106984,1650
77295,0.9729318734793188,1650
48773,0.9729318734793188,1650
2067,0.7116402116402116,1650
51338,0.9605658709106984,1650
56953,0.9855198829134618,1650
99027,0.9534913353720693,1650
96592,0.9855198829134618,1650
32333,0.9855198829134618,1650
69631,0.9855198829134618,1650
83613,0.9855198829134618,1650
5032,0.9855198829134618,1650
108791,0.9855198829134618,1650
74715,0.9534913353720693,1650
97171,0.9855198829134618,1650
32857,0.9855198829134618,1650
24375,0.9729318734793188,1650
13720,0.9855198829134618,1650
84962,0.9855198829134618,1650
4219,0.8403336748134055,1650
43185,0.9855198829134618,1650
65702,0.7601626016260162,1650
52100,0.9729318734793188,1650
102752,0.8403336748134055,1650
19211,0.8403336748134055,1650
105719,0.8908624432603118,1650
96577,0.9294968363965049,1650
103166,0.8263772954924875,1650
79994,0.9855198829134618,1650
83735,0.9855198829134618,1650
56828,0.9421383647798742,1650
30386,0.9328165374677002,1650
22568,0.9328165374677002,1650
2130,0.9729318734793188,1650
27548,0.9294968363965049,1650
64651,0.9534913353720693,1650
62388,0.9294968363965049,1650
9386,0.9729318734793188,1650
87688,0.9855198829134618,1650
80565,0.9294968363965049,1650
60491,0.9855198829134618,1650
24943,0.9855198829134618,1650
54669,0.9534913353720693,1650
46151,0.9534913353720693,1650
57650,0.9729318734793188,1650
51037,0.9534913353720693,1650
30289,0.9729318734793188,1650
72883,0.9855198829134618,1650
40418,0.9855198829134618,1650
40623,0.9855198829134618,1650
832,0.9534913353720693,1650
23785,0.9729318734793188,1650
10914,0.9855198829134618,1650
24711,0.9328165374677002,1650
51061,0.8908624432603118,1650
9557,0.9729318734793188,1650
103474,0.9534913353720693,1650
61289,0.9855198829134618,1650
89256,0.9729318734793188,1650
90600,0.9328165374677002,1650
5985,0.9855198829134618,1650
4551,0.9855198829134618,1650
487,0.9855198829134618,1650
98329,0.9855198829134618,1650
35407,0.8403336748134055,1650
94114,0.8908624432603118,1650
80732,0.9855198829134618,1650
21272,0.9729318734793188,1650
105201,0.9729318734793188,1650
102200,0.9855198829134618,1650
100487,0.9855198829134618,1650
43210,0.9855198829134618,1650
35335,0.9855198829134618,1650
24806,0.8403336748134055,1650
63196,0.9855198829134618,1650
87990,0.9605658709106984,1650
40501,0.9855198829134618,1650
69468,0.9534913353720693,1650
46048,0.9534913353720693,1650
55485,0.3236994219653179,1650
57118,0.878755364806867,1650
31629,0.9294968363965049,1650
75040,0.9605658709106984,1650
57320,0.9729318734793188,1650
5212,0.9855198829134618,1650
34952,0.9328165374677002,1650
46321,0.8263772954924875,1650
9667,0.9855198829134618,1650
48266,0.9855198829134618,1650
73283,0.9855198829134618,1650
54792,0.3236994219653179,1650
50081,0.6086956521739131,1650
111152,0.9855198829134618,1650
78161,0.8908624432603118,1650
23870,0.9855198829134618,1650
55891,0.9855198829134618,1650
23327,0.9294968363965049,1650
53873,0.9855198829134618,1650
99492,0.9855198829134618,1650
79524,0.8403336748134055,1650
82312,0.8403336748134055,1650
82550,0.9855198829134618,1650
46419,0.9605658709106984,1650
101751,0.9855198829134618,1650
66049,0.9294968363965049,1650
77573,0.9534913353720693,1650
58089,0.8607594936708861,1650
106639,0.9534913353720693,1650
32461,0.9855198829134618,1650
101465,0.9855198829134618,1650
80604,0.9855198829134618,1650
33025,0.9534913353720693,1650
109164,0.9328165374677002,1650
62696,0.9534913353720693,1650
15725,0.9855198829134618,1650
90026,0.8403336748134055,1650
101212,0.9729318734793188,1650
73188,0.9855198829134618,1650
81496,0.878755364806867,1650
2151,0.9534913353720693,1650
112052,0.9534913353720693,1650
100464,0.9605658709106984,1650
40464,0.9605658709106984,1650
73065,0.9855198829134618,1650
85418,0.8403336748134055,1650
6885,0.9534913353720693,1650
50992,0.9328165374677002,1650
75547,0.9729318734793188,1650
45020,0.8908624432603118,1650
19296,0.9855198829134618,1650
56490,0.9328165374677002,1650
15797,0.9605658709106984,1650
30635,0.8908624432603118,1650
29586,0.8263772954924875,1650
45183,0.9729318734793188,1650
20306,0.9605658709106984,1650
19455,0.9534913353720693,1650
68888,0.8403336748134055,1650
79135,0.9855198829134618,1650
50833,0.8403336748134055,1650
52082,0.9855198829134618,1650
12249,0.9605658709106984,1650
84260,0.9294968363965049,1650
63072,0.8263772954924875,1650
29759,0.9729318734793188,1650
45819,0.9294968363965049,1650
56936,0.9328165374677002,1650
11372,0.8908624432603118,1650
104794,0.8908624432603118,1650
50372,0.3236994219653179,1650
73825,0.9855198829134618,1650
64852,0.9855198829134618,1650
73845,0.9855198829134618,1650
81651,0.8403336748134055,1650
26887,0.8908624432603118,1650
68863,0.9855198829134618,1650
69462,0.9855198829134618,1650
47197,0.8908624432603118,1650
74793,0.9855198829134618,1650
37307,0.9294968363965049,1650
31350,0.9855198829134618,1650
92145,0.9855198829134618,1650
44009,0.9855198829134618,1650
60741,0.9855198829134618,1650
91651,0.9729318734793188,1650
29110,0.9294968363965049,1650
33048,0.9855198829134618,1650
38017,0.9328165374677002,1650
81983,0.9855198829134618,1650
28230,0.8403336748134055,1650
112603,0.9855198829134618,1650
26518,0.9855198829134618,1650
67156,0.8403336748134055,1650
13836,0.8908624432603118,1650
22273,0.9605658709106984,1650
34486,0.9855198829134618,1650
80897,0.8403336748134055,1650
36988,0.9855198829134618,1650
65895,0.8403336748134055,1650
19261,0.9855198829134618,1650
104643,0.8403336748134055,1650
39897,0.9534913353720693,1650
99175,0.8908624432603118,1650
20238,0.878755364806867,1650
96570,0.9534913353720693,1650
25274,0.9729318734793188,1650
93975,0.9855198829134618,1650
85849,0.8403336748134055,1650
35430,0.9534913353720693,1650
110675,0.9534913353720693,1650
30398,0.9729318734793188,1650
40238,0.8403336748134055,1650
55981,0.9855198829134618,1650
3210,0.9729318734793188,1650
108322,0.9729318734793188,1650
69055,0.9855198829134618,1650
82770,0.9855198829134618,1650
62073,0.9729318734793188,1650
80080,0.8908624432603118,1650
86120,0.9421383647798742,1650
22024,0.9855198829134618,1650
64813,0.9855198829134618,1650
83955,0.9294968363965049,1650
49242,0.9855198829134618,1650
67678,0.9729318734793188,1650
39605,0.9855198829134618,1650
80276,0.9534913353720693,1650
73041,0.9855198829134618,1650
26024,0.8263772954924875,1650
54599,0.9729318734793188,1650
108235,0.9855198829134618,1650
45780,0.9729318734793188,1650
51304,0.9855198829134618,1650
483,0.9605658709106984,1650
18398,0.7116402116402116,1650
39625,0.9294968363965049,1650
676,0.9605658709106984,1650
59934,0.8908624432603118,1650
6688,0.9534913353720693,1650
39125,0.8403336748134055,1650
22920,0.9605658709106984,1650
31171,0.9855198829134618,1650
60725,0.8263772954924875,1650
89302,0.9855198829134618,1650
52769,0.9855198829134618,1650
39158,0.9421383647798742,1650
80503,0.8403336748134055,1650
83890,0.9605658709106984,1650
72818,0.9855198829134618,1650
1509,0.9421383647798742,1650
58426,0.9855198829134618,1650
109515,0.8403336748134055,1650
94381,0.9855198829134618,1650
26916,0.9855198829134618,1650
11168,0.9855198829134618,1650
94931,0.9855198829134618,1650
17754,0.9855198829134618,1650
55709,0.8403336748134055,1650
41703,0.9294968363965049,1650
107832,0.9855198829134618,1650
72193,0.9605658709106984,1650
50701,0.7601626016260162,1650
39834,0.9855198829134618,1650
103626,0.878755364806867,1650
8455,0.9605658709106984,1650
48156,0.3236994219653179,1650
37996,0.9855198829134618,1650
111678,0.9855198829134618,1650
24947,0.9855198829134618,1650
62365,0.8403336748134055,1650
101748,0.7140039447731755,1650
102771,0.6086956521739131,1650
90384,0.9855198829134618,1650
19244,0.9534913353720693,1650
82495,0.9534913353720693,1650
22554,0.9328165374677002,1650
42495,0.9855198829134618,1650
92615,0.9534913353720693,1650
104499,0.9855198829134618,1650
113755,0.8403336748134055,1650
7523,0.9729318734793188,1650
80548,0.9534913353720693,1650
61489,0.9729318734793188,1650
93886,0.9534913353720693,1650
16751,0.9855198829134618,1650
14673,0.9855198829134618,1650
83209,0.9605658709106984,1650
5686,0.8403336748134055,1650
59924,0.9855198829134618,1650
25426,0.9855198829134618,1650
80983,0.9855198829134618,1650
81870,0.9729318734793188,1650
77983,0.9729318734793188,1650
23927,0.9855198829134618,1650
16231,0.9605658709106984,1650
107917,0.9729318734793188,1650
42485,0.9729318734793188,1650
50941,0.8908624432603118,1650
34951,0.9855198829134618,1650
83357,0.9855198829134618,1650
90590,0.878755364806867,1650
43626,0.9855198829134618,1650
64977,0.7601626016260162,1650
17117,0.9729318734793188,1650
104024,0.9855198829134618,1650
7356,0.8403336748134055,1650
80582,0.9855198829134618,1650
34912,0.9855198829134618,1650
3056,0.5986622073578596,1650
29217,0.9729318734793188,1650
86356,0.9729318734793188,1650
47245,0.5784313725490197,1650
83833,0.8403336748134055,1650
57612,0.8908624432603118,1650
10142,0.9855198829134618,1650
60817,0.8403336748134055,1650
103363,0.8908624432603118,1650
28047,0.9855198829134618,1650
29122,0.9534913353720693,1650
112838,0.9729318734793188,1650
59060,0.9855198829134618,1650
26545,0.7116402116402116,1650
67945,0.9855198829134618,1650
38453,0.8403336748134055,1650
54631,0.9855198829134618,1650
109353,0.5986622073578596,1650
44917,0.9855198829134618,1650
23734,0.9855198829134618,1650
93434,0.9855198829134618,1650
75124,0.9855198829134618,1650
36276,0.9855198829134618,1650
77725,0.8461538461538461,1650
25453,0.9855198829134618,1650
22552,0.9605658709106984,1650
53684,0.9534913353720693,1650
13274,0.9534913353720693,1650
30756,0.9855198829134618,1650
65931,0.9855198829134618,1650
93004,0.9855198829134618,1650
83236,0.8403336748134055,1650
37313,0.9855198829134618,1650
112934,0.9855198829134618,1650
9580,0.9855198829134618,1650
100897,0.9855198829134618,1650
24069,0.9855198829134618,1650
75321,0.9855198829134618,1650
55626,0.9855198829134618,1650
78742,0.8263772954924875,1650
66453,0.9605658709106984,1650
6368,0.9729318734793188,1650
45198,0.8403336748134055,1650
44667,0.9534913353720693,1650
94864,0.9294968363965049,1650
38411,0.9855198829134618,1650
55551,0.9855198829134618,1650
1727,0.8403336748134055,1650
79807,0.8263772954924875,1650
90326,0.9855198829134618,1650
42449,0.9855198829134618,1650
446,0.9534913353720693,1650
105305,0.9855198829134618,1650
109410,0.9855198829134618,1650
51123,0.9855198829134618,1650
79398,0.9855198829134618,1650
63833,0.8908624432603118,1650
80814,0.9294968363965049,1650
90583,0.9729318734793188,1650
67007,0.9855198829134618,1650
80215,0.9605658709106984,1650
15790,0.9534913353720693,1650
96831,0.9534913353720693,1650
90167,0.8403336748134055,1650
14929,0.9855198829134618,1650
15783,0.9855198829134618,1650
46209,0.9605658709106984,1650
53645,0.9534913353720693,1650
4894,0.9729318734793188,1650
48241,0.9855198829134618,1650
29410,0.9605658709106984,1650
19183,0.9855198829134618,1650
1390,0.9855198829134618,1650
14320,0.8908624432603118,1650
11022,0.9855198829134618,1650
29899,0.9855198829134618,1650
98838,0.8908624432603118,1650
105576,0.9855198829134618,1650
1183,0.9294968363965049,1650
102037,0.9729318734793188,1650
10196,0.8908624432603118,1650
26207,0.8908624432603118,1650
67752,0.9855198829134618,1650
16783,0.9729318734793188,1650
10471,0.9729318734793188,1650
11067,0.9729318734793188,1650
29954,0.9605658709106984,1650
5473,0.9855198829134618,1650
43674,0.9605658709106984,1650
73464,0.9855198829134618,1650
30256,0.9729318734793188,1650
40361,0.9534913353720693,1650
78884,0.9328165374677002,1650
22242,0.9855198829134618,1650
25555,0.8908624432603118,1650
24154,0.9534913353720693,1650
57437,0.8403336748134055,1650
42266,0.9855198829134618,1650
111290,0.8403336748134055,1650
52657,0.9855198829134618,1650
82642,0.9855198829134618,1650
53256,0.9534913353720693,1650
80655,0.8403336748134055,1650
65056,0.8403336748134055,1650
46281,0.9605658709106984,1650
47167,0.9855198829134618,1650
46358,0.9855198829134618,1650
53306,0.9855198829134618,1650
5224,0.9534913353720693,1650
74341,0.9421383647798742,1650
39539,0.9855198829134618,1650
60901,0.8403336748134055,1650
73615,0.9855198829134618,1650
10665,0.9729318734793188,1650
72331,0.9855198829134618,1650
43717,0.9605658709106984,1650
39889,0.9729318734793188,1650
79396,0.9421383647798742,1650
47830,0.8403336748134055,1650
12654,0.9855198829134618,1650
43478,0.8908624432603118,1650
98264,0.8908624432603118,1650
109465,0.9855198829134618,1650
49121,0.9605658709106984,1650
32588,0.8908624432603118,1650
37603,0.9729318734793188,1650
69839,0.9855198829134618,1650
101076,0.9855198829134618,1650
59437,0.8403336748134055,1650
60057,0.9328165374677002,1650
31044,0.8908624432603118,1650
53429,0.8403336748134055,1650
18812,0.468,1650
21105,0.9855198829134618,1650
70675,0.9855198829134618,1650
26507,0.7601626016260162,1650
108999,0.9729318734793188,1650
58170,0.9855198829134618,1650
61320,0.9328165374677002,1650
75273,0.8607594936708861,1650
6991,0.9534913353720693,1650
53068,0.7140039447731755,1650
48318,0.9294968363965049,1650
89549,0.9855198829134618,1650
68667,0.9729318734793188,1650
22518,0.9855198829134618,1650
79834,0.9855198829134618,1650
36222,0.9855198829134618,1650
100664,0.9729318734793188,1650
68078,0.9855198829134618,1650
45505,0.8908624432603118,1650
72929,0.8263772954924875,1650
93868,0.9855198829134618,1650
60356,0.9855198829134618,1650
91582,0.9605658709106984,1650
2929,0.9855198829134618,1650
27746,0.9729318734793188,1650
31561,0.9534913353720693,1650
109915,0.9855198829134618,1650
5936,0.5373831775700935,1650
52696,0.9855198829134618,1650
8192,0.7140039447731755,1650
112339,0.8403336748134055,1650
89096,0.9855198829134618,1650
77101,0.9855198829134618,1650
65628,0.9294968363965049,1650
92751,0.9729318734793188,1650
113945,0.8403336748134055,1650
75441,0.9855198829134618,1650
82744,0.9534913353720693,1650
107849,0.9328165374677002,1650
42790,0.9328165374677002,1650
84849,0.9605658709106984,1650
16272,0.9534913353720693,1650
61920,0.9421383647798742,1650
107133,0.9855198829134618,1650
59110,0.9294968363965049,1650
31912,0.9729318734793188,1650
98243,0.8403336748134055,1650
61263,0.9605658709106984,1650
52443,0.9855198829134618,1650
53165,0.9855198829134618,1650
58721,0.9605658709106984,1650
9553,0.9534913353720693,1650
96290,0.9605658709106984,1650
94702,0.9855198829134618,1650
100589,0.8263772954924875,1650
4516,0.9855198829134618,1650
33610,0.9605658709106984,1650
100052,0.9855198829134618,1650
25217,0.9855198829134618,1650
44211,0.9729318734793188,1650
111740,0.9855198829134618,1650
40764,0.9855198829134618,1650
67677,0.8263772954924875,1650
68920,0.9605658709106984,1650
13488,0.8403336748134055,1650
109074,0.9729318734793188,1650
57722,0.9729318734793188,1650
5606,0.9855198829134618,1650
31342,0.9855198829134618,1650
86906,0.9294968363965049,1650
104843,0.9729318734793188,1650
33730,0.9294968363965049,1650
40203,0.9534913353720693,1650
12366,0.8908624432603118,1650
57451,0.9534913353720693,1650
23751,0.9534913353720693,1650
63377,0.8908624432603118,1650
103768,0.9729318734793188,1650
53804,0.9729318734793188,1650
35526,0.9855198829134618,1650
5671,0.9855198829134618,1650
113995,0.8263772954924875,1650
50554,0.9534913353720693,1650
7820,0.8403336748134055,1650
15980,0.9855198829134618,1650
113023,0.9729318734793188,1650
94448,0.9605658709106984,1650
32691,0.8403336748134055,1650
26836,0.9729318734793188,1650
48144,0.7116402116402116,1650
19551,0.9855198829134618,1650
10323,0.9605658709106984,1650
34277,0.8908624432603118,1650
43857,0.8403336748134055,1650
32561,0.878755364806867,1650
98134,0.9855198829134618,1650
52415,0.8908624432603118,1650
19852,0.9729318734793188,1650
58731,0.9729318734793188,1650
90752,0.8403336748134055,1650
63317,0.9855198829134618,1650
46782,0.9534913353720693,1650
9679,0.9294968363965049,1650
52592,0.9534913353720693,1650
71813,0.8461538461538461,1650
18246,0.9605658709106984,1650
73585,0.9855198829134618,1650
50543,0.9855198829134618,1650
14530,0.9534913353720693,1650
51226,0.9855198829134618,1650
52518,0.9729318734793188,1650
25886,0.878755364806867,1650
48794,0.9605658709106984,1650
50787,0.9855198829134618,1650
56592,0.9729318734793188,1650
85046,0.8403336748134055,1650
97674,0.7116402116402116,1650
97594,0.9729318734793188,1650
95350,0.9294968363965049,1650
73349,0.8263772954924875,1650
94677,0.8403336748134055,1650
100274,0.9729318734793188,1650
76937,0.8403336748134055,1650
111326,0.9855198829134618,1650
26753,0.9328165374677002,1650
84239,0.9534913353720693,1650
37527,0.9855198829134618,1650
15273,0.9855198829134618,1650
40506,0.9855198829134618,1650
26756,0.9534913353720693,1650
2470,0.9294968363965049,1650
2825,0.9421383647798742,1650
39982,0.8403336748134055,1650
49326,0.9855198829134618,1650
95768,0.9855198829134618,1650
38070,0.9855198829134618,1650
4473,0.9855198829134618,1650
25258,0.8403336748134055,1650
78797,0.8263772954924875,1650
88158,0.9855198829134618,1650
26409,0.9605658709106984,1650
55074,0.9294968363965049,1650
12565,0.9855198829134618,1650
102053,0.9534913353720693,1650
24119,0.9855198829134618,1650
16628,0.8403336748134055,1650
30313,0.9855198829134618,1650
57389,0.9855198829134618,1650
68889,0.8263772954924875,1650
38137,0.9605658709106984,1650
84724,0.7140039447731755,1650
26101,0.9855198829134618,1650
9803,0.9855198829134618,1650
91288,0.9855198829134618,1650
50860,0.9855198829134618,1650
79194,0.8403336748134055,1650
41865,0.9294968363965049,1650
111451,0.9605658709106984,1650
109813,0.9605658709106984,1650
28921,0.9534913353720693,1650
22686,0.9534913353720693,1650
46908,0.8403336748134055,1650
73335,0.9605658709106984,1650
85,0.9855198829134618,1650
107803,0.9328165374677002,1650
69370,0.9534913353720693,1650
59496,0.9729318734793188,1650
12430,0.8908624432603118,1650
108632,0.8908624432603118,1650
12953,0.8908624432603118,1650
28951,0.9855198829134618,1650
35155,0.9729318734793188,1650
98443,0.9855198829134618,1650
99155,0.9729318734793188,1650
69251,0.9729318734793188,1650
36457,0.9855198829134618,1650
112548,0.9729318734793188,1650
54001,0.9855198829134618,1650
85589,0.7601626016260162,1650
19327,0.9605658709106984,1650
74163,0.7601626016260162,1650
82260,0.9855198829134618,1650
40323,0.9855198829134618,1650
13289,0.9855198829134618,1650
63184,0.8403336748134055,1650
46982,0.9534913353720693,1650
33914,0.7116402116402116,1650
20842,0.9855198829134618,1650
77330,0.9855198829134618,1650
46418,0.9855198829134618,1650
21013,0.8263772954924875,1650
94763,0.9729318734793188,1650
61571,0.9534913353720693,1650
44050,0.9534913353720693,1650
91767,0.9855198829134618,1650
22496,0.9328165374677002,1650
56516,0.8403336748134055,1650
14800,0.9294968363965049,1650
10579,0.9855198829134618,1650
44479,0.6086956521739131,1650
12151,0.9534913353720693,1650
29084,0.9855198829134618,1650
14949,0.9855198829134618,1650
54713,0.9294968363965049,1650
74688,0.9534913353720693,1650
24484,0.9729318734793188,1650
6339,0.9855198829134618,1650
104409,0.9534913353720693,1650
44504,0.9729318734793188,1650
23116,0.9534913353720693,1650
62870,0.9855198829134618,1650
35159,0.8908624432603118,1650
2673,0.9534913353720693,1650
111951,0.5373831775700935,1650
1096,0.9605658709106984,1650
2688,0.8908624432603118,1650
24456,0.9855198829134618,1650
22398,0.9534913353720693,1650
99209,0.9605658709106984,1650
104592,0.8263772954924875,1650
59624,0.9855198829134618,1650
4611,0.9855198829134618,1650
39868,0.9294968363965049,1650
45070,0.9534913353720693,1650
67496,0.9729318734793188,1650
72738,0.9729318734793188,1650
93360,0.8403336748134055,1650
32462,0.9855198829134618,1650
56794,0.8403336748134055,1650
110865,0.468,1650
89708,0.9294968363965049,1650
98532,0.9855198829134618,1650
26000,0.9534913353720693,1650
10959,0.9534913353720693,1650
8905,0.9605658709106984,1650
84384,0.9855198829134618,1650
108947,0.9855198829134618,1650
54805,0.6086956521739131,1650
80336,0.9855198829134618,1650
43404,0.9855198829134618,1650
57714,0.9855198829134618,1650
58986,0.7601626016260162,1650
28012,0.8403336748134055,1650
92473,0.9855198829134618,1650
93278,0.8403336748134055,1650
99056,0.9855198829134618,1650
28851,0.9328165374677002,1650
2164,0.9855198829134618,1650
54528,0.9534913353720693,1650
55791,0.9605658709106984,1650
23889,0.9855198829134618,1650
50582,0.9729318734793188,1650
59876,0.9534913353720693,1650
65271,0.9855198829134618,1650
82767,0.9855198829134618,1650
78955,0.878755364806867,1650
23447,0.9855198829134618,1650
55258,0.9729318734793188,1650
85291,0.9605658709106984,1650
44534,0.9294968363965049,1650
59714,0.9421383647798742,1650
36140,0.9855198829134618,1650
93449,0.9729318734793188,1650
4903,0.9605658709106984,1650
16539,0.8908624432603118,1650
43113,0.9855198829134618,1650
6742,0.9294968363965049,1650
101281,0.9729318734793188,1650
70485,0.9855198829134618,1650
94932,0.9855198829134618,1650
69509,0.9855198829134618,1650
7674,0.9855198829134618,1650
7725,0.8403336748134055,1650
55168,0.9605658709106984,1650
28328,0.8908624432603118,1650
92462,0.9855198829134618,1650
93396,0.9855198829134618,1650
70106,0.878755364806867,1650
108178,0.9855198829134618,1650
98033,0.3236994219653179,1650
90466,0.9729318734793188,1650
42005,0.9534913353720693,1650
71456,0.9855198829134618,1650
542,0.8908624432603118,1650
103712,0.9855198829134618,1650
79340,0.8403336748134055,1650
9328,0.9855198829134618,1650
22951,0.8908624432603118,1650
35715,0.9855198829134618,1650
9856,0.9534913353720693,1650
85109,0.9328165374677002,1650
13029,0.9605658709106984,1650
89475,0.9855198829134618,1650
1774,0.9534913353720693,1650
105959,0.9855198829134618,1650
93554,0.6086956521739131,1650
98574,0.9534913353720693,1650
110206,0.8403336748134055,1650
13784,0.9855198829134618,1650
41423,0.9855198829134618,1650
21509,0.9855198829134618,1650
55788,0.9729318734793188,1650
30036,0.9729318734793188,1650
89383,0.9605658709106984,1650
14925,0.9729318734793188,1650
84885,0.8403336748134055,1650
89960,0.8908624432603118,1650
37667,0.9294968363965049,1650
85423,0.9605658709106984,1650
66883,0.9605658709106984,1650
91389,0.9729318734793188,1650
5146,0.9729318734793188,1650
10130,0.9855198829134618,1650
50527,0.9855198829134618,1650
39090,0.8403336748134055,1650
94430,0.9729318734793188,1650
64679,0.9855198829134618,1650
86012,0.9294968363965049,1650
53867,0.9294968363965049,1650
27626,0.9534913353720693,1650
78421,0.9855198829134618,1650
96503,0.8403336748134055,1650
101850,0.9855198829134618,1650
113587,0.9421383647798742,1650
15463,0.9855198829134618,1650
85390,0.9328165374677002,1650
23255,0.9855198829134618,1650
69634,0.9855198829134618,1650
75412,0.9855198829134618,1650
55487,0.9855198829134618,1650
87963,0.9605658709106984,1650
106436,0.9855198829134618,1650
61379,0.9855198829134618,1650
37581,0.8403336748134055,1650
95472,0.8908624432603118,1650
31501,0.9855198829134618,1650
86202,0.9294968363965049,1650
44186,0.9855198829134618,1650
32184,0.8263772954924875,1650
87381,0.9534913353720693,1650
10761,0.8908624432603118,1650
46510,0.8403336748134055,1650
12785,0.9294968363965049,1650
26128,0.9605658709106984,1650
55961,0.9534913353720693,1650
34880,0.9729318734793188,1650
78028,0.8908624432603118,1650
39658,0.9729318734793188,1650
70258,0.9534913353720693,1650
39258,0.9605658709106984,1650
23594,0.9855198829134618,1650
52351,0.9729318734793188,1650
88869,0.9855198829134618,1650
97237,0.9534913353720693,1650
108502,0.9534913353720693,1650
35626,0.9534913353720693,1650
87095,0.8263772954924875,1650
40824,0.8908624432603118,1650
22084,0.9534913353720693,1650
43989,0.9294968363965049,1650
12524,0.9605658709106984,1650
74278,0.9855198829134618,1650
81551,0.9855198829134618,1650
24061,0.9328165374677002,1650
108901,0.6086956521739131,1650
33822,0.9729318734793188,1650
69490,0.8607594936708861,1650
104057,0.9729318734793188,1650
12551,0.8908624432603118,1650
70674,0.9605658709106984,1650
36438,0.5784313725490197,1650
41322,0.9855198829134618,1650
104390,0.9729318734793188,1650
98481,0.9855198829134618,1650
32642,0.9855198829134618,1650
77844,0.9729318734793188,1650
95606,0.9855198829134618,1650
39675,0.878755364806867,1650
32241,0.9729318734793188,1650
91861,0.9855198829134618,1650
97374,0.9855198829134618,1650
101867,0.9294968363965049,1650
114019,0.468,1650
104709,0.8908624432603118,1650
3985,0.9855198829134618,1650
102181,0.8403336748134055,1650
20186,0.9605658709106984,1650
60143,0.8403336748134055,1650
49388,0.9729318734793188,1650
37021,0.9855198829134618,1650
68838,0.9855198829134618,1650
23550,0.8403336748134055,1650
15717,0.9605658709106984,1650
94905,0.9729318734793188,1650
80740,0.9855198829134618,1650
103060,0.9855198829134618,1650
38630,0.9855198829134618,1650
72253,0.9855198829134618,1650
83851,0.9855198829134618,1650
100439,0.9855198829134618,1650
23090,0.9534913353720693,1650
34845,0.9855198829134618,1650
66630,0.9855198829134618,1650
70102,0.9855198829134618,1650
97068,0.9605658709106984,1650
44350,0.9729318734793188,1650
77246,0.9534913353720693,1650
88894,0.7601626016260162,1650
67122,0.8607594936708861,1650
33909,0.9855198829134618,1650
1491,0.9534913353720693,1650
48418,0.9855198829134618,1650
99453,0.9328165374677002,1650
39149,0.9855198829134618,1650
42447,0.8403336748134055,1650
14893,0.9729318734793188,1650
44158,0.5373831775700935,1650
27703,0.7601626016260162,1650
100816,0.8908624432603118,1650
110143,0.9534913353720693,1650
21892,0.9729318734793188,1650
59770,0.9855198829134618,1650
20109,0.9855198829134618,1650
40593,0.9328165374677002,1650
61761,0.8908624432603118,1650
71412,0.8403336748134055,1650
24987,0.9294968363965049,1650
51664,0.9855198829134618,1650
92491,0.9855198829134618,1650
24577,0.9421383647798742,1650
1435,0.9605658709106984,1650
67627,0.9605658709106984,1650
107143,0.9729318734793188,1650
110590,0.8403336748134055,1650
9161,0.8403336748134055,1650
29766,0.9855198829134618,1650
58725,0.9294968363965049,1650
24871,0.9534913353720693,1650
41475,0.9294968363965049,1650
83945,0.5986622073578596,1650
96252,0.9855198829134618,1650
17929,0.9328165374677002,1650
44723,0.8908624432603118,1650
45792,0.9605658709106984,1650
104133,0.9605658709106984,1650
108676,0.9855198829134618,1650
8697,0.5784313725490197,1650
50328,0.9855198829134618,1650
82107,0.9855198829134618,1650
82400,0.9605658709106984,1650
31051,0.5784313725490197,1650
40900,0.8403336748134055,1650
19799,0.9855198829134618,1650
4654,0.9855198829134618,1650
111322,0.9855198829134618,1650
29336,0.8908624432603118,1650
34738,0.9855198829134618,1650
98268,0.9855198829134618,1650
26697,0.9855198829134618,1650
52327,0.9855198829134618,1650
81360,0.9294968363965049,1650
30359,0.8908624432603118,1650
106418,0.7116402116402116,1650
104602,0.9855198829134618,1650
106988,0.9855198829134618,1650
27056,0.9294968363965049,1650
101736,0.9855198829134618,1650
65668,0.9855198829134618,1650
56049,0.9855198829134618,1650
1608,0.9294968363965049,1650
12136,0.9855198829134618,1650
35058,0.9855198829134618,1650
94230,0.9534913353720693,1650
63565,0.9729318734793188,1650
67654,0.9855198829134618,1650
105225,0.9855198829134618,1650
106114,0.9294968363965049,1650
76249,0.9855198829134618,1650
42158,0.9534913353720693,1650
100091,0.9855198829134618,1650
96696,0.9855198829134618,1650
27537,0.9855198829134618,1650
4828,0.9855198829134618,1650
21185,0.9855198829134618,1650
97404,0.9729318734793188,1650
2928,0.9855198829134618,1650
73998,0.9855198829134618,1650
14629,0.9855198829134618,1650
104330,0.9855198829134618,1650
14539,0.9534913353720693,1650
44167,0.9729318734793188,1650
73637,0.9729318734793188,1650
28097,0.9729318734793188,1650
110879,0.7601626016260162,1650
52586,0.9855198829134618,1650
35350,0.9855198829134618,1650
44651,0.9421383647798742,1650
76934,0.9534913353720693,1650
6859,0.8403336748134055,1650
26671,0.9855198829134618,1650
54625,0.9855198829134618,1650
27103,0.8908624432603118,1650
76264,0.9328165374677002,1650
99220,0.9534913353720693,1650
34549,0.9534913353720693,1650
82603,0.9855198829134618,1650
68497,0.9855198829134618,1650
37793,0.8263772954924875,1650
15798,0.7140039447731755,1650
26260,0.8908624432603118,1650
113666,0.9729318734793188,1650
34026,0.8403336748134055,1650
91420,0.8403336748134055,1650
55597,0.9729318734793188,1650
26902,0.9294968363965049,1650
98324,0.9605658709106984,1650
6078,0.9855198829134618,1650
75566,0.9855198829134618,1650
94016,0.8403336748134055,1650
21690,0.9855198829134618,1650
9192,0.9605658709106984,1650
49350,0.878755364806867,1650
24372,0.9534913353720693,1650
39280,0.8403336748134055,1650
88970,0.9855198829134618,1650
1350,0.9855198829134618,1650
9703,0.5784313725490197,1650
65779,0.9534913353720693,1650
63536,0.9421383647798742,1650
29615,0.9729318734793188,1650
83770,0.9294968363965049,1650
108,0.8908624432603118,1650
58580,0.9855198829134618,1650
63284,0.9855198829134618,1650
13615,0.9855198829134618,1650
107877,0.8403336748134055,1650
19709,0.9855198829134618,1650
18367,0.9855198829134618,1650
42769,0.8403336748134055,1650
37465,0.9855198829134618,1650
4910,0.9605658709106984,1650
91132,0.8403336748134055,1650
29796,0.8607594936708861,1650
53305,0.9855198829134618,1650
72764,0.9855198829134618,1650
11469,0.9855198829134618,1650
79703,0.9855198829134618,1650
86765,0.9328165374677002,1650
60927,0.9047619047619048,1650
58892,0.9855198829134618,1650
76250,0.9534913353720693,1650
3841,0.9729318734793188,1650
54364,0.9855198829134618,1650
105088,0.9855198829134618,1650
62960,0.9855198829134618,1650
36551,0.9534913353720693,1650
48229,0.9605658709106984,1650
21848,0.9534913353720693,1650
46168,0.9605658709106984,1650
100564,0.9855198829134618,1650
87768,0.9855198829134618,1650
65434,0.9294968363965049,1650
5193,0.8403336748134055,1650
16496,0.9421383647798742,1650
62947,0.8263772954924875,1650
47683,0.9855198829134618,1650
92305,0.9328165374677002,1650
52542,0.8908624432603118,1650
13476,0.8403336748134055,1650
71548,0.8403336748134055,1650
19661,0.9855198829134618,1650
82731,0.9534913353720693,1650
110325,0.9855198829134618,1650
11607,0.9855198829134618,1650
52006,0.9534913353720693,1650
50588,0.9328165374677002,1650
37422,0.9855198829134618,1650
70169,0.9855198829134618,1650
79472,0.9855198829134618,1650
7359,0.9294968363965049,1650
99286,0.9855198829134618,1650
59267,0.9534913353720693,1650
112923,0.8403336748134055,1650
105463,0.9729318734793188,1650
9077,0.5986622073578596,1650
70999,0.9855198829134618,1650
64423,0.9855198829134618,1650
74585,0.8403336748134055,1650
17975,0.9294968363965049,1650
42207,0.9294968363965049,1650
90338,0.9855198829134618,1650
60590,0.8403336748134055,1650
52524,0.9855198829134618,1650
48958,0.9855198829134618,1650
34118,0.9729318734793188,1650
18905,0.8403336748134055,1650
100801,0.8607594936708861,1650
680,0.9729318734793188,1650
52991,0.9855198829134618,1650
55212,0.3236994219653179,1650
99934,0.9855198829134618,1650
76577,0.8908624432603118,1650
92184,0.9729318734793188,1650
18749,0.9534913353720693,1650
88461,0.9855198829134618,1650
104532,0.9855198829134618,1650
66540,0.9855198829134618,1650
738,0.8403336748134055,1650
10585,0.9855198829134618,1650
63507,0.9534913353720693,1650
69789,0.9605658709106984,1650
107785,0.9855198829134618,1650
31906,0.9729318734793188,1650
63358,0.9855198829134618,1650
38117,0.9855198829134618,1650
6851,0.9855198829134618,1650
35558,0.878755364806867,1650
24389,0.9855198829134618,1650
24967,0.8403336748134055,1650
107533,0.8908624432603118,1650
30532,0.9605658709106984,1650
95498,0.9421383647798742,1650
15124,0.8461538461538461,1650
26341,0.9855198829134618,1650
28391,0.9729318734793188,1650
62752,0.9855198829134618,1650
15617,0.9855198829134618,1650
108500,0.9534913353720693,1650
36575,0.9294968363965049,1650
79997,0.9534913353720693,1650
48069,0.9534913353720693,1650
36851,0.9421383647798742,1650
6454,0.9534913353720693,1650
17863,0.9855198829134618,1650
51801,0.9855198829134618,1650
75234,0.9855198829134618,1650
9884,0.9855198829134618,1650
103809,0.9294968363965049,1650
45900,0.9855198829134618,1650
89954,0.9534913353720693,1650
95072,0.9729318734793188,1650
11441,0.9855198829134618,1650
52310,0.9729318734793188,1650
76439,0.9294968363965049,1650
39342,0.9855198829134618,1650
108394,0.9855198829134618,1650
85434,0.9605658709106984,1650
105589,0.8908624432603118,1650
36304,0.8908624432603118,1650
41674,0.8403336748134055,1650
35653,0.9729318734793188,1650
50949,0.9855198829134618,1650
75957,0.9855198829134618,1650
96447,0.9729318734793188,1650
68867,0.9855198829134618,1650
66417,0.9729318734793188,1650
56132,0.9605658709106984,1650
32171,0.9534913353720693,1650
6622,0.8908624432603118,1650
85053,0.9855198829134618,1650
83826,0.9855198829134618,1650
41996,0.9729318734793188,1650
99558,0.9855198829134618,1650
95185,0.9855198829134618,1650
97720,0.9855198829134618,1650
45855,0.9729318734793188,1650
96424,0.9534913353720693,1650
102131,0.9855198829134618,1650
105970,0.9855198829134618,1650
97415,0.9855198829134618,1650
8026,0.9729318734793188,1650
82025,0.9855198829134618,1650
84393,0.8263772954924875,1650
91594,0.9855198829134618,1650
21504,0.9855198829134618,1650
36444,0.9855198829134618,1650
32188,0.9729318734793188,1650
24472,0.9605658709106984,1650
56728,0.9534913353720693,1650
81634,0.9855198829134618,1650
68641,0.8263772954924875,1650
97223,0.9855198829134618,1650
41869,0.9855198829134618,1650
70692,0.9421383647798742,1650
64337,0.9855198829134618,1650
26441,0.9855198829134618,1650
40898,0.9855198829134618,1650
99168,0.9855198829134618,1650
50576,0.878755364806867,1650
40709,0.8908624432603118,1650
93478,0.9855198829134618,1650
78860,0.9534913353720693,1650
65831,0.9855198829134618,1650
44505,0.9534913353720693,1650
34319,0.8403336748134055,1650
26724,0.9729318734793188,1650
28234,0.9534913353720693,1650
49706,0.9855198829134618,1650
44872,0.9855198829134618,1650
9180,0.9729318734793188,1650
47581,0.9294968363965049,1650
96009,0.9855198829134618,1650
20215,0.9855198829134618,1650
22083,0.8607594936708861,1650
52758,0.8403336748134055,1650
104243,0.9855198829134618,1650
30920,0.9855198829134618,1650
21852,0.9328165374677002,1650
11248,0.9855198829134618,1650
24382,0.8403336748134055,1650
9863,0.9729318734793188,1650
74680,0.9855198829134618,1650
36672,0.9729318734793188,1650
61556,0.9855198829134618,1650
64857,0.9855198829134618,1650
48183,0.9534913353720693,1650
30220,0.9855198829134618,1650
6737,0.9855198829134618,1650
87647,0.9855198829134618,1650
72012,0.9855198829134618,1650
28607,0.9729318734793188,1650
23190,0.9605658709106984,1650
87638,0.9294968363965049,1650
19753,0.9328165374677002,1650
57670,0.9294968363965049,1650
66664,0.9855198829134618,1650
54005,0.8403336748134055,1650
75019,0.9534913353720693,1650
108001,0.8263772954924875,1650
27160,0.9855198829134618,1650
64416,0.9534913353720693,1650
97698,0.9729318734793188,1650
66044,0.8263772954924875,1650
11239,0.9855198829134618,1650
112307,0.9855198829134618,1650
39029,0.9534913353720693,1650
104044,0.9729318734793188,1650
52030,0.8403336748134055,1650
49285,0.8607594936708861,1650
33195,0.7601626016260162,1650
8798,0.9534913353720693,1650
19316,0.8908624432603118,1650
80303,0.9855198829134618,1650
61401,0.9855198829134618,1650
24831,0.9855198829134618,1650
73554,0.9534913353720693,1650
31903,0.9855198829134618,1650
79447,0.9605658709106984,1650
69194,0.8908624432603118,1650
22817,0.9855198829134618,1650
13343,0.9605658709106984,1650
67851,0.9855198829134618,1650
30004,0.9855198829134618,1650
20367,0.9855198829134618,1650
19217,0.8908624432603118,1650
22944,0.9855198829134618,1650
76051,0.9855198829134618,1650
36498,0.9605658709106984,1650
14131,0.9534913353720693,1650
81518,0.9534913353720693,1650
72660,0.9729318734793188,1650
38554,0.9729318734793188,1650
93691,0.9729318734793188,1650
4512,0.9605658709106984,1650
27649,0.8908624432603118,1650
73380,0.9328165374677002,1650
5453,0.8908624432603118,1650
37072,0.8263772954924875,1650
96687,0.9729318734793188,1650
9646,0.9605658709106984,1650
13389,0.9855198829134618,1650
96227,0.9855198829134618,1650
83846,0.8607594936708861,1650
46731,0.9855198829134618,1650
84390,0.9729318734793188,1650
10,0.9605658709106984,1650
66361,0.9294968363965049,1650
64854,0.9855198829134618,1650
112231,0.9294968363965049,1650
15337,0.8908624432603118,1650
37649,0.9729318734793188,1650
67765,0.9605658709106984,1650
29650,0.9534913353720693,1650
21441,0.9855198829134618,1650
54333,0.8908624432603118,1650
81037,0.5373831775700935,1650
56999,0.9855198829134618,1650
29676,0.9855198829134618,1650
39991,0.8908624432603118,1650
89506,0.9729318734793188,1650
78917,0.9294968363965049,1650
14922,0.7140039447731755,1650
58312,0.9855198829134618,1650
27717,0.9855198829134618,1650
6043,0.8403336748134055,1650
100791,0.8908624432603118,1650
52950,0.8403336748134055,1650
64327,0.9729318734793188,1650
64002,0.9605658709106984,1650
33899,0.9855198829134618,1650
50517,0.9421383647798742,1650
16737,0.8908624432603118,1650
14508,0.5986622073578596,1650
21094,0.9855198829134618,1650
59612,0.9855198829134618,1650
60312,0.9855198829134618,1650
5396,0.9855198829134618,1650
18425,0.9855198829134618,1650
76808,0.9421383647798742,1650
62908,0.9855198829134618,1650
27270,0.9534913353720693,1650
60374,0.9328165374677002,1650
41912,0.9605658709106984,1650
26140,0.9855198829134618,1650
58539,0.9729318734793188,1650
80672,0.9855198829134618,1650
63673,0.9534913353720693,1650
11470,0.8908624432603118,1650
50434,0.9605658709106984,1650
33848,0.9328165374677002,1650
111041,0.8908624432603118,1650
108954,0.9729318734793188,1650
4961,0.9855198829134618,1650
111748,0.9421383647798742,1650
84453,0.9855198829134618,1650
86998,0.9855198829134618,1650
44895,0.9855198829134618,1650
15630,0.9855198829134618,1650
47771,0.8403336748134055,1650
42557,0.9421383647798742,1650
36152,0.9855198829134618,1650
64998,0.9605658709106984,1650
91928,0.8263772954924875,1650
3893,0.9605658709106984,1650
85194,0.8403336748134055,1650
57569,0.9855198829134618,1650
100523,0.9729318734793188,1650
76340,0.9294968363965049,1650
58278,0.8908624432603118,1650
53531,0.7601626016260162,1650
49476,0.9534913353720693,1650
109642,0.8403336748134055,1650
3571,0.9855198829134618,1650
17909,0.9855198829134618,1650
24920,0.9855198829134618,1650
80269,0.9729318734793188,1650
77183,0.9855198829134618,1650
41350,0.9294968363965049,1650
49219,0.9855198829134618,1650
63984,0.878755364806867,1650
69147,0.9855198829134618,1650
71979,0.9855198829134618,1650
48544,0.9729318734793188,1650
81441,0.9605658709106984,1650
6520,0.6086956521739131,1650
106400,0.9855198829134618,1650
86952,0.9729318734793188,1650
9018,0.9855198829134618,1650
99123,0.8403336748134055,1650
59493,0.9855198829134618,1650
87155,0.9294968363965049,1650
5162,0.9855198829134618,1650
64059,0.9729318734793188,1650
57911,0.9534913353720693,1650
64494,0.9855198829134618,1650
45052,0.8263772954924875,1650
74558,0.8908624432603118,1650
47393,0.9729318734793188,1650
18570,0.7140039447731755,1650
71534,0.9605658709106984,1650
32527,0.8403336748134055,1650
158,0.9855198829134618,1650
24329,0.9328165374677002,1650
91070,0.9855198829134618,1650
97418,0.8403336748134055,1650
49876,0.9534913353720693,1650
7656,0.8263772954924875,1650
90561,0.9605658709106984,1650
2442,0.9534913353720693,1650
59387,0.8403336748134055,1650
27650,0.9421383647798742,1650
20908,0.9855198829134618,1650
14861,0.9534913353720693,1650
13290,0.9855198829134618,1650
34519,0.9855198829134618,1650
12047,0.9855198829134618,1650
36027,0.9328165374677002,1650
2154,0.8403336748134055,1650
12091,0.9855198829134618,1650
68332,0.9855198829134618,1650
26983,0.9534913353720693,1650
69585,0.9855198829134618,1650
22270,0.9855198829134618,1650
57544,0.9534913353720693,1650
4190,0.9421383647798742,1650
23888,0.9729318734793188,1650
74471,0.9855198829134618,1650
28122,0.9855198829134618,1650
113748,0.9855198829134618,1650
108403,0.9534913353720693,1650
5585,0.9294968363965049,1650
112545,0.9855198829134618,1650
67374,0.9855198829134618,1650
64418,0.9294968363965049,1650
11263,0.9534913353720693,1650
71919,0.9534913353720693,1650
54693,0.8908624432603118,1650
72981,0.9534913353720693,1650
113901,0.8403336748134055,1650
44934,0.9605658709106984,1650
96832,0.9421383647798742,1650
88785,0.9855198829134618,1650
92235,0.8403336748134055,1650
9226,0.8908624432603118,1650
40262,0.9534913353720693,1650
55974,0.9855198829134618,1650
15844,0.9855198829134618,1650
106995,0.9605658709106984,1650
75255,0.9294968363965049,1650
92274,0.9294968363965049,1650
55061,0.9729318734793188,1650
10073,0.8908624432603118,1650
89542,0.9855198829134618,1650
1277,0.9855198829134618,1650
13267,0.9855198829134618,1650
48610,0.9855198829134618,1650
46650,0.9294968363965049,1650
95113,0.9729318734793188,1650
35375,0.9294968363965049,1650
36647,0.878755364806867,1650
5329,0.9855198829134618,1650
36771,0.08333333333333333,1650
73208,0.9855198829134618,1650
111131,0.9855198829134618,1650
63074,0.9729318734793188,1650
52865,0.9855198829134618,1650
55398,0.72,1650
52983,0.8908624432603118,1650
12616,0.8403336748134055,1650
96514,0.9855198829134618,1650
49439,0.9729318734793188,1650
101519,0.9855198829134618,1650
9998,0.9421383647798742,1650
87714,0.8403336748134055,1650
16547,0.9855198829134618,1650
97993,0.8403336748134055,1650
112568,0.9534913353720693,1650
39018,0.8403336748134055,1650
16901,0.9855198829134618,1650
24093,0.8403336748134055,1650
65142,0.9294968363965049,1650
31648,0.9729318734793188,1650
5821,0.9855198829134618,1650
87546,0.9855198829134618,1650
51735,0.9729318734793188,1650
89880,0.7140039447731755,1650
33443,0.9855198829134618,1650
23123,0.9534913353720693,1650
112122,0.9855198829134618,1650
59474,0.9855198829134618,1650
63707,0.9855198829134618,1650
11516,0.8908624432603118,1650
87567,0.9855198829134618,1650
81101,0.9605658709106984,1650
19191,0.9855198829134618,1650
19569,0.8403336748134055,1650
39255,0.8908624432603118,1650
12290,0.9855198829134618,1650
8295,0.8908624432603118,1650
68566,0.9729318734793188,1650
86020,0.8403336748134055,1650
58203,0.9534913353720693,1650
61416,0.9729318734793188,1650
27426,0.8403336748134055,1650
383,0.8403336748134055,1650
102067,0.9855198829134618,1650
5541,0.9605658709106984,1650
101883,0.9855198829134618,1650
73355,0.8908624432603118,1650
107347,0.9855198829134618,1650
64229,0.9855198829134618,1650
4434,0.9855198829134618,1650
62888,0.9855198829134618,1650
46617,0.8403336748134055,1650
108665,0.9855198829134618,1650
38563,0.9855198829134618,1650
109381,0.9605658709106984,1650
100639,0.8908624432603118,1650
56365,0.9855198829134618,1650
25666,0.9294968363965049,1650
88796,0.9605658709106984,1650
45547,0.9855198829134618,1650
27594,0.9855198829134618,1650
21375,0.9855198829134618,1650
20893,0.9729318734793188,1650
34051,0.9534913353720693,1650
66611,0.9729318734793188,1650
106885,0.9328165374677002,1650
5390,0.9855198829134618,1650
33442,0.9605658709106984,1650
35701,0.9855198829134618,1650
70964,0.9855198829134618,1650
110144,0.7116402116402116,1650
34503,0.8403336748134055,1650
107919,0.9729318734793188,1650
61853,0.9855198829134618,1650
29252,0.9855198829134618,1650
112976,0.9855198829134618,1650
27205,0.9855198829134618,1650
62668,0.9855198829134618,1650
24721,0.9855198829134618,1650
28127,0.9294968363965049,1650
5859,0.9294968363965049,1650
59412,0.9855198829134618,1650
105507,0.8403336748134055,1650
62991,0.9855198829134618,1650
14912,0.9605658709106984,1650
25861,0.9294968363965049,1650
97015,0.8403336748134055,1650
54309,0.9729318734793188,1650
68344,0.8607594936708861,1650
112542,0.9729318734793188,1650
43631,0.9729318734793188,1650
108157,0.9855198829134618,1650
109988,0.9855198829134618,1650
5282,0.8403336748134055,1650
60117,0.9855198829134618,1650
27664,0.9855198829134618,1650
71031,0.9855198829134618,1650
5629,0.9328165374677002,1650
59211,0.9855198829134618,1650
39877,0.9729318734793188,1650
68408,0.9855198829134618,1650
105428,0.7601626016260162,1650
46411,0.9294968363965049,1650
110423,0.9855198829134618,1650
5366,0.9855198829134618,1650
2967,0.9855198829134618,1650
49182,0.9421383647798742,1650
81593,0.9855198829134618,1650
105913,0.9855198829134618,1650
79490,0.9855198829134618,1650
26461,0.9855198829134618,1650
86412,0.8403336748134055,1650
80325,0.9855198829134618,1650
49989,0.9729318734793188,1650
97616,0.8908624432603118,1650
72474,0.9855198829134618,1650
30221,0.8908624432603118,1650
89081,0.9294968363965049,1650
67096,0.9855198829134618,1650
51850,0.9328165374677002,1650
71272,0.9605658709106984,1650
110543,0.7140039447731755,1650
25656,0.9855198829134618,1650
104479,0.9729318734793188,1650
24407,0.9855198829134618,1650
18491,0.9729318734793188,1650
87200,0.9855198829134618,1650
110184,0.9855198829134618,1650
48917,0.9421383647798742,1650
29638,0.9047619047619048,1650
60642,0.9534913353720693,1650
28495,0.9855198829134618,1650
10849,0.8403336748134055,1650
91891,0.9294968363965049,1650
54861,0.9855198829134618,1650
78041,0.468,1650
10053,0.9855198829134618,1650
36258,0.8908624432603118,1650
18817,0.9047619047619048,1650
65365,0.9855198829134618,1650
83637,0.9855198829134618,1650
92630,0.8403336748134055,1650
99471,0.9534913353720693,1650
55907,0.9855198829134618,1650
67263,0.9855198829134618,1650
79108,0.9729318734793188,1650
85409,0.8607594936708861,1650
98451,0.9855198829134618,1650
15884,0.9855198829134618,1650
18358,0.8263772954924875,1650
105656,0.9729318734793188,1650
102940,0.9855198829134618,1650
6533,0.9855198829134618,1650
27002,0.8403336748134055,1650
36528,0.9855198829134618,1650
53393,0.9855198829134618,1650
81229,0.9294968363965049,1650
13440,0.9328165374677002,1650
48239,0.9534913353720693,1650
31211,0.9534913353720693,1650
112872,0.7601626016260162,1650
111939,0.9605658709106984,1650
20495,0.9534913353720693,1650
78688,0.9534913353720693,1650
6168,0.9855198829134618,1650
93285,0.9855198829134618,1650
77635,0.7140039447731755,1650
15351,0.9855198829134618,1650
22400,0.8908624432603118,1650
12296,0.9855198829134618,1650
91205,0.8607594936708861,1650
111411,0.7140039447731755,1650
101571,0.9328165374677002,1650
111863,0.8403336748134055,1650
84383,0.9855198829134618,1650
11871,0.9534913353720693,1650
46244,0.9729318734793188,1650
11901,0.9605658709106984,1650
62499,0.9855198829134618,1650
58110,0.9294968363965049,1650
21893,0.9328165374677002,1650
76736,0.8908624432603118,1650
34796,0.9855198829134618,1650
34451,0.9855198829134618,1650
10253,0.8908624432603118,1650
26045,0.9729318734793188,1650
60487,0.9534913353720693,1650
82805,0.8908624432603118,1650
48888,0.9421383647798742,1650
94912,0.9855198829134618,1650
86098,0.9855198829134618,1650
15391,0.9855198829134618,1650
20540,0.9855198829134618,1650
87299,0.9855198829134618,1650
112624,0.9605658709106984,1650
67434,0.9534913353720693,1650
31722,0.9534913353720693,1650
51161,0.9534913353720693,1650
23169,0.8263772954924875,1650
60245,0.9534913353720693,1650
5550,0.9534913353720693,1650
61866,0.8908624432603118,1650
46678,0.8908624432603118,1650
46187,0.878755364806867,1650
111071,0.8908624432603118,1650
13761,0.9855198829134618,1650
54242,0.9855198829134618,1650
24245,0.9047619047619048,1650
75062,0.8263772954924875,1650
26420,0.8403336748134055,1650
16942,0.7140039447731755,1650
88317,0.9534913353720693,1650
34255,0.9855198829134618,1650
109969,0.8403336748134055,1650
25863,0.9855198829134618,1650
106609,0.9729318734793188,1650
78194,0.9855198829134618,1650
78599,0.9855198829134618,1650
8125,0.9605658709106984,1650
57791,0.9855198829134618,1650
22110,0.9605658709106984,1650
64255,0.9534913353720693,1650
20525,0.9534913353720693,1650
21814,0.8263772954924875,1650
76502,0.9855198829134618,1650
62603,0.9855198829134618,1650
66814,0.9855198829134618,1650
70412,0.9605658709106984,1650
8195,0.9855198829134618,1650
20547,0.9855198829134618,1650
25503,0.9605658709106984,1650
59862,0.9855198829134618,1650
28098,0.9855198829134618,1650
90815,0.9855198829134618,1650
73597,0.9047619047619048,1650
63491,0.8908624432603118,1650
71465,0.8908624432603118,1650
27505,0.9729318734793188,1650
74672,0.9855198829134618,1650
70151,0.9855198829134618,1650
96602,0.9328165374677002,1650
16468,0.9534913353720693,1650
88174,0.9534913353720693,1650
56115,0.9855198829134618,1650
16317,0.9294968363965049,1650
98571,0.8403336748134055,1650
104411,0.9729318734793188,1650
31856,0.8403336748134055,1650
40546,0.8403336748134055,1650
20800,0.8908624432603118,1650
5987,0.9855198829134618,1650
89399,0.9294968363965049,1650
95948,0.9855198829134618,1650
18708,0.9534913353720693,1650
16905,0.8403336748134055,1650
83877,0.9855198829134618,1650
73210,0.9855198829134618,1650
91706,0.9534913353720693,1650
69836,0.8908624432603118,1650
100741,0.9855198829134618,1650
71058,0.9855198829134618,1650
30991,0.9855198829134618,1650
35668,0.9855198829134618,1650
32408,0.8908624432603118,1650
65850,0.9729318734793188,1650
67387,0.7140039447731755,1650
88527,0.9534913353720693,1650
55096,0.9855198829134618,1650
5784,0.9534913353720693,1650
51014,0.8908624432603118,1650
43719,0.9855198829134618,1650
20270,0.9421383647798742,1650
34999,0.9534913353720693,1650
72617,0.9729318734793188,1650
55270,0.9855198829134618,1650
12472,0.9729318734793188,1650
100638,0.9855198829134618,1650
46913,0.9855198829134618,1650
32113,0.8403336748134055,1650
32481,0.9328165374677002,1650
61323,0.9605658709106984,1650
32644,0.9855198829134618,1650
40313,0.9855198829134618,1650
111917,0.9605658709106984,1650
86116,0.9855198829134618,1650
101566,0.9855198829134618,1650
95942,0.9855198829134618,1650
72223,0.9855198829134618,1650
42180,0.9328165374677002,1650
66386,0.9855198829134618,1650
3865,0.9855198829134618,1650
53132,0.9534913353720693,1650
7383,0.9729318734793188,1650
21407,0.8908624432603118,1650
63628,0.9534913353720693,1650
11669,0.9328165374677002,1650
31404,0.8908624432603118,1650
102240,0.9328165374677002,1650
77695,0.9534913353720693,1650
42916,0.9855198829134618,1650
91742,0.9605658709106984,1650
91578,0.9605658709106984,1650
7901,0.9534913353720693,1650
90353,0.9729318734793188,1650
59798,0.9855198829134618,1650
48036,0.7601626016260162,1650
44126,0.9855198829134618,1650
72911,0.9534913353720693,1650
61284,0.9855198829134618,1650
103324,0.5373831775700935,1650
19389,0.9328165374677002,1650
113283,0.9855198829134618,1650
14554,0.9605658709106984,1650
42621,0.9534913353720693,1650
37612,0.8403336748134055,1650
77596,0.9855198829134618,1650
17988,0.9855198829134618,1650
93170,0.9534913353720693,1650
59318,0.9729318734793188,1650
77904,0.8403336748134055,1650
104878,0.9855198829134618,1650
27569,0.7140039447731755,1650
84083,0.8403336748134055,1650
82492,0.9855198829134618,1650
41320,0.9328165374677002,1650
71445,0.8403336748134055,1650
76717,0.9855198829134618,1650
97580,0.9855198829134618,1650
91501,0.9855198829134618,1650
64003,0.9855198829134618,1650
70807,0.9294968363965049,1650
68095,0.9855198829134618,1650
38006,0.9855198829134618,1650
53215,0.9729318734793188,1650
42303,0.8403336748134055,1650
91554,0.9855198829134618,1650
21322,0.9729318734793188,1650
109770,0.8908624432603118,1650
9031,0.9605658709106984,1650
65217,0.9855198829134618,1650
24666,0.9729318734793188,1650
91563,0.9328165374677002,1650
34811,0.9855198829134618,1650
33275,0.8403336748134055,1650
76202,0.9855198829134618,1650
17435,0.9534913353720693,1650
88435,0.9729318734793188,1650
9022,0.9855198829134618,1650
29201,0.9534913353720693,1650
45476,0.9855198829134618,1650
78651,0.8403336748134055,1650
17236,0.8263772954924875,1650
99290,0.9855198829134618,1650
22873,0.9605658709106984,1650
40386,0.7140039447731755,1650
82049,0.9729318734793188,1650
90256,0.9534913353720693,1650
92844,0.9534913353720693,1650
81526,0.9605658709106984,1650
113479,0.8908624432603118,1650
2628,0.9855198829134618,1650
610,0.8263772954924875,1650
67430,0.9855198829134618,1650
32933,0.9855198829134618,1650
38072,0.9534913353720693,1650
11764,0.9729318734793188,1650
27387,0.9294968363965049,1650
64107,0.9855198829134618,1650
51852,0.9855198829134618,1650
107069,0.9855198829134618,1650
9423,0.9855198829134618,1650
59829,0.9855198829134618,1650
46690,0.9855198829134618,1650
40620,0.9855198829134618,1650
107881,0.9534913353720693,1650
61788,0.9855198829134618,1650
22165,0.9855198829134618,1650
95583,0.9855198829134618,1650
58299,0.9855198829134618,1650
2715,0.9855198829134618,1650
102033,0.9855198829134618,1650
77999,0.9729318734793188,1650
67012,0.9534913353720693,1650
28228,0.9534913353720693,1650
100107,0.7140039447731755,1650
34154,0.9729318734793188,1650
99655,0.9729318734793188,1650
82913,0.8403336748134055,1650
68281,0.9294968363965049,1650
84785,0.6086956521739131,1650
39735,0.8908624432603118,1650
78719,0.9534913353720693,1650
46717,0.9605658709106984,1650
75335,0.9534913353720693,1650
62425,0.8403336748134055,1650
67680,0.9729318734793188,1650
63999,0.9855198829134618,1650
70319,0.9328165374677002,1650
27135,0.9855198829134618,1650
39494,0.8403336748134055,1650
101233,0.9729318734793188,1650
109261,0.9855198829134618,1650
95407,0.9729318734793188,1650
31897,0.9534913353720693,1650
93162,0.9534913353720693,1650
54172,0.9605658709106984,1650
89050,0.9855198829134618,1650
56652,0.8403336748134055,1650
76968,0.9855198829134618,1650
62181,0.9534913353720693,1650
13711,0.9328165374677002,1650
46442,0.9855198829134618,1650
69484,0.9855198829134618,1650
69724,0.9294968363965049,1650
55097,0.9855198829134618,1650
76985,0.9729318734793188,1650
42465,0.8403336748134055,1650
93087,0.9729318734793188,1650
101192,0.9855198829134618,1650
31649,0.9534913353720693,1650
24153,0.8403336748134055,1650
26389,0.9855198829134618,1650
33840,0.9855198829134618,1650
71868,0.7116402116402116,1650
30222,0.9855198829134618,1650
14926,0.9729318734793188,1650
35238,0.6086956521739131,1650
65158,0.9605658709106984,1650
11446,0.9855198829134618,1650
113273,0.9534913353720693,1650
45297,0.9729318734793188,1650
67344,0.9294968363965049,1650
28895,0.9855198829134618,1650
66661,0.9729318734793188,1650
84258,0.9729318734793188,1650
110531,0.8908624432603118,1650
111084,0.9855198829134618,1650
23151,0.8403336748134055,1650
50263,0.9729318734793188,1650
81011,0.8403336748134055,1650
26785,0.9855198829134618,1650
85107,0.9328165374677002,1650
2713,0.9855198829134618,1650
49239,0.9729318734793188,1650
35182,0.9855198829134618,1650
88554,0.9729318734793188,1650
53183,0.9855198829134618,1650
23321,0.9855198829134618,1650
91791,0.7116402116402116,1650
16123,0.9294968363965049,1650
67867,0.9855198829134618,1650
79981,0.8461538461538461,1650
98361,0.9729318734793188,1650
37752,0.9855198829134618,1650
37691,0.9855198829134618,1650
61881,0.8908624432603118,1650
62754,0.9855198829134618,1650
101100,0.9605658709106984,1650
66205,0.8403336748134055,1650
78750,0.9855198829134618,1650
76373,0.9855198829134618,1650
89133,0.9328165374677002,1650
31000,0.9855198829134618,1650
5265,0.9534913353720693,1650
49435,0.9855198829134618,1650
34063,0.9855198829134618,1650
13191,0.9328165374677002,1650
80131,0.9855198829134618,1650
71880,0.9534913353720693,1650
93558,0.8403336748134055,1650
105661,0.8403336748134055,1650
106346,0.9534913353720693,1650
53560,0.8908624432603118,1650
85444,0.9855198829134618,1650
100034,0.9294968363965049,1650
1575,0.8908624432603118,1650
82388,0.8403336748134055,1650
46789,0.9855198829134618,1650
46391,0.9294968363965049,1650
76499,0.9855198829134618,1650
5660,0.9855198829134618,1650
88614,0.7140039447731755,1650
110031,0.9294968363965049,1650
61528,0.9855198829134618,1650
91063,0.8403336748134055,1650
30104,0.9855198829134618,1650
104618,0.9294968363965049,1650
32577,0.8908624432603118,1650
95564,0.8908624432603118,1650
75992,0.7140039447731755,1650
75498,0.8908624432603118,1650
19349,0.8908624432603118,1650
102977,0.7140039447731755,1650
39434,0.7116402116402116,1650
106124,0.9729318734793188,1650
41122,0.9855198829134618,1650
50498,0.9534913353720693,1650
89254,0.878755364806867,1650
885,0.9328165374677002,1650
23739,0.8908624432603118,1650
9159,0.878755364806867,1650
7296,0.9855198829134618,1650
70039,0.9605658709106984,1650
73963,0.7116402116402116,1650
102119,0.9729318734793188,1650
7214,0.9605658709106984,1650
83746,0.9534913353720693,1650
14992,0.9855198829134618,1650
14076,0.9855198829134618,1650
28036,0.9855198829134618,1650
16945,0.9729318734793188,1650
36321,0.9605658709106984,1650
46330,0.9534913353720693,1650
36250,0.8908624432603118,1650
38094,0.9729318734793188,1650
37029,0.9855198829134618,1650
29636,0.3236994219653179,1650
58513,0.9855198829134618,1650
42637,0.9294968363965049,1650
12645,0.9855198829134618,1650
22448,0.8403336748134055,1650
62679,0.9855198829134618,1650
77633,0.9534913353720693,1650
53694,0.9534913353720693,1650
3163,0.9855198829134618,1650
14705,0.9421383647798742,1650
25133,0.9729318734793188,1650
103278,0.9855198829134618,1650
46494,0.9855198829134618,1650
30351,0.9534913353720693,1650
105847,0.3236994219653179,1650
83572,0.9855198829134618,1650
1529,0.9534913353720693,1650
69464,0.9729318734793188,1650
61909,0.9605658709106984,1650
59286,0.9534913353720693,1650
46725,0.9855198829134618,1650
64374,0.8403336748134055,1650
110434,0.9534913353720693,1650
101904,0.9729318734793188,1650
10168,0.8908624432603118,1650
18061,0.8908624432603118,1650
16915,0.9605658709106984,1650
30564,0.9534913353720693,1650
84983,0.9855198829134618,1650
70747,0.9605658709106984,1650
795,0.9729318734793188,1650
51081,0.9729318734793188,1650
21164,0.9729318734793188,1650
16624,0.9534913353720693,1650
1744,0.9855198829134618,1650
59558,0.9605658709106984,1650
77704,0.9855198829134618,1650
36364,0.9855198829134618,1650
5286,0.9605658709106984,1650
91659,0.9855198829134618,1650
66105,0.9855198829134618,1650
67761,0.9855198829134618,1650
46963,0.9855198829134618,1650
100947,0.9855198829134618,1650
45263,0.9855198829134618,1650
79692,0.9855198829134618,1650
96016,0.9855198829134618,1650
12690,0.9855198829134618,1650
95167,0.9729318734793188,1650
66977,0.9855198829134618,1650
21001,0.878755364806867,1650
48507,0.9855198829134618,1650
27753,0.9855198829134618,1650
107306,0.9855198829134618,1650
15240,0.9855198829134618,1650
64996,0.9729318734793188,1650
41579,0.9729318734793188,1650
70616,0.9534913353720693,1650
14244,0.9534913353720693,1650
4833,0.9855198829134618,1650
53848,0.9855198829134618,1650
98297,0.9855198829134618,1650
113173,0.9855198829134618,1650
37023,0.9729318734793188,1650
10237,0.9855198829134618,1650
12129,0.9294968363965049,1650
32117,0.8403336748134055,1650
40211,0.9729318734793188,1650
107107,0.9729318734793188,1650
13632,0.9855198829134618,1650
13186,0.9605658709106984,1650
41949,0.6086956521739131,1650
43512,0.9855198829134618,1650
55979,0.9729318734793188,1650
77505,0.9534913353720693,1650
89578,0.9729318734793188,1650
30446,0.9605658709106984,1650
108759,0.9855198829134618,1650
55338,0.9729318734793188,1650
6672,0.9855198829134618,1650
70560,0.9855198829134618,1650
28716,0.8607594936708861,1650
32071,0.9729318734793188,1650
66915,0.9855198829134618,1650
98756,0.9605658709106984,1650
39278,0.9729318734793188,1650
888,0.9855198829134618,1650
101337,0.9855198829134618,1650
63745,0.9534913353720693,1650
47478,0.9294968363965049,1650
30529,0.9729318734793188,1650
110867,0.9855198829134618,1650
5474,0.8403336748134055,1650
29460,0.8607594936708861,1650
98323,0.9855198829134618,1650
113284,0.9729318734793188,1650
54340,0.6086956521739131,1650
51494,0.8908624432603118,1650
27377,0.9855198829134618,1650
37101,0.878755364806867,1650
17535,0.8403336748134055,1650
83600,0.9855198829134618,1650
61445,0.9605658709106984,1650
2007,0.9855198829134618,1650
97275,0.7601626016260162,1650
95312,0.9855198829134618,1650
96147,0.9855198829134618,1650
24070,0.9855198829134618,1650
12747,0.9855198829134618,1650
101873,0.9534913353720693,1650
57142,0.9855198829134618,1650
82299,0.9534913353720693,1650
44326,0.8908624432603118,1650
20073,0.9855198829134618,1650
44923,0.9855198829134618,1650
83784,0.9855198829134618,1650
63153,0.9729318734793188,1650
94432,0.9729318734793188,1650
56072,0.0,1650
39753,0.9855198829134618,1650
64646,0.9855198829134618,1650
42093,0.9294968363965049,1650
67728,0.9294968363965049,1650
31376,0.9729318734793188,1650
28858,0.9534913353720693,1650
38280,0.8263772954924875,1650
112848,0.8403336748134055,1650
86920,0.9729318734793188,1650
63821,0.8908624432603118,1650
45697,0.9855198829134618,1650
19806,0.9855198829134618,1650
90492,0.9605658709106984,1650
103747,0.9855198829134618,1650
47004,0.8908624432603118,1650
10921,0.9534913353720693,1650
54620,0.9534913353720693,1650
100659,0.8263772954924875,1650
43505,0.8908624432603118,1650
54317,0.9605658709106984,1650
78886,0.9855198829134618,1650
109162,0.9855198829134618,1650
12024,0.9855198829134618,1650
105406,0.9855198829134618,1650
22566,0.9534913353720693,1650
1728,0.9534913353720693,1650
75463,0.9729318734793188,1650
67443,0.9729318734793188,1650
26020,0.9855198829134618,1650
27764,0.9855198829134618,1650
34434,0.9855198829134618,1650
21120,0.9855198829134618,1650
9251,0.9855198829134618,1650
98608,0.9294968363965049,1650
67331,0.9855198829134618,1650
65782,0.8403336748134055,1650
39251,0.9855198829134618,1650
54981,0.9729318734793188,1650
91485,0.9605658709106984,1650
54615,0.9855198829134618,1650
21100,0.9855198829134618,1650
113009,0.14285714285714285,1650
73927,0.9855198829134618,1650
39180,0.9534913353720693,1650
87501,0.9855198829134618,1650
21588,0.6086956521739131,1650
85986,0.9534913353720693,1650
90171,0.468,1650
67783,0.9534913353720693,1650
85863,0.9534913353720693,1650
26322,0.8908624432603118,1650
14541,0.9855198829134618,1650
105731,0.9534913353720693,1650
59059,0.9855198829134618,1650
99384,0.9855198829134618,1650
95427,0.9729318734793188,1650
34038,0.9855198829134618,1650
15092,0.9855198829134618,1650
86692,0.9729318734793188,1650
3484,0.8403336748134055,1650
32057,0.9605658709106984,1650
108900,0.9729318734793188,1650
80426,0.8908624432603118,1650
101288,0.9855198829134618,1650
107144,0.9729318734793188,1650
108040,0.9328165374677002,1650
90608,0.9729318734793188,1650
98538,0.9855198829134618,1650
3393,0.878755364806867,1650
82610,0.9294968363965049,1650
26179,0.9855198829134618,1650
96333,0.8403336748134055,1650
10128,0.9534913353720693,1650
107945,0.9605658709106984,1650
8219,0.9855198829134618,1650
80795,0.9729318734793188,1650
104058,0.9855198829134618,1650
52761,0.9855198829134618,1650
69586,0.8403336748134055,1650
41774,0.9855198829134618,1650
73574,0.9855198829134618,1650
18551,0.5986622073578596,1650
83855,0.9534913353720693,1650
46780,0.9294968363965049,1650
13234,0.8263772954924875,1650
110161,0.9605658709106984,1650
19047,0.7601626016260162,1650
14582,0.9605658709106984,1650
60249,0.7116402116402116,1650
78836,0.9855198829134618,1650
7872,0.8403336748134055,1650
25304,0.9729318734793188,1650
71555,0.8403336748134055,1650
6804,0.9855198829134618,1650
17198,0.9855198829134618,1650
1069,0.9729318734793188,1650
77727,0.9855198829134618,1650
60034,0.9294968363965049,1650
60439,0.6086956521739131,1650
98968,0.9605658709106984,1650
16864,0.9855198829134618,1650
41019,0.7601626016260162,1650
21097,0.9605658709106984,1650
26927,0.8607594936708861,1650
64489,0.9855198829134618,1650
51121,0.9534913353720693,1650
39725,0.9534913353720693,1650
27840,0.8403336748134055,1650
79814,0.9855198829134618,1650
76460,0.9729318734793188,1650
46118,0.9855198829134618,1650
104582,0.9534913353720693,1650
52739,0.9534913353720693,1650
86668,0.9855198829134618,1650
8698,0.9855198829134618,1650
42150,0.9855198829134618,1650
11100,0.9855198829134618,1650
42285,0.9534913353720693,1650
100082,0.9421383647798742,1650
3662,0.9729318734793188,1650
88189,0.9855198829134618,1650
110349,0.9729318734793188,1650
33465,0.9855198829134618,1650
57203,0.9855198829134618,1650
12009,0.9855198829134618,1650
81076,0.8403336748134055,1650
91011,0.9729318734793188,1650
46455,0.9729318734793188,1650
77202,0.9855198829134618,1650
21451,0.9855198829134618,1650
90955,0.9855198829134618,1650
42945,0.9855198829134618,1650
79622,0.8403336748134055,1650
98294,0.9855198829134618,1650
3474,0.878755364806867,1650
3019,0.8908624432603118,1650
42261,0.9328165374677002,1650
32167,0.8403336748134055,1650
50472,0.8908624432603118,1650
107864,0.9855198829134618,1650
13081,0.9855198829134618,1650
72776,0.9855198829134618,1650
45029,0.9534913353720693,1650
85026,0.8403336748134055,1650
51676,0.9729318734793188,1650
2134,0.9729318734793188,1650
80959,0.9534913353720693,1650
88402,0.878755364806867,1650
33703,0.9328165374677002,1650
72172,0.9729318734793188,1650
66204,0.9534913353720693,1650
57553,0.9855198829134618,1650
19385,0.8908624432603118,1650
70236,0.9605658709106984,1650
62146,0.9855198829134618,1650
18064,0.9855198829134618,1650
107263,0.9855198829134618,1650
89047,0.9855198829134618,1650
87456,0.9294968363965049,1650
54071,0.9855198829134618,1650
76275,0.8908624432603118,1650
51633,0.9534913353720693,1650
5960,0.9729318734793188,1650
87168,0.9855198829134618,1650
53745,0.9855198829134618,1650
36046,0.9855198829134618,1650
42776,0.9729318734793188,1650
13229,0.9534913353720693,1650
44108,0.9729318734793188,1650
21947,0.8263772954924875,1650
11310,0.9855198829134618,1650
108214,0.8908624432603118,1650
110605,0.9855198829134618,1650
10104,0.9855198829134618,1650
78733,0.9855198829134618,1650
97557,0.9855198829134618,1650
81831,0.9534913353720693,1650
90645,0.9855198829134618,1650
111594,0.9855198829134618,1650
23252,0.9855198829134618,1650
23188,0.878755364806867,1650
67759,0.9855198829134618,1650
13815,0.9294968363965049,1650
23417,0.9855198829134618,1650
5798,0.9534913353720693,1650
98300,0.8908624432603118,1650
6511,0.9855198829134618,1650
97253,0.9855198829134618,1650
1054,0.9534913353720693,1650
64897,0.9605658709106984,1650
67857,0.9534913353720693,1650
396,0.9855198829134618,1650
59079,0.9855198829134618,1650
15714,0.9855198829134618,1650
71789,0.9605658709106984,1650
82717,0.9729318734793188,1650
93098,0.9855198829134618,1650
96882,0.9855198829134618,1650
92312,0.9855198829134618,1650
45166,0.9328165374677002,1650
34809,0.9855198829134618,1650
17429,0.9855198829134618,1650
18354,0.9729318734793188,1650
80862,0.9855198829134618,1650
77445,0.9534913353720693,1650
82391,0.9855198829134618,1650
72399,0.9855198829134618,1650
52563,0.8403336748134055,1650
4829,0.9855198829134618,1650
49693,0.9534913353720693,1650
66542,0.8403336748134055,1650
47999,0.8403336748134055,1650
57364,0.9605658709106984,1650
103903,0.9729318734793188,1650
74476,0.9855198829134618,1650
89857,0.9534913353720693,1650
105017,0.8908624432603118,1650
78093,0.8607594936708861,1650
23052,0.9328165374677002,1650
1574,0.9855198829134618,1650
9778,0.5986622073578596,1650
38039,0.9534913353720693,1650
17044,0.8908624432603118,1650
96766,0.9855198829134618,1650
95482,0.8403336748134055,1650
22631,0.8403336748134055,1650
4990,0.9328165374677002,1650
59047,0.9855198829134618,1650
33492,0.9534913353720693,1650
107551,0.9729318734793188,1650
56640,0.7116402116402116,1650
60465,0.9729318734793188,1650
55221,0.9421383647798742,1650
67227,0.8908624432603118,1650
43880,0.9729318734793188,1650
17549,0.9855198829134618,1650
70804,0.9855198829134618,1650
16527,0.9328165374677002,1650
11198,0.8908624432603118,1650
32847,0.9605658709106984,1650
36135,0.8403336748134055,1650
24940,0.9855198829134618,1650
31343,0.9855198829134618,1650
14631,0.8908624432603118,1650
43171,0.9328165374677002,1650
54016,0.8908624432603118,1650
68184,0.9855198829134618,1650
97217,0.9855198829134618,1650
78277,0.9855198829134618,1650
20122,0.9855198829134618,1650
3279,0.9855198829134618,1650
12532,0.9605658709106984,1650
106206,0.9729318734793188,1650
98805,0.878755364806867,1650
74982,0.8403336748134055,1650
100949,0.9729318734793188,1650
100773,0.9605658709106984,1650
35735,0.9855198829134618,1650
57260,0.9855198829134618,1650
70956,0.9855198829134618,1650
67032,0.8403336748134055,1650
51481,0.9294968363965049,1650
10950,0.9855198829134618,1650
64826,0.9729318734793188,1650
26584,0.9534913353720693,1650
107375,0.9729318734793188,1650
97578,0.9534913353720693,1650
53965,0.8908624432603118,1650
67261,0.9855198829134618,1650
32435,0.9855198829134618,1650
79651,0.9855198829134618,1650
10654,0.8908624432603118,1650
21053,0.9729318734793188,1650
84947,0.9294968363965049,1650
84425,0.9855198829134618,1650
95476,0.9534913353720693,1650
76501,0.7140039447731755,1650
15750,0.9729318734793188,1650
65711,0.8403336748134055,1650
71271,0.9605658709106984,1650
43783,0.8403336748134055,1650
104122,0.5986622073578596,1650
21393,0.9855198829134618,1650
50715,0.9294968363965049,1650
72675,0.9855198829134618,1650
50026,0.9855198829134618,1650
42328,0.9090909090909091,1650
102282,0.9605658709106984,1650
39422,0.9328165374677002,1650
95060,0.9855198829134618,1650
17893,0.9294968363965049,1650
12492,0.9605658709106984,1650
13884,0.9855198829134618,1650
94871,0.9855198829134618,1650
4116,0.9855198829134618,1650
66229,0.7116402116402116,1650
95194,0.8263772954924875,1650
95885,0.9855198829134618,1650
49825,0.9855198829134618,1650
104214,0.9855198829134618,1650
67861,0.9605658709106984,1650
31109,0.9855198829134618,1650
31630,0.9534913353720693,1650
100378,0.9294968363965049,1650
88049,0.8263772954924875,1650
81547,0.8908624432603118,1650
72256,0.8908624432603118,1650
30798,0.9855198829134618,1650
102189,0.8908624432603118,1650
13286,0.8403336748134055,1650
79710,0.9534913353720693,1650
98712,0.9294968363965049,1650
21839,0.9855198829134618,1650
47600,0.5784313725490197,1650
90306,0.9855198829134618,1650
48787,0.9855198829134618,1650
35441,0.9729318734793188,1650
103948,0.9534913353720693,1650
996,0.9534913353720693,1650
44206,0.9855198829134618,1650
81892,0.8908624432603118,1650
34157,0.9729318734793188,1650
16219,0.9855198829134618,1650
85869,0.9855198829134618,1650
78515,0.9855198829134618,1650
16038,0.9605658709106984,1650
73112,0.9328165374677002,1650
69928,0.9729318734793188,1650
107520,0.9855198829134618,1650
23605,0.9855198829134618,1650
76839,0.8908624432603118,1650
47986,0.9855198829134618,1650
10880,0.9855198829134618,1650
28215,0.9855198829134618,1650
64755,0.9855198829134618,1650
69329,0.9294968363965049,1650
33197,0.9855198829134618,1650
69054,0.8908624432603118,1650
44982,0.9729318734793188,1650
18315,0.9729318734793188,1650
66692,0.9855198829134618,1650
57432,0.9605658709106984,1650
32669,0.9855198829134618,1650
70908,0.9855198829134618,1650
64008,0.8908624432603118,1650
84325,0.9855198829134618,1650
101496,0.9729318734793188,1650
39432,0.9855198829134618,1650
59097,0.9534913353720693,1650
88740,0.8908624432603118,1650
15079,0.9855198829134618,1650
106709,0.9855198829134618,1650
111564,0.9855198829134618,1650
65652,0.9855198829134618,1650
66112,0.9729318734793188,1650
33316,0.9855198829134618,1650
15072,0.6086956521739131,1650
101520,0.9421383647798742,1650
112199,0.9855198829134618,1650
66146,0.9729318734793188,1650
27419,0.9855198829134618,1650
80927,0.9855198829134618,1650
75787,0.9534913353720693,1650
46844,0.8403336748134055,1650
21771,0.9534913353720693,1650
24347,0.9855198829134618,1650
10355,0.9294968363965049,1650
86643,0.9729318734793188,1650
12005,0.9855198829134618,1650
22635,0.9605658709106984,1650
108185,0.8403336748134055,1650
20878,0.9855198829134618,1650
105246,0.9729318734793188,1650
106109,0.9855198829134618,1650
104812,0.7601626016260162,1650
27962,0.7116402116402116,1650
63099,0.8403336748134055,1650
33267,0.8403336748134055,1650
10658,0.8403336748134055,1650
112413,0.9534913353720693,1650
43482,0.9855198829134618,1650
56210,0.8607594936708861,1650
74323,0.9855198829134618,1650
44841,0.9855198829134618,1650
104138,0.7116402116402116,1650
87931,0.9855198829134618,1650
111015,0.9855198829134618,1650
50041,0.9729318734793188,1650
73022,0.9534913353720693,1650
107939,0.9855198829134618,1650
31573,0.9729318734793188,1650
35918,0.8403336748134055,1650
7534,0.8908624432603118,1650
86179,0.7116402116402116,1650
72412,0.8263772954924875,1650
69735,0.9855198829134618,1650
58466,0.9855198829134618,1650
5142,0.8908624432603118,1650
5211,0.9605658709106984,1650
86387,0.9534913353720693,1650
74736,0.9855198829134618,1650
47483,0.9729318734793188,1650
63926,0.9729318734793188,1650
104527,0.9534913353720693,1650
41829,0.8403336748134055,1650
57496,0.8908624432603118,1650
77535,0.8403336748134055,1650
21304,0.9534913353720693,1650
21222,0.9729318734793188,1650
60953,0.9855198829134618,1650
56541,0.3236994219653179,1650
32580,0.9294968363965049,1650
80015,0.8403336748134055,1650
80353,0.9855198829134618,1650
1463,0.9729318734793188,1650
88907,0.8403336748134055,1650
70963,0.9855198829134618,1650
16149,0.7140039447731755,1650
107739,0.9855198829134618,1650
91968,0.9294968363965049,1650
31818,0.9294968363965049,1650
30180,0.9729318734793188,1650
105233,0.9855198829134618,1650
112068,0.9534913353720693,1650
48250,0.9605658709106984,1650
112423,0.9534913353720693,1650
21180,0.9855198829134618,1650
48749,0.9729318734793188,1650
80330,0.9294968363965049,1650
45981,0.9855198829134618,1650
105204,0.9855198829134618,1650
63757,0.5784313725490197,1650
28977,0.9855198829134618,1650
52316,0.9855198829134618,1650
40498,0.8403336748134055,1650
41728,0.9855198829134618,1650
68283,0.9855198829134618,1650
85605,0.9534913353720693,1650
12507,0.7601626016260162,1650
55133,0.9294968363965049,1650
88910,0.9605658709106984,1650
76929,0.8403336748134055,1650
30819,0.9855198829134618,1650
88531,0.9729318734793188,1650
18968,0.8607594936708861,1650
82183,0.9328165374677002,1650
72770,0.9534913353720693,1650
46758,0.9729318734793188,1650
54434,0.9855198829134618,1650
5811,0.9855198829134618,1650
2353,0.8403336748134055,1650
96051,0.9855198829134618,1650
71631,0.9855198829134618,1650
105370,0.9855198829134618,1650
30470,0.9294968363965049,1650
63024,0.8908624432603118,1650
80069,0.9855198829134618,1650
79055,0.9855198829134618,1650
86550,0.9855198829134618,1650
74132,0.8263772954924875,1650
70399,0.8908624432603118,1650
58653,0.9605658709106984,1650
52643,0.8403336748134055,1650
50969,0.9534913353720693,1650
22177,0.9605658709106984,1650
51647,0.8908624432603118,1650
63807,0.9855198829134618,1650
100478,0.8908624432603118,1650
75228,0.9855198829134618,1650
21187,0.9855198829134618,1650
212,0.9855198829134618,1650
6199,0.9294968363965049,1650
19397,0.8403336748134055,1650
29849,0.9294968363965049,1650
63355,0.8263772954924875,1650
12445,0.9855198829134618,1650
18359,0.9534913353720693,1650
13803,0.8908624432603118,1650
85715,0.9534913353720693,1650
83340,0.9328165374677002,1650
17156,0.9534913353720693,1650
55385,0.9328165374677002,1650
54455,0.9534913353720693,1650
100480,0.8908624432603118,1650
37919,0.9855198829134618,1650
36509,0.9855198829134618,1650
51783,0.9729318734793188,1650
24592,0.9855198829134618,1650
41667,0.8403336748134055,1650
36622,0.9855198829134618,1650
7073,0.9855198829134618,1650
75778,0.9729318734793188,1650
78508,0.8403336748134055,1650
27798,0.8403336748134055,1650
19524,0.9534913353720693,1650
85484,0.9534913353720693,1650
24018,0.9534913353720693,1650
69110,0.9855198829134618,1650
111079,0.9855198829134618,1650
50888,0.9855198829134618,1650
69082,0.9328165374677002,1650
55530,0.9729318734793188,1650
110036,0.9855198829134618,1650
106888,0.7116402116402116,1650
47533,0.9855198829134618,1650
29595,0.9729318734793188,1650
66154,0.8908624432603118,1650
48763,0.9729318734793188,1650
58265,0.9605658709106984,1650
79883,0.9855198829134618,1650
30535,0.9729318734793188,1650
9434,0.9534913353720693,1650
31207,0.9605658709106984,1650
13864,0.9729318734793188,1650
75571,0.8403336748134055,1650
92846,0.9855198829134618,1650
94506,0.9729318734793188,1650
82307,0.9328165374677002,1650
50152,0.9328165374677002,1650
110378,0.9855198829134618,1650
71410,0.9855198829134618,1650
94033,0.7601626016260162,1650
73495,0.8403336748134055,1650
54979,0.9855198829134618,1650
35349,0.9294968363965049,1650
91727,0.8908624432603118,1650
30618,0.9421383647798742,1650
43662,0.8908624432603118,1650
84299,0.8908624432603118,1650
68,0.9855198829134618,1650
88800,0.9855198829134618,1650
5558,0.9534913353720693,1650
77180,0.9294968363965049,1650
97787,0.9855198829134618,1650
81858,0.9855198829134618,1650
81820,0.8403336748134055,1650
4782,0.9534913353720693,1650
62565,0.9855198829134618,1650
11325,0.9855198829134618,1650
30509,0.9855198829134618,1650
97369,0.9855198829134618,1650
97441,0.9855198829134618,1650
108801,0.9855198829134618,1650
46670,0.9534913353720693,1650
10500,0.9294968363965049,1650
28518,0.9729318734793188,1650
5380,0.9855198829134618,1650
102481,0.9855198829134618,1650
112477,0.8908624432603118,1650
48927,0.9855198829134618,1650
47291,0.8908624432603118,1650
9112,0.9855198829134618,1650
105039,0.9605658709106984,1650
35854,0.9855198829134618,1650
10155,0.9855198829134618,1650
31372,0.9855198829134618,1650
34401,0.9855198829134618,1650
20569,0.9855198829134618,1650
86706,0.8908624432603118,1650
39306,0.9855198829134618,1650
12982,0.9855198829134618,1650
60011,0.7116402116402116,1650
107284,0.9534913353720693,1650
81751,0.9729318734793188,1650
52097,0.9855198829134618,1650
111537,0.9294968363965049,1650
50301,0.7140039447731755,1650
222,0.9855198829134618,1650
24311,0.8403336748134055,1650
43859,0.9855198829134618,1650
103546,0.9855198829134618,1650
31876,0.9855198829134618,1650
39577,0.9855198829134618,1650
4545,0.9855198829134618,1650
66586,0.9855198829134618,1650
112426,0.9328165374677002,1650
46188,0.9855198829134618,1650
69910,0.9855198829134618,1650
91173,0.9855198829134618,1650
106115,0.9729318734793188,1650
77810,0.9855198829134618,1650
4862,0.9855198829134618,1650
3408,0.9855198829134618,1650
20712,0.9729318734793188,1650
53289,0.9534913353720693,1650
29940,0.9855198829134618,1650
36960,0.9328165374677002,1650
70608,0.8403336748134055,1650
80501,0.878755364806867,1650
47374,0.9729318734793188,1650
32584,0.9534913353720693,1650
70045,0.9729318734793188,1650
72763,0.9294968363965049,1650
28957,0.9855198829134618,1650
14360,0.9855198829134618,1650
101711,0.9855198829134618,1650
27711,0.9855198829134618,1650
58318,0.9729318734793188,1650
6063,0.9294968363965049,1650
79446,0.9729318734793188,1650
105968,0.7140039447731755,1650
96412,0.8403336748134055,1650
80575,0.9605658709106984,1650
106288,0.9605658709106984,1650
91421,0.9855198829134618,1650
17071,0.7140039447731755,1650
110235,0.8263772954924875,1650
62382,0.9294968363965049,1650
54675,0.9294968363965049,1650
18590,0.9534913353720693,1650
87429,0.9855198829134618,1650
19970,0.9534913353720693,1650
65291,0.9534913353720693,1650
77457,0.9855198829134618,1650
90714,0.9855198829134618,1650
95126,0.9855198829134618,1650
38144,0.8403336748134055,1650
21200,0.9855198829134618,1650
13480,0.9855198829134618,1650
111175,0.9855198829134618,1650
53943,0.9855198829134618,1650
17283,0.9729318734793188,1650
49580,0.7222222222222222,1650
63933,0.9855198829134618,1650
11169,0.9855198829134618,1650
37331,0.9605658709106984,1650
105967,0.9729318734793188,1650
43807,0.7140039447731755,1650
94172,0.9855198829134618,1650
74627,0.8403336748134055,1650
27101,0.9729318734793188,1650
74179,0.8607594936708861,1650
52975,0.9855198829134618,1650
86660,0.9855198829134618,1650
34829,0.9605658709106984,1650
45760,0.8403336748134055,1650
19966,0.9855198829134618,1650
13155,0.9855198829134618,1650
20754,0.8263772954924875,1650
44866,0.9534913353720693,1650
113385,0.9328165374677002,1650
80834,0.9855198829134618,1650
6904,0.9605658709106984,1650
35588,0.9729318734793188,1650
27843,0.9855198829134618,1650
40825,0.9294968363965049,1650
38148,0.9729318734793188,1650
18333,0.8908624432603118,1650
72657,0.9605658709106984,1650
51011,0.8403336748134055,1650
22869,0.9855198829134618,1650
106829,0.9294968363965049,1650
31503,0.9855198829134618,1650
38877,0.8403336748134055,1650
57112,0.9534913353720693,1650
42738,0.9729318734793188,1650
68944,0.9534913353720693,1650
73454,0.8908624432603118,1650
112553,0.9534913353720693,1650
16048,0.9729318734793188,1650
11453,0.9855198829134618,1650
67303,0.8908624432603118,1650
43968,0.9855198829134618,1650
52768,0.8403336748134055,1650
25746,0.9729318734793188,1650
29653,0.8403336748134055,1650
33174,0.9855198829134618,1650
22932,0.9855198829134618,1650
31556,0.7601626016260162,1650
113976,0.9855198829134618,1650
62880,0.9855198829134618,1650
14232,0.9855198829134618,1650
30061,0.8403336748134055,1650
41757,0.8403336748134055,1650
42237,0.9729318734793188,1650
83921,0.878755364806867,1650
81861,0.8908624432603118,1650
7687,0.9855198829134618,1650
93220,0.8607594936708861,1650
47629,0.8607594936708861,1650
39791,0.9729318734793188,1650
13874,0.9855198829134618,1650
32834,0.5373831775700935,1650
64752,0.9328165374677002,1650
74183,0.9729318734793188,1650
7869,0.9855198829134618,1650
16720,0.9729318734793188,1650
87178,0.9729318734793188,1650
108459,0.9855198829134618,1650
41782,0.8403336748134055,1650
58716,0.9729318734793188,1650
101917,0.9294968363965049,1650
13514,0.8908624432603118,1650
75189,0.9855198829134618,1650
83820,0.9534913353720693,1650
59459,0.9855198829134618,1650
89769,0.9855198829134618,1650
20843,0.9729318734793188,1650
101075,0.9855198829134618,1650
77110,0.9855198829134618,1650
56248,0.9534913353720693,1650
85191,0.9855198829134618,1650
30098,0.9729318734793188,1650
91366,0.9855198829134618,1650
97121,0.9855198829134618,1650
83694,0.9294968363965049,1650
19497,0.8403336748134055,1650
65713,0.9605658709106984,1650
79288,0.9855198829134618,1650
95845,0.8263772954924875,1650
108630,0.9729318734793188,1650
73448,0.8908624432603118,1650
9214,0.9855198829134618,1650
4776,0.9855198829134618,1650
68682,0.9294968363965049,1650
3477,0.9855198829134618,1650
48766,0.9855198829134618,1650
108000,0.9534913353720693,1650
107474,0.9729318734793188,1650
58356,0.9855198829134618,1650
96648,0.9855198829134618,1650
90017,0.9534913353720693,1650
73457,0.9729318734793188,1650
58307,0.9855198829134618,1650
102544,0.5784313725490197,1650
60447,0.9729318734793188,1650
110213,0.9729318734793188,1650
72007,0.8263772954924875,1650
57899,0.8908624432603118,1650
11192,0.8908624432603118,1650
89036,0.9855198829134618,1650
67005,0.9855198829134618,1650
91544,0.9855198829134618,1650
103829,0.9421383647798742,1650
95115,0.9855198829134618,1650
104933,0.9855198829134618,1650
24098,0.8263772954924875,1650
10850,0.9855198829134618,1650
103699,0.9855198829134618,1650
72401,0.9855198829134618,1650
14923,0.9855198829134618,1650
52347,0.878755364806867,1650
68279,0.9605658709106984,1650
51491,0.9855198829134618,1650
59015,0.8403336748134055,1650
86671,0.9855198829134618,1650
8858,0.9328165374677002,1650
54316,0.9855198829134618,1650
15059,0.878755364806867,1650
61499,0.9855198829134618,1650
7268,0.9534913353720693,1650
16486,0.9729318734793188,1650
98053,0.9729318734793188,1650
485,0.9729318734793188,1650
93943,0.9294968363965049,1650
50383,0.8908624432603118,1650
33804,0.9855198829134618,1650
44285,0.9534913353720693,1650
111366,0.7601626016260162,1650
22095,0.9855198829134618,1650
78216,0.9534913353720693,1650
89156,0.9855198829134618,1650
99327,0.9855198829134618,1650
111179,0.9328165374677002,1650
7938,0.9729318734793188,1650
10405,0.9605658709106984,1650
97704,0.468,1650
60303,0.9855198829134618,1650
35514,0.9855198829134618,1650
79796,0.8403336748134055,1650
91681,0.9855198829134618,1650
110834,0.9855198829134618,1650
73753,0.9855198829134618,1650
10730,0.8403336748134055,1650
27851,0.9534913353720693,1650
20714,0.878755364806867,1650
49890,0.8403336748134055,1650
49309,0.9534913353720693,1650
14744,0.8403336748134055,1650
70847,0.9855198829134618,1650
95463,0.8263772954924875,1650
85266,0.9855198829134618,1650
9481,0.9729318734793188,1650
9913,0.9605658709106984,1650
52400,0.9855198829134618,1650
113859,0.8403336748134055,1650
54610,0.7116402116402116,1650
42335,0.8607594936708861,1650
94992,0.9855198829134618,1650
22044,0.9294968363965049,1650
83248,0.8403336748134055,1650
67917,0.9855198829134618,1650
88833,0.9729318734793188,1650
64942,0.9855198829134618,1650
23141,0.8403336748134055,1650
58188,0.9855198829134618,1650
22505,0.9855198829134618,1650
64693,0.9729318734793188,1650
23238,0.9855198829134618,1650
72257,0.9855198829134618,1650
85506,0.9855198829134618,1650
13572,0.9855198829134618,1650
54849,0.8908624432603118,1650
77932,0.9294968363965049,1650
110021,0.8403336748134055,1650
21430,0.9534913353720693,1650
13176,0.9534913353720693,1650
34527,0.9855198829134618,1650
73797,0.9294968363965049,1650
27289,0.9855198829134618,1650
52431,0.9421383647798742,1650
5328,0.8403336748134055,1650
21151,0.8403336748134055,1650
2483,0.9328165374677002,1650
79136,0.9534913353720693,1650
95667,0.9605658709106984,1650
86570,0.9855198829134618,1650
73732,0.9729318734793188,1650
89130,0.9294968363965049,1650
109756,0.8908624432603118,1650
65874,0.9729318734793188,1650
41170,0.9605658709106984,1650
83473,0.9534913353720693,1650
10705,0.9729318734793188,1650
24362,0.9855198829134618,1650
63717,0.9855198829134618,1650
77732,0.9294968363965049,1650
100540,0.8263772954924875,1650
27436,0.9534913353720693,1650
65563,0.8403336748134055,1650
39616,0.9534913353720693,1650
31174,0.9605658709106984,1650
31190,0.9855198829134618,1650
48391,0.9534913353720693,1650
40424,0.9855198829134618,1650
62595,0.9534913353720693,1650
30367,0.9534913353720693,1650
7335,0.9855198829134618,1650
88742,0.9855198829134618,1650
73676,0.9855198829134618,1650
90729,0.9328165374677002,1650
39468,0.9855198829134618,1650
43146,0.8403336748134055,1650
23382,0.9855198829134618,1650
16008,0.9534913353720693,1650
74565,0.9855198829134618,1650
82146,0.9729318734793188,1650
92245,0.9855198829134618,1650
30056,0.9534913353720693,1650
83719,0.9855198829134618,1650
42531,0.7140039447731755,1650
16152,0.9605658709106984,1650
8563,0.9855198829134618,1650
29373,0.9605658709106984,1650
104776,0.9855198829134618,1650
71032,0.9855198829134618,1650
55488,0.9855198829134618,1650
24170,0.9534913353720693,1650
73809,0.9534913353720693,1650
79559,0.9855198829134618,1650
20154,0.8403336748134055,1650
39277,0.9855198829134618,1650
107808,0.9729318734793188,1650
29684,0.8908624432603118,1650
62989,0.9729318734793188,1650
7424,0.9729318734793188,1650
16517,0.9855198829134618,1650
80370,0.8403336748134055,1650
29464,0.9294968363965049,1650
26125,0.9534913353720693,1650
107246,0.8908624432603118,1650
106962,0.9855198829134618,1650
43850,0.9605658709106984,1650
5989,0.9855198829134618,1650
103860,0.9855198829134618,1650
40693,0.9729318734793188,1650
27499,0.9855198829134618,1650
94823,0.9605658709106984,1650
4823,0.9855198829134618,1650
41410,0.9855198829134618,1650
46150,0.9855198829134618,1650
89251,0.9855198829134618,1650
86560,0.9534913353720693,1650
68092,0.9294968363965049,1650
6274,0.9294968363965049,1650
64762,0.8403336748134055,1650
84648,0.6086956521739131,1650
89824,0.8403336748134055,1650
89401,0.9328165374677002,1650
36410,0.9855198829134618,1650
834,0.9855198829134618,1650
111911,0.9294968363965049,1650
95573,0.8403336748134055,1650
16933,0.8908624432603118,1650
77898,0.9729318734793188,1650
3013,0.8607594936708861,1650
95555,0.8908624432603118,1650
54584,0.9855198829134618,1650
317,0.8403336748134055,1650
2105,0.9328165374677002,1650
58015,0.9855198829134618,1650
88045,0.9855198829134618,1650
9369,0.9605658709106984,1650
53555,0.9729318734793188,1650
91177,0.9729318734793188,1650
31858,0.9729318734793188,1650
87020,0.9855198829134618,1650
37888,0.9294968363965049,1650
25639,0.9729318734793188,1650
23467,0.9421383647798742,1650
42528,0.9534913353720693,1650
46328,0.9294968363965049,1650
111843,0.9729318734793188,1650
103206,0.9294968363965049,1650
51550,0.8607594936708861,1650
59149,0.9534913353720693,1650
17197,0.9605658709106984,1650
62092,0.9729318734793188,1650
113886,0.9855198829134618,1650
88341,0.9294968363965049,1650
12973,0.9729318734793188,1650
92367,0.9855198829134618,1650
102734,0.8908624432603118,1650
77203,0.9855198829134618,1650
69897,0.9605658709106984,1650
42598,0.9855198829134618,1650
77587,0.9534913353720693,1650
79395,0.9729318734793188,1650
46507,0.9855198829134618,1650
57853,0.9855198829134618,1650
12197,0.9855198829134618,1650
86659,0.9855198829134618,1650
88468,0.9855198829134618,1650
57526,0.9855198829134618,1650
91867,0.9605658709106984,1650
94777,0.9534913353720693,1650
42865,0.9855198829134618,1650
28726,0.9605658709106984,1650
42412,0.9855198829134618,1650
13019,0.9729318734793188,1650
96138,0.9605658709106984,1650
79464,0.9729318734793188,1650
59752,0.9729318734793188,1650
16867,0.9855198829134618,1650
68582,0.9605658709106984,1650
47745,0.9855198829134618,1650
58136,0.9855198829134618,1650
38488,0.9534913353720693,1650
9394,0.9729318734793188,1650
38977,0.9605658709106984,1650
96519,0.9855198829134618,1650
44595,0.9729318734793188,1650
99778,0.9729318734793188,1650
49697,0.9534913353720693,1650
79235,0.9605658709106984,1650
73514,0.9855198829134618,1650
94007,0.9855198829134618,1650
36049,0.9855198829134618,1650
81974,0.9534913353720693,1650
112595,0.8908624432603118,1650
32831,0.9421383647798742,1650
7435,0.9855198829134618,1650
84338,0.9855198829134618,1650
111998,0.8403336748134055,1650
112946,0.9729318734793188,1650
35886,0.9328165374677002,1650
109172,0.8403336748134055,1650
9999,0.9855198829134618,1650
65435,0.9605658709106984,1650
12050,0.9729318734793188,1650
13531,0.9729318734793188,1650
61585,0.9328165374677002,1650
17740,0.9855198829134618,1650
34336,0.9855198829134618,1650
95720,0.5986622073578596,1650
56998,0.9855198829134618,1650
93402,0.5986622073578596,1650
112498,0.9729318734793188,1650
53961,0.9855198829134618,1650
64647,0.9855198829134618,1650
63440,0.9605658709106984,1650
65417,0.9855198829134618,1650
97672,0.8908624432603118,1650
8379,0.9534913353720693,1650
51493,0.8607594936708861,1650
44536,0.9729318734793188,1650
34476,0.9855198829134618,1650
36388,0.9855198829134618,1650
60626,0.9534913353720693,1650
9454,0.9328165374677002,1650
40339,0.9534913353720693,1650
66021,0.8263772954924875,1650
92593,0.9534913353720693,1650
85475,0.9855198829134618,1650
54598,0.9855198829134618,1650
96955,0.9729318734793188,1650
41428,0.9729318734793188,1650
91404,0.9534913353720693,1650
24342,0.9855198829134618,1650
46605,0.9534913353720693,1650
97149,0.9855198829134618,1650
48762,0.9855198829134618,1650
82575,0.8908624432603118,1650
10771,0.9855198829134618,1650
22318,0.9534913353720693,1650
25474,0.9729318734793188,1650
111168,0.8403336748134055,1650
19750,0.8263772954924875,1650
58838,0.8403336748134055,1650
52894,0.9855198829134618,1650
23292,0.8403336748134055,1650
73233,0.9855198829134618,1650
95467,0.9855198829134618,1650
107793,0.9534913353720693,1650
42130,0.8908624432603118,1650
101730,0.9855198829134618,1650
17299,0.3236994219653179,1650
55410,0.9729318734793188,1650
43100,0.8403336748134055,1650
92261,0.9729318734793188,1650
102991,0.9729318734793188,1650
101262,0.7601626016260162,1650
46161,0.9855198829134618,1650
38808,0.8908624432603118,1650
15738,0.9294968363965049,1650
89338,0.9855198829134618,1650
49046,0.9855198829134618,1650
92381,0.9855198829134618,1650
24748,0.9855198829134618,1650
82810,0.8403336748134055,1650
82892,0.9855198829134618,1650
7024,0.6086956521739131,1650
53045,0.8908624432603118,1650
11886,0.9855198829134618,1650
105708,0.8403336748134055,1650
83944,0.8403336748134055,1650
93600,0.9534913353720693,1650
91462,0.9855198829134618,1650
36816,0.8403336748134055,1650
66231,0.9855198829134618,1650
86965,0.9605658709106984,1650
61274,0.9729318734793188,1650
101348,0.9729318734793188,1650
4202,0.9729318734793188,1650
38209,0.6086956521739131,1650
84683,0.468,1650
19200,0.8607594936708861,1650
14176,0.8908624432603118,1650
1364,0.9855198829134618,1650
34208,0.9855198829134618,1650
43036,0.9855198829134618,1650
75020,0.9534913353720693,1650
12458,0.9855198829134618,1650
30146,0.9729318734793188,1650
114035,0.8403336748134055,1650
75914,0.9855198829134618,1650
33355,0.9534913353720693,1650
45079,0.9605658709106984,1650
94250,0.9855198829134618,1650
53254,0.9855198829134618,1650
110624,0.9729318734793188,1650
63442,0.9855198829134618,1650
55224,0.9294968363965049,1650
93204,0.9855198829134618,1650
37644,0.9605658709106984,1650
78131,0.9421383647798742,1650
71694,0.9729318734793188,1650
41217,0.9855198829134618,1650
99271,0.9855198829134618,1650
6206,0.8403336748134055,1650
82276,0.9729318734793188,1650
24742,0.9605658709106984,1650
104519,0.9328165374677002,1650
98734,0.8908624432603118,1650
51662,0.9855198829134618,1650
39798,0.9855198829134618,1650
10949,0.9294968363965049,1650
36671,0.9855198829134618,1650
5843,0.9855198829134618,1650
106277,0.9855198829134618,1650
23414,0.9855198829134618,1650
57036,0.9729318734793188,1650
46544,0.9855198829134618,1650
59522,0.9855198829134618,1650
58952,0.9855198829134618,1650
102741,0.9534913353720693,1650
11608,0.878755364806867,1650
61191,0.9855198829134618,1650
20153,0.9855198829134618,1650
12767,0.9855198829134618,1650
4822,0.9534913353720693,1650
41671,0.9855198829134618,1650
90976,0.8908624432603118,1650
10520,0.9729318734793188,1650
29150,0.9855198829134618,1650
10460,0.9855198829134618,1650
22591,0.9534913353720693,1650
70734,0.9729318734793188,1650
56568,0.9729318734793188,1650
94035,0.8908624432603118,1650
41595,0.9855198829134618,1650
50639,0.9855198829134618,1650
61599,0.9729318734793188,1650
82445,0.9729318734793188,1650
31393,0.9605658709106984,1650
66707,0.9534913353720693,1650
69653,0.9855198829134618,1650
58535,0.9729318734793188,1650
73416,0.8403336748134055,1650
27538,0.9855198829134618,1650
23615,0.9328165374677002,1650
26165,0.9855198829134618,1650
46216,0.8908624432603118,1650
45791,0.9729318734793188,1650
91299,0.9855198829134618,1650
40561,0.9605658709106984,1650
76395,0.8908624432603118,1650
113538,0.9534913353720693,1650
61717,0.9855198829134618,1650
3321,0.9855198829134618,1650
79089,0.8403336748134055,1650
109129,0.9534913353720693,1650
61940,0.9605658709106984,1650
28109,0.9855198829134618,1650
66152,0.9855198829134618,1650
558,0.9855198829134618,1650
68781,0.9855198829134618,1650
65454,0.9855198829134618,1650
18220,0.9855198829134618,1650
69445,0.9534913353720693,1650
54208,0.9294968363965049,1650
113092,0.8263772954924875,1650
6212,0.9605658709106984,1650
16669,0.9855198829134618,1650
95215,0.9855198829134618,1650
97543,0.9855198829134618,1650
28752,0.7140039447731755,1650
9035,0.9855198829134618,1650
41997,0.9729318734793188,1650
75403,0.9855198829134618,1650
50934,0.9855198829134618,1650
88002,0.9534913353720693,1650
38301,0.9729318734793188,1650
68454,0.9729318734793188,1650
22247,0.7601626016260162,1650
47537,0.9294968363965049,1650
108810,0.9855198829134618,1650
103959,0.9605658709106984,1650
110982,0.8403336748134055,1650
88306,0.9294968363965049,1650
46926,0.9534913353720693,1650
27760,0.9855198829134618,1650
14408,0.9605658709106984,1650
36826,0.9729318734793188,1650
111300,0.9294968363965049,1650
46023,0.9855198829134618,1650
52523,0.9855198829134618,1650
51505,0.9534913353720693,1650
37929,0.8403336748134055,1650
96538,0.9534913353720693,1650
25427,0.9855198829134618,1650
84522,0.9534913353720693,1650
47032,0.9855198829134618,1650
71315,0.8908624432603118,1650
110997,0.9855198829134618,1650
12601,0.9605658709106984,1650
74174,0.8403336748134055,1650
53881,0.9729318734793188,1650
25107,0.9328165374677002,1650
97358,0.9855198829134618,1650
8043,0.7601626016260162,1650
12072,0.9294968363965049,1650
54624,0.9855198829134618,1650
85477,0.9855198829134618,1650
26648,0.9855198829134618,1650
29683,0.9855198829134618,1650
17742,0.9729318734793188,1650
86642,0.6086956521739131,1650
13794,0.9855198829134618,1650
31810,0.9605658709106984,1650
112187,0.9328165374677002,1650
72185,0.9855198829134618,1650
50742,0.9729318734793188,1650
56658,0.9605658709106984,1650
84494,0.7140039447731755,1650
30015,0.8908624432603118,1650
655,0.9294968363965049,1650
75657,0.9605658709106984,1650
112177,0.9729318734793188,1650
111213,0.9855198829134618,1650
9274,0.9855198829134618,1650
41332,0.9855198829134618,1650
56486,0.9729318734793188,1650
11462,0.9294968363965049,1650
112628,0.8263772954924875,1650
46970,0.8908624432603118,1650
9707,0.9534913353720693,1650
70709,0.9855198829134618,1650
85807,0.9855198829134618,1650
101187,0.9534913353720693,1650
84035,0.9729318734793188,1650
109601,0.9855198829134618,1650
74453,0.8403336748134055,1650
43959,0.3236994219653179,1650
49344,0.8403336748134055,1650
64804,0.9855198829134618,1650
92382,0.9855198829134618,1650
105673,0.9534913353720693,1650
17810,0.9855198829134618,1650
18648,0.9855198829134618,1650
49944,0.9855198829134618,1650
67504,0.9855198829134618,1650
71895,0.9328165374677002,1650
76028,0.9855198829134618,1650
66684,0.9534913353720693,1650
99943,0.9534913353720693,1650
12073,0.9855198829134618,1650
61355,0.9534913353720693,1650
72636,0.8908624432603118,1650
96410,0.9534913353720693,1650
3831,0.9855198829134618,1650
12025,0.9855198829134618,1650
3089,0.9605658709106984,1650
96923,0.9855198829134618,1650
42866,0.9605658709106984,1650
69647,0.9855198829134618,1650
31257,0.9328165374677002,1650
58564,0.9605658709106984,1650
18668,0.9855198829134618,1650
21463,0.9855198829134618,1650
51151,0.8908624432603118,1650
103901,0.9729318734793188,1650
8791,0.9729318734793188,1650
23807,0.8403336748134055,1650
108659,0.9855198829134618,1650
103075,0.9294968363965049,1650
32273,0.9534913353720693,1650
94480,0.8908624432603118,1650
81206,0.9855198829134618,1650
17011,0.9328165374677002,1650
12307,0.8403336748134055,1650
15685,0.9855198829134618,1650
77921,0.9855198829134618,1650
31574,0.9294968363965049,1650
9273,0.9855198829134618,1650
10272,0.9534913353720693,1650
7915,0.9534913353720693,1650
103364,0.8403336748134055,1650
46333,0.8908624432603118,1650
24011,0.9534913353720693,1650
17947,0.9855198829134618,1650
11781,0.9534913353720693,1650
75364,0.9605658709106984,1650
44965,0.7140039447731755,1650
92178,0.9855198829134618,1650
24867,0.9729318734793188,1650
42056,0.9855198829134618,1650
107610,0.9855198829134618,1650
62835,0.9855198829134618,1650
71396,0.9294968363965049,1650
63266,0.9534913353720693,1650
70208,0.9855198829134618,1650
87914,0.8908624432603118,1650
86794,0.9855198829134618,1650
41366,0.9729318734793188,1650
13769,0.9855198829134618,1650
24190,0.9855198829134618,1650
38540,0.9534913353720693,1650
30710,0.9328165374677002,1650
105352,0.9534913353720693,1650
45055,0.9534913353720693,1650
33657,0.9534913353720693,1650
14069,0.9729318734793188,1650
81938,0.9605658709106984,1650
57297,0.9855198829134618,1650
40925,0.9855198829134618,1650
61286,0.9421383647798742,1650
8486,0.9855198829134618,1650
100382,0.9855198829134618,1650
82358,0.9605658709106984,1650
62498,0.8403336748134055,1650
47678,0.9328165374677002,1650
15810,0.8403336748134055,1650
96695,0.9855198829134618,1650
76608,0.9534913353720693,1650
21104,0.9534913353720693,1650
78786,0.9855198829134618,1650
13100,0.9855198829134618,1650
18762,0.9855198829134618,1650
81159,0.8908624432603118,1650
36874,0.9421383647798742,1650
40568,0.8908624432603118,1650
29344,0.9855198829134618,1650
113366,0.9328165374677002,1650
109551,0.9855198829134618,1650
111492,0.9605658709106984,1650
24963,0.8403336748134055,1650
70781,0.9605658709106984,1650
109857,0.9855198829134618,1650
69956,0.9855198829134618,1650
44808,0.9729318734793188,1650
73203,0.9294968363965049,1650
43954,0.9855198829134618,1650
68106,0.9855198829134618,1650
67947,0.9534913353720693,1650
78871,0.9534913353720693,1650
51981,0.9855198829134618,1650
76077,0.9855198829134618,1650
11838,0.9729318734793188,1650
108724,0.9855198829134618,1650
63797,0.9294968363965049,1650
81171,0.9605658709106984,1650
33088,0.9855198829134618,1650
91743,0.8908624432603118,1650
52841,0.9294968363965049,1650
111055,0.9855198829134618,1650
53939,0.9605658709106984,1650
59751,0.9605658709106984,1650
47464,0.9855198829134618,1650
63304,0.9855198829134618,1650
55030,0.9855198829134618,1650
64926,0.8263772954924875,1650
42283,0.9855198829134618,1650
94260,0.9855198829134618,1650
83312,0.9855198829134618,1650
63939,0.9855198829134618,1650
101032,0.9729318734793188,1650
23445,0.8908624432603118,1650
90423,0.9855198829134618,1650
24873,0.9729318734793188,1650
59245,0.8403336748134055,1650
88923,0.9605658709106984,1650
110133,0.9855198829134618,1650
70313,0.9855198829134618,1650
79004,0.9328165374677002,1650
90805,0.8403336748134055,1650
28724,0.9328165374677002,1650
79391,0.9855198829134618,1650
8100,0.9855198829134618,1650
95249,0.9729318734793188,1650
32292,0.8908624432603118,1650
9552,0.8403336748134055,1650
10281,0.8403336748134055,1650
103609,0.9855198829134618,1650
38179,0.9855198829134618,1650
48437,0.9729318734793188,1650
81619,0.9729318734793188,1650
102704,0.9855198829134618,1650
46895,0.9855198829134618,1650
87996,0.9855198829134618,1650
74668,0.9328165374677002,1650
46870,0.9855198829134618,1650
100717,0.9855198829134618,1650
6203,0.9534913353720693,1650
64867,0.9855198829134618,1650
97987,0.9855198829134618,1650
77398,0.9855198829134618,1650
13646,0.9855198829134618,1650
87813,0.9729318734793188,1650
62431,0.9605658709106984,1650
70591,0.8403336748134055,1650
86526,0.8263772954924875,1650
107277,0.9729318734793188,1650
95985,0.9729318734793188,1650
28989,0.9605658709106984,1650
2308,0.9729318734793188,1650
113014,0.9855198829134618,1650
28966,0.9855198829134618,1650
34925,0.9534913353720693,1650
53469,0.9855198829134618,1650
93668,0.9855198829134618,1650
81838,0.9855198829134618,1650
59085,0.8403336748134055,1650
103624,0.8908624432603118,1650
35080,0.8403336748134055,1650
76311,0.9855198829134618,1650
53907,0.9729318734793188,1650
10646,0.9328165374677002,1650
62336,0.9328165374677002,1650
98255,0.9729318734793188,1650
33142,0.8403336748134055,1650
40980,0.9855198829134618,1650
24187,0.9534913353720693,1650
91516,0.8607594936708861,1650
49639,0.9605658709106984,1650
42703,0.9605658709106984,1650
93937,0.9729318734793188,1650
28490,0.9729318734793188,1650
105332,0.8263772954924875,1650
95023,0.9855198829134618,1650
85262,0.9855198829134618,1650
64171,0.9855198829134618,1650
32151,0.9855198829134618,1650
89199,0.9855198829134618,1650
92816,0.3236994219653179,1650
20079,0.9855198829134618,1650
64655,0.8263772954924875,1650
21783,0.9534913353720693,1650
103096,0.9855198829134618,1650
32220,0.9855198829134618,1650
65256,0.9855198829134618,1650
110509,0.8263772954924875,1650
28931,0.9328165374677002,1650
110701,0.7140039447731755,1650
75555,0.9605658709106984,1650
87584,0.9729318734793188,1650
51702,0.9729318734793188,1650
102109,0.9855198829134618,1650
59596,0.9855198829134618,1650
77070,0.9855198829134618,1650
78700,0.9605658709106984,1650
41766,0.9855198829134618,1650
20654,0.9855198829134618,1650
33001,0.9855198829134618,1650
112585,0.9855198829134618,1650
78383,0.9855198829134618,1650
66834,0.9855198829134618,1650
96238,0.9729318734793188,1650
111720,0.9328165374677002,1650
39179,0.7601626016260162,1650
66011,0.9534913353720693,1650
46435,0.9855198829134618,1650
22577,0.8263772954924875,1650
6091,0.8403336748134055,1650
91805,0.9534913353720693,1650
63312,0.8908624432603118,1650
9991,0.878755364806867,1650
7203,0.9855198829134618,1650
13992,0.5986622073578596,1650
76276,0.9855198829134618,1650
1940,0.9534913353720693,1650
62325,0.9855198829134618,1650
5096,0.9328165374677002,1650
94205,0.8403336748134055,1650
40275,0.9729318734793188,1650
64186,0.9534913353720693,1650
1394,0.9534913353720693,1650
73604,0.9855198829134618,1650
18882,0.6086956521739131,1650
32920,0.9855198829134618,1650
69415,0.9855198829134618,1650
65239,0.9855198829134618,1650
101277,0.9605658709106984,1650
92022,0.9855198829134618,1650
59626,0.9605658709106984,1650
99838,0.9294968363965049,1650
1111,0.9855198829134618,1650
38796,0.8403336748134055,1650
76444,0.9855198829134618,1650
17104,0.9729318734793188,1650
58007,0.9855198829134618,1650
32643,0.9855198829134618,1650
44174,0.9534913353720693,1650
30273,0.9855198829134618,1650
31481,0.9729318734793188,1650
61464,0.9729318734793188,1650
45678,0.9729318734793188,1650
2484,0.9855198829134618,1650
50785,0.9294968363965049,1650
33952,0.9855198829134618,1650
44726,0.9855198829134618,1650
24214,0.9855198829134618,1650
68778,0.9855198829134618,1650
38504,0.9294968363965049,1650
93315,0.9855198829134618,1650
34963,0.9605658709106984,1650
88038,0.9328165374677002,1650
7846,0.9855198829134618,1650
43727,0.8403336748134055,1650
19810,0.8908624432603118,1650
21858,0.9729318734793188,1650
100767,0.8403336748134055,1650
9068,0.9855198829134618,1650
68939,0.8403336748134055,1650
103481,0.9855198829134618,1650
104577,0.5373831775700935,1650
45472,0.9855198829134618,1650
35234,0.9534913353720693,1650
84407,0.9855198829134618,1650
26298,0.9855198829134618,1650
14241,0.9534913353720693,1650
34448,0.8403336748134055,1650
16984,0.9855198829134618,1650
37123,0.8908624432603118,1650
94582,0.9729318734793188,1650
46179,0.8403336748134055,1650
47218,0.9855198829134618,1650
26896,0.7116402116402116,1650
97410,0.8403336748134055,1650
64820,0.8908624432603118,1650
98104,0.9855198829134618,1650
112331,0.9605658709106984,1650
13240,0.9534913353720693,1650
37297,0.8403336748134055,1650
62262,0.9855198829134618,1650
38982,0.9421383647798742,1650
26694,0.9605658709106984,1650
69642,0.9421383647798742,1650
81215,0.9294968363965049,1650
33821,0.9534913353720693,1650
54555,0.9855198829134618,1650
93634,0.9421383647798742,1650
2054,0.9534913353720693,1650
80690,0.9855198829134618,1650
45407,0.9855198829134618,1650
64877,0.9328165374677002,1650
17982,0.8908624432603118,1650
104328,0.9855198829134618,1650
86653,0.9729318734793188,1650
14422,0.9855198829134618,1650
14289,0.9294968363965049,1650
56722,0.9605658709106984,1650
105460,0.9855198829134618,1650
48718,0.9534913353720693,1650
113417,0.9855198829134618,1650
22760,0.9855198829134618,1650
14229,0.9855198829134618,1650
37454,0.9855198829134618,1650
2552,0.9534913353720693,1650
62897,0.9855198829134618,1650
19227,0.9855198829134618,1650
65077,0.8403336748134055,1650
68254,0.9855198829134618,1650
97955,0.9855198829134618,1650
82561,0.9855198829134618,1650
21423,0.9534913353720693,1650
79536,0.9855198829134618,1650
72947,0.9855198829134618,1650
75053,0.8908624432603118,1650
72987,0.8607594936708861,1650
20158,0.3236994219653179,1650
20533,0.9605658709106984,1650
22761,0.9294968363965049,1650
113869,0.9605658709106984,1650
111820,0.9855198829134618,1650
68581,0.9855198829134618,1650
72503,0.9729318734793188,1650
103349,0.9855198829134618,1650
90822,0.9729318734793188,1650
102121,0.9855198829134618,1650
14840,0.9729318734793188,1650
97893,0.9855198829134618,1650
8543,0.9729318734793188,1650
28894,0.9534913353720693,1650
90961,0.9855198829134618,1650
109218,0.9729318734793188,1650
83021,0.8403336748134055,1650
112366,0.9855198829134618,1650
27053,0.9855198829134618,1650
101456,0.9605658709106984,1650
108865,0.9855198829134618,1650
70024,0.9328165374677002,1650
18070,0.9534913353720693,1650
19721,0.9855198829134618,1650
16330,0.9855198829134618,1650
63529,0.9855198829134618,1650
2354,0.9729318734793188,1650
15421,0.8908624432603118,1650
106698,0.9729318734793188,1650
66084,0.9855198829134618,1650
50401,0.9855198829134618,1650
1110,0.9855198829134618,1650
112922,0.9294968363965049,1650
84295,0.7140039447731755,1650
58095,0.9534913353720693,1650
27095,0.9729318734793188,1650
30647,0.9534913353720693,1650
95644,0.8403336748134055,1650
77757,0.9855198829134618,1650
55435,0.8403336748134055,1650
10052,0.9855198829134618,1650
27072,0.8908624432603118,1650
77924,0.9534913353720693,1650
8184,0.9328165374677002,1650
85866,0.9855198829134618,1650
107841,0.9534913353720693,1650
31924,0.9729318734793188,1650
97599,0.9855198829134618,1650
94540,0.6086956521739131,1650
50750,0.9855198829134618,1650
43342,0.9534913353720693,1650
108527,0.9855198829134618,1650
49996,0.9729318734793188,1650
24868,0.9605658709106984,1650
42688,0.9328165374677002,1650
28520,0.9855198829134618,1650
53260,0.8403336748134055,1650
46228,0.8403336748134055,1650
108446,0.9294968363965049,1650
5182,0.9855198829134618,1650
108120,0.9855198829134618,1650
105223,0.9534913353720693,1650
109755,0.9534913353720693,1650
103941,0.9294968363965049,1650
43114,0.9729318734793188,1650
45192,0.8403336748134055,1650
105529,0.9534913353720693,1650
49551,0.9855198829134618,1650
67596,0.8908624432603118,1650
40149,0.8908624432603118,1650
75663,0.9855198829134618,1650
90509,0.9855198829134618,1650
101334,0.9855198829134618,1650
37675,0.9855198829134618,1650
51700,0.9855198829134618,1650
106029,0.9605658709106984,1650
49755,0.9729318734793188,1650
59867,0.9534913353720693,1650
35578,0.9855198829134618,1650
90809,0.9729318734793188,1650
51212,0.9729318734793188,1650
113797,0.8403336748134055,1650
94566,0.9855198829134618,1650
110716,0.9534913353720693,1650
78365,0.9855198829134618,1650
98493,0.9605658709106984,1650
35714,0.9855198829134618,1650
6,0.9729318734793188,1650
37279,0.9855198829134618,1650
81451,0.9605658709106984,1650
23727,0.9605658709106984,1650
65390,0.8403336748134055,1650
83990,0.8403336748134055,1650
103418,0.9855198829134618,1650
3342,0.9294968363965049,1650
112987,0.9855198829134618,1650
94262,0.8403336748134055,1650
613,0.9855198829134618,1650
108639,0.9855198829134618,1650
71354,0.8908624432603118,1650
73295,0.9729318734793188,1650
24315,0.9294968363965049,1650
95079,0.9855198829134618,1650
60295,0.9729318734793188,1650
35948,0.8908624432603118,1650
25454,0.8403336748134055,1650
55218,0.9729318734793188,1650
41972,0.878755364806867,1650
88757,0.9855198829134618,1650
111246,0.8403336748134055,1650
49456,0.9729318734793188,1650
79337,0.9855198829134618,1650
91806,0.9855198829134618,1650
48946,0.9855198829134618,1650
80062,0.8908624432603118,1650
52921,0.9534913353720693,1650
99564,0.9855198829134618,1650
70787,0.8403336748134055,1650
101357,0.9855198829134618,1650
41489,0.9855198829134618,1650
14400,0.9729318734793188,1650
48342,0.9855198829134618,1650
78853,0.9729318734793188,1650
52860,0.9855198829134618,1650
15429,0.9729318734793188,1650
56945,0.9605658709106984,1650
13035,0.8908624432603118,1650
77744,0.9534913353720693,1650
7370,0.8908624432603118,1650
56862,0.9605658709106984,1650
83933,0.9729318734793188,1650
52365,0.8403336748134055,1650
34628,0.9855198829134618,1650
42683,0.9855198829134618,1650
90622,0.8403336748134055,1650
12879,0.9855198829134618,1650
93318,0.8403336748134055,1650
56911,0.9855198829134618,1650
64937,0.9729318734793188,1650
56297,0.9729318734793188,1650
38206,0.9855198829134618,1650
71030,0.9855198829134618,1650
111954,0.9294968363965049,1650
84583,0.9729318734793188,1650
13128,0.9605658709106984,1650
59023,0.9534913353720693,1650
107072,0.9855198829134618,1650
6682,0.9855198829134618,1650
112955,0.9605658709106984,1650
73491,0.9855198829134618,1650
35298,0.6086956521739131,1650
9350,0.9534913353720693,1650
81836,0.9605658709106984,1650
80693,0.9605658709106984,1650
108447,0.9729318734793188,1650
79405,0.9855198829134618,1650
10867,0.8461538461538461,1650
48168,0.9855198829134618,1650
61527,0.8263772954924875,1650
87513,0.9729318734793188,1650
13293,0.9855198829134618,1650
78525,0.9855198829134618,1650
21264,0.9729318734793188,1650
9874,0.9421383647798742,1650
106622,0.8403336748134055,1650
58598,0.8403336748134055,1650
99653,0.9855198829134618,1650
27988,0.9729318734793188,1650
77122,0.9855198829134618,1650
105458,0.9855198829134618,1650
105827,0.9855198829134618,1650
40789,0.9855198829134618,1650
20977,0.9605658709106984,1650
12742,0.9729318734793188,1650
57154,0.9855198829134618,1650
6057,0.9855198829134618,1650
12907,0.9855198829134618,1650
80514,0.9729318734793188,1650
53892,0.9855198829134618,1650
1928,0.9729318734793188,1650
101145,0.9729318734793188,1650
6002,0.9605658709106984,1650
109516,0.9855198829134618,1650
8987,0.9605658709106984,1650
10107,0.9534913353720693,1650
109648,0.9294968363965049,1650
5516,0.9294968363965049,1650
106107,0.9605658709106984,1650
52647,0.9534913353720693,1650
83075,0.9855198829134618,1650
9340,0.8908624432603118,1650
81633,0.9855198829134618,1650
111687,0.9534913353720693,1650
94176,0.9294968363965049,1650
43284,0.9855198829134618,1650
86831,0.9729318734793188,1650
31183,0.9855198829134618,1650
11231,0.9328165374677002,1650
69124,0.9534913353720693,1650
71449,0.8908624432603118,1650
45961,0.9729318734793188,1650
31741,0.8403336748134055,1650
107951,0.9605658709106984,1650
71188,0.8403336748134055,1650
75702,0.9534913353720693,1650
15899,0.8908624432603118,1650
53185,0.8908624432603118,1650
36549,0.9855198829134618,1650
69752,0.9605658709106984,1650
59543,0.9855198829134618,1650
100157,0.9534913353720693,1650
99999,0.9729318734793188,1650
74425,0.9855198829134618,1650
93295,0.9855198829134618,1650
95046,0.9855198829134618,1650
31738,0.9855198829134618,1650
33793,0.9534913353720693,1650
76899,0.9534913353720693,1650
17190,0.9855198829134618,1650
44489,0.9855198829134618,1650
57932,0.9855198829134618,1650
31947,0.9855198829134618,1650
8702,0.9729318734793188,1650
112643,0.9328165374677002,1650
22865,0.9729318734793188,1650
95402,0.9855198829134618,1650
79457,0.9855198829134618,1650
76205,0.9855198829134618,1650
65923,0.8403336748134055,1650
47324,0.9729318734793188,1650
93398,0.9855198829134618,1650
93981,0.9855198829134618,1650
90400,0.9855198829134618,1650
14478,0.9534913353720693,1650
62096,0.8403336748134055,1650
75469,0.8908624432603118,1650
71299,0.9729318734793188,1650
11571,0.9855198829134618,1650
83885,0.8908624432603118,1650
61847,0.9328165374677002,1650
56706,0.9855198829134618,1650
80787,0.8403336748134055,1650
14198,0.9855198829134618,1650
4763,0.8403336748134055,1650
8542,0.9729318734793188,1650
24557,0.8908624432603118,1650
59236,0.9534913353720693,1650
93895,0.8403336748134055,1650
111925,0.9729318734793188,1650
97556,0.9855198829134618,1650
75211,0.9534913353720693,1650
101608,0.9855198829134618,1650
33744,0.9855198829134618,1650
31916,0.9855198829134618,1650
85623,0.9534913353720693,1650
30752,0.9855198829134618,1650
37239,0.9855198829134618,1650
16442,0.8403336748134055,1650
63651,0.8908624432603118,1650
27045,0.9605658709106984,1650
93580,0.468,1650
46601,0.9534913353720693,1650
71864,0.9328165374677002,1650
100974,0.8403336748134055,1650
2801,0.9328165374677002,1650
89261,0.9855198829134618,1650
111589,0.8263772954924875,1650
79916,0.9534913353720693,1650
67248,0.9855198829134618,1650
65496,0.9855198829134618,1650
101535,0.9855198829134618,1650
81511,0.9328165374677002,1650
85684,0.9855198829134618,1650
20879,0.9855198829134618,1650
34271,0.9534913353720693,1650
102586,0.9605658709106984,1650
47308,0.9855198829134618,1650
69166,0.9729318734793188,1650
23892,0.9328165374677002,1650
96150,0.9855198829134618,1650
53052,0.9855198829134618,1650
30314,0.8908624432603118,1650
18295,0.9729318734793188,1650
77134,0.9855198829134618,1650
79648,0.9729318734793188,1650
11863,0.9605658709106984,1650
64298,0.9855198829134618,1650
25532,0.9605658709106984,1650
48996,0.9855198829134618,1650
113903,0.9855198829134618,1650
55983,0.9855198829134618,1650
42552,0.8403336748134055,1650
80521,0.9328165374677002,1650
29965,0.9534913353720693,1650
101600,0.9534913353720693,1650
99575,0.8403336748134055,1650
76594,0.8263772954924875,1650
77970,0.9294968363965049,1650
12813,0.9729318734793188,1650
104904,0.9605658709106984,1650
90788,0.7140039447731755,1650
91746,0.9855198829134618,1650
86912,0.9855198829134618,1650
63591,0.9729318734793188,1650
50321,0.9294968363965049,1650
4285,0.9729318734793188,1650
81135,0.9729318734793188,1650
9093,0.8908624432603118,1650
73429,0.9534913353720693,1650
65224,0.9729318734793188,1650
12415,0.9855198829134618,1650
70982,0.9605658709106984,1650
63166,0.9855198829134618,1650
29499,0.9855198829134618,1650
26065,0.8908624432603118,1650
38052,0.8403336748134055,1650
55478,0.9294968363965049,1650
102701,0.8908624432603118,1650
55915,0.9855198829134618,1650
81051,0.8908624432603118,1650
106435,0.8263772954924875,1650
68777,0.9855198829134618,1650
99479,0.9294968363965049,1650
26378,0.9855198829134618,1650
61609,0.8908624432603118,1650
102939,0.8403336748134055,1650
110359,0.9534913353720693,1650
88304,0.9534913353720693,1650
24088,0.9855198829134618,1650
55905,0.9534913353720693,1650
19430,0.9534913353720693,1650
103008,0.9855198829134618,1650
34037,0.9605658709106984,1650
92637,0.9855198829134618,1650
89352,0.8403336748134055,1650
71343,0.9855198829134618,1650
53145,0.8908624432603118,1650
42634,0.8403336748134055,1650
58644,0.9328165374677002,1650
31224,0.9855198829134618,1650
66537,0.9729318734793188,1650
52297,0.9534913353720693,1650
38889,0.9855198829134618,1650
93188,0.8263772954924875,1650
90116,0.9605658709106984,1650
31548,0.9855198829134618,1650
83470,0.9855198829134618,1650
18806,0.878755364806867,1650
56147,0.9328165374677002,1650
8742,0.7140039447731755,1650
72753,0.9534913353720693,1650
26437,0.9328165374677002,1650
54642,0.8403336748134055,1650
45537,0.878755364806867,1650
56349,0.8403336748134055,1650
52672,0.8908624432603118,1650
45649,0.9605658709106984,1650
70469,0.9328165374677002,1650
28069,0.9855198829134618,1650
74340,0.9855198829134618,1650
38103,0.9855198829134618,1650
84802,0.9855198829134618,1650
71294,0.9855198829134618,1650
48043,0.9855198829134618,1650
40001,0.5986622073578596,1650
87946,0.8403336748134055,1650
102014,0.9855198829134618,1650
78353,0.9605658709106984,1650
19896,0.9855198829134618,1650
101987,0.8403336748134055,1650
89314,0.9855198829134618,1650
14766,0.8403336748134055,1650
96097,0.8908624432603118,1650
38403,0.9729318734793188,1650
45456,0.9855198829134618,1650
81297,0.9855198829134618,1650
29937,0.9294968363965049,1650
18666,0.9855198829134618,1650
19977,0.9855198829134618,1650
10408,0.9855198829134618,1650
73480,0.9855198829134618,1650
79177,0.9855198829134618,1650
113231,0.8403336748134055,1650
110225,0.9855198829134618,1650
63920,0.9605658709106984,1650
1207,0.9534913353720693,1650
59131,0.8908624432603118,1650
27924,0.8403336748134055,1650
20716,0.9855198829134618,1650
60421,0.9855198829134618,1650
38701,0.9855198829134618,1650
38293,0.9855198829134618,1650
73526,0.9855198829134618,1650
111536,0.8403336748134055,1650
44029,0.9605658709106984,1650
27023,0.9605658709106984,1650
39504,0.9855198829134618,1650
3191,0.9855198829134618,1650
103266,0.9729318734793188,1650
90711,0.9855198829134618,1650
105695,0.9729318734793188,1650
2860,0.8263772954924875,1650
12474,0.9534913353720693,1650
113094,0.9534913353720693,1650
95761,0.8403336748134055,1650
69931,0.9729318734793188,1650
87307,0.5373831775700935,1650
59900,0.9855198829134618,1650
39826,0.9855198829134618,1650
77717,0.9855198829134618,1650
31716,0.9294968363965049,1650
57336,0.9855198829134618,1650
81704,0.8403336748134055,1650
93136,0.5986622073578596,1650
110644,0.9534913353720693,1650
36264,0.8908624432603118,1650
95665,0.9534913353720693,1650
112598,0.9855198829134618,1650
74456,0.9534913353720693,1650
104569,0.9855198829134618,1650
28842,0.8403336748134055,1650
113624,0.9328165374677002,1650
53548,0.9855198829134618,1650
87847,0.8908624432603118,1650
102515,0.9855198829134618,1650
9728,0.9855198829134618,1650
29414,0.9421383647798742,1650
56719,0.9328165374677002,1650
42276,0.8908624432603118,1650
43817,0.9855198829134618,1650
105629,0.8908624432603118,1650
22716,0.14285714285714285,1650
86152,0.8403336748134055,1650
20796,0.9855198829134618,1650
88153,0.9855198829134618,1650
63597,0.9855198829134618,1650
74874,0.9855198829134618,1650
48786,0.9855198829134618,1650
108328,0.7601626016260162,1650
66503,0.8403336748134055,1650
74791,0.9855198829134618,1650
46057,0.3236994219653179,1650
24860,0.9534913353720693,1650
90483,0.9855198829134618,1650
46447,0.9605658709106984,1650
17604,0.9855198829134618,1650
22647,0.9328165374677002,1650
27820,0.9855198829134618,1650
48351,0.9729318734793188,1650
73749,0.9855198829134618,1650
1349,0.9855198829134618,1650
87432,0.8403336748134055,1650
37430,0.9729318734793188,1650
9103,0.6086956521739131,1650
97561,0.9534913353720693,1650
108110,0.8403336748134055,1650
99346,0.8403336748134055,1650
742,0.8908624432603118,1650
61994,0.9855198829134618,1650
84851,0.8908624432603118,1650
22990,0.878755364806867,1650
95984,0.9855198829134618,1650
28633,0.8908624432603118,1650
109089,0.9294968363965049,1650
20889,0.8263772954924875,1650
76143,0.9534913353720693,1650
25798,0.9534913353720693,1650
35467,0.9855198829134618,1650
11151,0.9534913353720693,1650
1376,0.9855198829134618,1650
25896,0.9855198829134618,1650
96765,0.9855198829134618,1650
79885,0.9855198829134618,1650
41110,0.8403336748134055,1650
73532,0.9328165374677002,1650
45701,0.9729318734793188,1650
8874,0.9729318734793188,1650
79653,0.7140039447731755,1650
111224,0.8263772954924875,1650
5491,0.9729318734793188,1650
109351,0.9294968363965049,1650
77204,0.8263772954924875,1650
11857,0.9605658709106984,1650
90529,0.9855198829134618,1650
17706,0.9855198829134618,1650
45549,0.8908624432603118,1650
29900,0.9855198829134618,1650
58316,0.9294968363965049,1650
13287,0.8403336748134055,1650
42821,0.8403336748134055,1650
63986,0.8403336748134055,1650
83352,0.9605658709106984,1650
7088,0.6086956521739131,1650
31962,0.9855198829134618,1650
1471,0.9855198829134618,1650
111232,0.9729318734793188,1650
103786,0.9855198829134618,1650
37518,0.9534913353720693,1650
8602,0.9855198829134618,1650
102251,0.9534913353720693,1650
109342,0.9534913353720693,1650
59825,0.9729318734793188,1650
12162,0.9855198829134618,1650
25404,0.9855198829134618,1650
27029,0.9534913353720693,1650
107361,0.9855198829134618,1650
85341,0.9855198829134618,1650
98224,0.9534913353720693,1650
89147,0.8908624432603118,1650
23114,0.9855198829134618,1650
26659,0.9605658709106984,1650
83367,0.9534913353720693,1650
53969,0.8908624432603118,1650
49276,0.878755364806867,1650
54691,0.8263772954924875,1650
91431,0.9855198829134618,1650
13245,0.9729318734793188,1650
87944,0.9534913353720693,1650
66963,0.9855198829134618,1650
16350,0.8908624432603118,1650
1624,0.8461538461538461,1650
43267,0.9855198829134618,1650
9755,0.9328165374677002,1650
73285,0.9855198829134618,1650
27574,0.9729318734793188,1650
55420,0.9855198829134618,1650
66276,0.9605658709106984,1650
56131,0.9328165374677002,1650
70648,0.9855198829134618,1650
31813,0.878755364806867,1650
89740,0.468,1650
78236,0.9534913353720693,1650
104028,0.9421383647798742,1650
51839,0.8908624432603118,1650
48916,0.9534913353720693,1650
108727,0.9855198829134618,1650
66990,0.9855198829134618,1650
90403,0.8607594936708861,1650
49680,0.9605658709106984,1650
59801,0.8908624432603118,1650
33614,0.9855198829134618,1650
6374,0.8403336748134055,1650
18290,0.9328165374677002,1650
102208,0.9855198829134618,1650
103555,0.9605658709106984,1650
46648,0.7601626016260162,1650
94857,0.8403336748134055,1650
50730,0.9855198829134618,1650
63761,0.9855198829134618,1650
69701,0.8403336748134055,1650
69460,0.9855198829134618,1650
102688,0.9855198829134618,1650
101422,0.9729318734793188,1650
32665,0.9855198829134618,1650
67061,0.8403336748134055,1650
87012,0.9855198829134618,1650
64508,0.9328165374677002,1650
84052,0.468,1650
3925,0.9855198829134618,1650
2529,0.9605658709106984,1650
95261,0.9729318734793188,1650
99983,0.9605658709106984,1650
102654,0.9729318734793188,1650
97566,0.9855198829134618,1650
61034,0.8908624432603118,1650
79499,0.6086956521739131,1650
19436,0.9534913353720693,1650
87404,0.9534913353720693,1650
33028,0.9855198829134618,1650
89961,0.9855198829134618,1650
85673,0.9534913353720693,1650
7615,0.9294968363965049,1650
113444,0.9294968363965049,1650
32874,0.9855198829134618,1650
72072,0.9855198829134618,1650
111103,0.9729318734793188,1650
102024,0.9855198829134618,1650
59564,0.9855198829134618,1650
379,0.9855198829134618,1650
56605,0.9729318734793188,1650
56932,0.8403336748134055,1650
40500,0.9605658709106984,1650
65670,0.9855198829134618,1650
94488,0.9534913353720693,1650
88678,0.9294968363965049,1650
26551,0.9855198829134618,1650
37616,0.8908624432603118,1650
7910,0.9534913353720693,1650
112409,0.9855198829134618,1650
54635,0.8908624432603118,1650
102407,0.9855198829134618,1650
45396,0.9855198829134618,1650
112305,0.8263772954924875,1650
95305,0.9855198829134618,1650
72600,0.3236994219653179,1650
55083,0.9855198829134618,1650
108771,0.9729318734793188,1650
113043,0.8403336748134055,1650
90506,0.8908624432603118,1650
33569,0.9855198829134618,1650
15605,0.9855198829134618,1650
85685,0.9294968363965049,1650
73707,0.9855198829134618,1650
89208,0.9328165374677002,1650
89346,0.9729318734793188,1650
102399,0.9294968363965049,1650
95909,0.9855198829134618,1650
103522,0.9855198829134618,1650
49710,0.9605658709106984,1650
37463,0.9534913353720693,1650
56736,0.9605658709106984,1650
31918,0.9534913353720693,1650
91477,0.9534913353720693,1650
104827,0.9294968363965049,1650
68156,0.9855198829134618,1650
1141,0.9855198829134618,1650
97526,0.9855198829134618,1650
15718,0.9729318734793188,1650
89308,0.9729318734793188,1650
97804,0.9294968363965049,1650
66485,0.9855198829134618,1650
7022,0.9729318734793188,1650
48802,0.9534913353720693,1650
44822,0.8403336748134055,1650
15255,0.9534913353720693,1650
8317,0.9855198829134618,1650
24906,0.9855198829134618,1650
98716,0.9855198829134618,1650
68100,0.9605658709106984,1650
59304,0.8908624432603118,1650
112360,0.9534913353720693,1650
25812,0.9855198829134618,1650
63238,0.9729318734793188,1650
26144,0.9855198829134618,1650
3014,0.8403336748134055,1650
91874,0.9855198829134618,1650
10315,0.9855198829134618,1650
503,0.9855198829134618,1650
107173,0.8403336748134055,1650
10189,0.9534913353720693,1650
19853,0.9855198829134618,1650
7985,0.9294968363965049,1650
25659,0.9534913353720693,1650
45090,0.9855198829134618,1650
89891,0.878755364806867,1650
105718,0.9605658709106984,1650
44496,0.878755364806867,1650
35262,0.8263772954924875,1650
98565,0.8908624432603118,1650
46661,0.9534913353720693,1650
38421,0.9605658709106984,1650
93978,0.9855198829134618,1650
106214,0.468,1650
62694,0.9855198829134618,1650
10397,0.9729318734793188,1650
72291,0.8908624432603118,1650
60685,0.9855198829134618,1650
5255,0.9855198829134618,1650
108565,0.9729318734793188,1650
9958,0.9534913353720693,1650
86405,0.9855198829134618,1650
26332,0.878755364806867,1650
3043,0.9855198829134618,1650
109133,0.8908624432603118,1650
30531,0.9534913353720693,1650
71705,0.9729318734793188,1650
37511,0.8908624432603118,1650
55289,0.9855198829134618,1650
29648,0.8403336748134055,1650
26707,0.9855198829134618,1650
5360,0.9605658709106984,1650
73103,0.9605658709106984,1650
62162,0.9855198829134618,1650
31062,0.9855198829134618,1650
26633,0.9855198829134618,1650
37388,0.9855198829134618,1650
107665,0.8908624432603118,1650
9149,0.9729318734793188,1650
105043,0.9855198829134618,1650
28543,0.8403336748134055,1650
39260,0.9729318734793188,1650
108201,0.9855198829134618,1650
33603,0.9729318734793188,1650
87678,0.8908624432603118,1650
86026,0.9294968363965049,1650
89936,0.8403336748134055,1650
93907,0.9729318734793188,1650
34388,0.9605658709106984,1650
30572,0.9729318734793188,1650
97342,0.9534913353720693,1650
30513,0.9855198829134618,1650
87148,0.9855198829134618,1650
40032,0.8403336748134055,1650
94641,0.9729318734793188,1650
80060,0.8403336748134055,1650
92046,0.9855198829134618,1650
17262,0.9855198829134618,1650
16606,0.9294968363965049,1650
74629,0.9294968363965049,1650
18395,0.9605658709106984,1650
7645,0.468,1650
77185,0.9855198829134618,1650
52965,0.9855198829134618,1650
83408,0.9421383647798742,1650
11409,0.7140039447731755,1650
50646,0.9729318734793188,1650
13379,0.9328165374677002,1650
58676,0.8403336748134055,1650
1629,0.9855198829134618,1650
87135,0.9328165374677002,1650
2406,0.9729318734793188,1650
100004,0.9855198829134618,1650
95306,0.9534913353720693,1650
56780,0.9855198829134618,1650
41149,0.9534913353720693,1650
78645,0.9729318734793188,1650
32006,0.8403336748134055,1650
656,0.9855198829134618,1650
26475,0.9729318734793188,1650
8103,0.9855198829134618,1650
51021,0.9729318734793188,1650
110555,0.9534913353720693,1650
35037,0.8607594936708861,1650
94125,0.9855198829134618,1650
44722,0.9729318734793188,1650
43887,0.8403336748134055,1650
77389,0.8908624432603118,1650
70965,0.9534913353720693,1650
59165,0.9534913353720693,1650
27533,0.8403336748134055,1650
66117,0.9855198829134618,1650
78463,0.9855198829134618,1650
106900,0.9855198829134618,1650
59357,0.8908624432603118,1650
63446,0.9534913353720693,1650
113214,0.9534913353720693,1650
73227,0.9534913353720693,1650
108282,0.9605658709106984,1650
99207,0.8403336748134055,1650
39268,0.9855198829134618,1650
48257,0.9605658709106984,1650
58116,0.9605658709106984,1650
44615,0.8908624432603118,1650
27404,0.9605658709106984,1650
965,0.9855198829134618,1650
48385,0.9855198829134618,1650
101695,0.8908624432603118,1650
106190,0.9294968363965049,1650
70101,0.8908624432603118,1650
42139,0.5373831775700935,1650
104290,0.9534913353720693,1650
32370,0.9534913353720693,1650
10396,0.9294968363965049,1650
32926,0.9534913353720693,1650
47490,0.7140039447731755,1650
61138,0.9855198829134618,1650
56971,0.8908624432603118,1650
27447,0.9855198829134618,1650
43609,0.9729318734793188,1650
43073,0.9534913353720693,1650
1417,0.9855198829134618,1650
33979,0.9534913353720693,1650
68608,0.9855198829134618,1650
36234,0.9855198829134618,1650
8325,0.9855198829134618,1650
63784,0.9729318734793188,1650
22692,0.9855198829134618,1650
37724,0.8263772954924875,1650
100600,0.9534913353720693,1650
19495,0.9855198829134618,1650
10813,0.9534913353720693,1650
42446,0.9855198829134618,1650
18517,0.3236994219653179,1650
29932,0.9855198829134618,1650
62264,0.9855198829134618,1650
39061,0.9729318734793188,1650
75143,0.9855198829134618,1650
63513,0.9855198829134618,1650
99167,0.9294968363965049,1650
86894,0.8403336748134055,1650
55414,0.8908624432603118,1650
46003,0.9855198829134618,1650
96776,0.9855198829134618,1650
93173,0.9729318734793188,1650
42731,0.9605658709106984,1650
76029,0.9328165374677002,1650
87729,0.9855198829134618,1650
92454,0.9328165374677002,1650
26995,0.8403336748134055,1650
40991,0.9534913353720693,1650
19682,0.9855198829134618,1650
97564,0.8403336748134055,1650
11767,0.8908624432603118,1650
23138,0.8263772954924875,1650
61003,0.9855198829134618,1650
102250,0.8908624432603118,1650
71025,0.9534913353720693,1650
73535,0.8263772954924875,1650
53450,0.9855198829134618,1650
2210,0.8263772954924875,1650
108853,0.9855198829134618,1650
84820,0.9729318734793188,1650
50318,0.9729318734793188,1650
68234,0.9855198829134618,1650
71078,0.9534913353720693,1650
71957,0.9855198829134618,1650
40662,0.9855198829134618,1650
82551,0.8908624432603118,1650
65828,0.9855198829134618,1650
39602,0.9855198829134618,1650
73092,0.9605658709106984,1650
96040,0.9855198829134618,1650
108692,0.9294968363965049,1650
76793,0.9729318734793188,1650
42986,0.8263772954924875,1650
71345,0.9729318734793188,1650
45509,0.9855198829134618,1650
26712,0.878755364806867,1650
90459,0.9855198829134618,1650
39878,0.9729318734793188,1650
57082,0.9729318734793188,1650
66118,0.878755364806867,1650
101195,0.9605658709106984,1650
53405,0.878755364806867,1650
47506,0.9328165374677002,1650
99650,0.9729318734793188,1650
97995,0.9534913353720693,1650
10274,0.8403336748134055,1650
86575,0.8908624432603118,1650
80870,0.9294968363965049,1650
2501,0.8403336748134055,1650
103559,0.8908624432603118,1650
30392,0.8908624432603118,1650
44145,0.9605658709106984,1650
113377,0.9855198829134618,1650
112239,0.9855198829134618,1650
111806,0.9855198829134618,1650
9291,0.9855198829134618,1650
49015,0.9855198829134618,1650
54891,0.9855198829134618,1650
98698,0.9855198829134618,1650
83728,0.9729318734793188,1650
63485,0.9855198829134618,1650
3855,0.9534913353720693,1650
28581,0.9729318734793188,1650
88996,0.9855198829134618,1650
83082,0.9729318734793188,1650
92389,0.9855198829134618,1650
3132,0.9855198829134618,1650
19729,0.7601626016260162,1650
1177,0.9294968363965049,1650
8648,0.9729318734793188,1650
102989,0.9294968363965049,1650
52035,0.9855198829134618,1650
54879,0.9855198829134618,1650
9701,0.9605658709106984,1650
16590,0.9855198829134618,1650
71547,0.9855198829134618,1650
5408,0.9855198829134618,1650
26675,0.9855198829134618,1650
80300,0.8403336748134055,1650
34025,0.8403336748134055,1650
21004,0.9729318734793188,1650
110685,0.8908624432603118,1650
45664,0.9855198829134618,1650
93191,0.9855198829134618,1650
60994,0.9855198829134618,1650
69736,0.9294968363965049,1650
1397,0.9534913353720693,1650
270,0.9855198829134618,1650
103152,0.9855198829134618,1650
17545,0.9605658709106984,1650
105818,0.9855198829134618,1650
87093,0.9855198829134618,1650
51236,0.9534913353720693,1650
36834,0.9534913353720693,1650
18141,0.9855198829134618,1650
113040,0.9855198829134618,1650
86862,0.9534913353720693,1650
49554,0.9855198829134618,1650
32056,0.9729318734793188,1650
40,0.9729318734793188,1650
53269,0.9855198829134618,1650
60096,0.9534913353720693,1650
61543,0.9729318734793188,1650
39689,0.9855198829134618,1650
113884,0.9729318734793188,1650
109869,0.9855198829134618,1650
49032,0.8403336748134055,1650
46496,0.9605658709106984,1650
33412,0.9855198829134618,1650
53281,0.9855198829134618,1650
77357,0.9294968363965049,1650
66944,0.8403336748134055,1650
103772,0.9855198829134618,1650
104864,0.9855198829134618,1650
95448,0.8403336748134055,1650
56505,0.8607594936708861,1650
65325,0.9729318734793188,1650
26366,0.9855198829134618,1650
59578,0.9855198829134618,1650
15679,0.8908624432603118,1650
108838,0.9855198829134618,1650
59403,0.9605658709106984,1650
33751,0.9855198829134618,1650
101547,0.8908624432603118,1650
63736,0.9328165374677002,1650
98801,0.9855198829134618,1650
85460,0.9294968363965049,1650
24722,0.9729318734793188,1650
68267,0.9855198829134618,1650
84226,0.9605658709106984,1650
82237,0.9294968363965049,1650
55406,0.8908624432603118,1650
106645,0.9328165374677002,1650
78628,0.9855198829134618,1650
28151,0.9534913353720693,1650
110906,0.9294968363965049,1650
107926,0.9855198829134618,1650
9946,0.9855198829134618,1650
82779,0.9729318734793188,1650
64967,0.9855198829134618,1650
74302,0.9729318734793188,1650
102730,0.9534913353720693,1650
9199,0.9534913353720693,1650
73773,0.8403336748134055,1650
5155,0.9855198829134618,1650
93966,0.9855198829134618,1650
86286,0.9855198829134618,1650
84124,0.9294968363965049,1650
104660,0.9855198829134618,1650
92779,0.9855198829134618,1650
23029,0.9855198829134618,1650
73884,0.9855198829134618,1650
107450,0.8403336748134055,1650
7211,0.9729318734793188,1650
57053,0.9855198829134618,1650
98622,0.9855198829134618,1650
30048,0.9328165374677002,1650
32147,0.8263772954924875,1650
98518,0.8403336748134055,1650
80283,0.9855198829134618,1650
110771,0.8403336748134055,1650
25561,0.8908624432603118,1650
106858,0.9855198829134618,1650
10975,0.8607594936708861,1650
98437,0.9855198829134618,1650
58019,0.9855198829134618,1650
50169,0.9729318734793188,1650
96459,0.9855198829134618,1650
30154,0.9605658709106984,1650
80430,0.9855198829134618,1650
90069,0.9729318734793188,1650
46526,0.9605658709106984,1650
9082,0.9855198829134618,1650
58056,0.9855198829134618,1650
16552,0.9855198829134618,1650
3519,0.9534913353720693,1650
77093,0.9855198829134618,1650
102435,0.9729318734793188,1650
75956,0.9605658709106984,1650
11899,0.9729318734793188,1650
107170,0.9855198829134618,1650
44107,0.9855198829134618,1650
47195,0.9855198829134618,1650
101876,0.9729318734793188,1650
102272,0.8403336748134055,1650
2648,0.8908624432603118,1650
68305,0.9729318734793188,1650
1952,0.9534913353720693,1650
22019,0.8403336748134055,1650
25362,0.9534913353720693,1650
96176,0.9855198829134618,1650
42820,0.8908624432603118,1650
112889,0.9855198829134618,1650
98718,0.9855198829134618,1650
36196,0.9855198829134618,1650
62818,0.9534913353720693,1650
34758,0.8403336748134055,1650
46053,0.8908624432603118,1650
72814,0.878755364806867,1650
82165,0.9605658709106984,1650
31664,0.9855198829134618,1650
55393,0.9855198829134618,1650
93372,0.9855198829134618,1650
13165,0.9328165374677002,1650
74298,0.9534913353720693,1650
34990,0.9855198829134618,1650
113249,0.9855198829134618,1650
28410,0.9855198829134618,1650
16118,0.9855198829134618,1650
8856,0.9534913353720693,1650
51855,0.9855198829134618,1650
94263,0.9729318734793188,1650
2866,0.9729318734793188,1650
72537,0.9855198829134618,1650
37855,0.9855198829134618,1650
35372,0.8908624432603118,1650
1995,0.9855198829134618,1650
24314,0.7140039447731755,1650
35960,0.9855198829134618,1650
86,0.9855198829134618,1650
68516,0.9855198829134618,1650
101543,0.9328165374677002,1650
6471,0.9729318734793188,1650
40343,0.9729318734793188,1650
25547,0.9605658709106984,1650
70189,0.9855198829134618,1650
34526,0.9294968363965049,1650
4502,0.9855198829134618,1650
94760,0.9729318734793188,1650
112967,0.9855198829134618,1650
53127,0.9729318734793188,1650
33448,0.9855198829134618,1650
62796,0.8403336748134055,1650
72197,0.9729318734793188,1650
24419,0.9855198829134618,1650
53105,0.9855198829134618,1650
53923,0.9855198829134618,1650
91281,0.9605658709106984,1650
88602,0.9855198829134618,1650
69036,0.8403336748134055,1650
103138,0.9605658709106984,1650
79282,0.9534913353720693,1650
15394,0.9855198829134618,1650
70713,0.9855198829134618,1650
33171,0.9855198829134618,1650
35687,0.9534913353720693,1650
62847,0.9729318734793188,1650
76417,0.9534913353720693,1650
109233,0.8908624432603118,1650
41850,0.9855198829134618,1650
110545,0.9605658709106984,1650
6312,0.7140039447731755,1650
52021,0.9855198829134618,1650
39707,0.9855198829134618,1650
93609,0.8263772954924875,1650
70154,0.6086956521739131,1650
113179,0.9294968363965049,1650
63282,0.9328165374677002,1650
23965,0.8403336748134055,1650
90136,0.8403336748134055,1650
74363,0.878755364806867,1650
69936,0.9855198829134618,1650
89311,0.9729318734793188,1650
22601,0.9729318734793188,1650
53658,0.9855198829134618,1650
75296,0.9855198829134618,1650
643,0.9729318734793188,1650
44711,0.9855198829134618,1650
34082,0.8403336748134055,1650
342,0.9855198829134618,1650
33708,0.9729318734793188,1650
25376,0.9855198829134618,1650
68678,0.8908624432603118,1650
5921,0.9855198829134618,1650
48807,0.9534913353720693,1650
75119,0.9328165374677002,1650
6940,0.9605658709106984,1650
79414,0.6086956521739131,1650
44805,0.9605658709106984,1650
79143,0.9855198829134618,1650
56810,0.9328165374677002,1650
102100,0.9855198829134618,1650
26656,0.8403336748134055,1650
49768,0.878755364806867,1650
67084,0.9729318734793188,1650
80091,0.9729318734793188,1650
76313,0.8403336748134055,1650
113874,0.9855198829134618,1650
78513,0.9855198829134618,1650
6826,0.9855198829134618,1650
33327,0.9729318734793188,1650
82801,0.9855198829134618,1650
32202,0.9729318734793188,1650
39285,0.9855198829134618,1650
96525,0.8908624432603118,1650
66058,0.8908624432603118,1650
86795,0.9855198829134618,1650
41386,0.9605658709106984,1650
94024,0.9328165374677002,1650
73548,0.8403336748134055,1650
13837,0.9729318734793188,1650
63065,0.9855198829134618,1650
107847,0.9855198829134618,1650
109660,0.8403336748134055,1650
53457,0.9855198829134618,1650
96388,0.9294968363965049,1650
31184,0.9855198829134618,1650
12346,0.8403336748134055,1650
110845,0.9421383647798742,1650
16676,0.9855198829134618,1650
54048,0.8908624432603118,1650
88159,0.3236994219653179,1650
66314,0.9855198829134618,1650
37106,0.9855198829134618,1650
84997,0.9855198829134618,1650
81157,0.9328165374677002,1650
28980,0.9534913353720693,1650
53014,0.9855198829134618,1650
63339,0.8263772954924875,1650
311,0.9534913353720693,1650
47412,0.9729318734793188,1650
18319,0.8908624432603118,1650
2417,0.9534913353720693,1650
95737,0.9729318734793188,1650
104771,0.9855198829134618,1650
110017,0.9855198829134618,1650
77996,0.9605658709106984,1650
79427,0.9855198829134618,1650
6489,0.9605658709106984,1650
38475,0.9855198829134618,1650
64704,0.8403336748134055,1650
35474,0.9855198829134618,1650
7799,0.8908624432603118,1650
74552,0.8908624432603118,1650
6499,0.9534913353720693,1650
3929,0.8403336748134055,1650
95265,0.9855198829134618,1650
44271,0.9605658709106984,1650
17905,0.8263772954924875,1650
11096,0.9605658709106984,1650
73484,0.9294968363965049,1650
104545,0.9534913353720693,1650
78427,0.9729318734793188,1650
45984,0.8263772954924875,1650
103577,0.9855198829134618,1650
76081,0.9729318734793188,1650
101438,0.8403336748134055,1650
98299,0.8403336748134055,1650
91800,0.468,1650
96477,0.9855198829134618,1650
91906,0.9855198829134618,1650
98236,0.9534913353720693,1650
20548,0.8403336748134055,1650
15563,0.9729318734793188,1650
17890,0.7140039447731755,1650
95291,0.9855198829134618,1650
97749,0.9605658709106984,1650
58414,0.878755364806867,1650
105471,0.9729318734793188,1650
85497,0.9855198829134618,1650
949,0.9855198829134618,1650
71111,0.878755364806867,1650
61470,0.9294968363965049,1650
59116,0.9855198829134618,1650
34159,0.9534913353720693,1650
30646,0.8403336748134055,1650
12607,0.9294968363965049,1650
35905,0.9855198829134618,1650
100815,0.9855198829134618,1650
85443,0.9729318734793188,1650
14094,0.9605658709106984,1650
98450,0.9855198829134618,1650
16936,0.9534913353720693,1650
51577,0.9855198829134618,1650
20854,0.9855198829134618,1650
67845,0.9328165374677002,1650
39786,0.9855198829134618,1650
27515,0.9534913353720693,1650
54332,0.8908624432603118,1650
40961,0.9294968363965049,1650
62273,0.9605658709106984,1650
39393,0.9855198829134618,1650
60118,0.8908624432603118,1650
87518,0.9855198829134618,1650
107813,0.9605658709106984,1650
79378,0.9855198829134618,1650
16561,0.9855198829134618,1650
73143,0.9855198829134618,1650
24805,0.8263772954924875,1650
83232,0.9855198829134618,1650
45652,0.9729318734793188,1650
54132,0.9855198829134618,1650
1941,0.9605658709106984,1650
78714,0.8403336748134055,1650
104177,0.9855198829134618,1650
112054,0.9855198829134618,1650
98798,0.9534913353720693,1650
17565,0.9605658709106984,1650
41908,0.9855198829134618,1650
15942,0.9855198829134618,1650
50865,0.9855198829134618,1650
95065,0.9729318734793188,1650
66070,0.9855198829134618,1650
98618,0.9534913353720693,1650
9490,0.9855198829134618,1650
17308,0.9855198829134618,1650
86783,0.9855198829134618,1650
101607,0.9855198829134618,1650
81507,0.9328165374677002,1650
36920,0.9855198829134618,1650
48712,0.5373831775700935,1650
54042,0.8908624432603118,1650
71464,0.9421383647798742,1650
78957,0.8403336748134055,1650
13779,0.9534913353720693,1650
35543,0.3236994219653179,1650
88560,0.9855198829134618,1650
6260,0.9855198829134618,1650
57696,0.9855198829134618,1650
32087,0.9328165374677002,1650
102222,0.9855198829134618,1650
57710,0.9855198829134618,1650
112113,0.9729318734793188,1650
93700,0.9421383647798742,1650
35326,0.6086956521739131,1650
11511,0.9534913353720693,1650
37769,0.9855198829134618,1650
86732,0.9534913353720693,1650
84169,0.9534913353720693,1650
73157,0.8908624432603118,1650
28304,0.9294968363965049,1650
114064,0.9534913353720693,1650
72983,0.9855198829134618,1650
107865,0.878755364806867,1650
62819,0.9729318734793188,1650
104702,0.9855198829134618,1650
55284,0.9328165374677002,1650
108516,0.9855198829134618,1650
31612,0.9729318734793188,1650
38644,0.9855198829134618,1650
46268,0.9855198829134618,1650
28537,0.9328165374677002,1650
80991,0.9534913353720693,1650
55591,0.9855198829134618,1650
59976,0.9605658709106984,1650
39101,0.8403336748134055,1650
29282,0.9534913353720693,1650
95994,0.9729318734793188,1650
104493,0.8908624432603118,1650
104086,0.9534913353720693,1650
70518,0.3236994219653179,1650
1265,0.9855198829134618,1650
37780,0.9534913353720693,1650
9878,0.9605658709106984,1650
94283,0.9855198829134618,1650
1026,0.9294968363965049,1650
100032,0.9855198829134618,1650
30193,0.8403336748134055,1650
70004,0.9729318734793188,1650
49074,0.9855198829134618,1650
30101,0.9605658709106984,1650
42,0.9855198829134618,1650
72479,0.9328165374677002,1650
45720,0.9855198829134618,1650
740,0.9855198829134618,1650
108683,0.9855198829134618,1650
73725,0.9729318734793188,1650
33678,0.9294968363965049,1650
8356,0.7116402116402116,1650
40923,0.9855198829134618,1650
65148,0.9855198829134618,1650
21279,0.9729318734793188,1650
20511,0.9328165374677002,1650
57594,0.9534913353720693,1650
30123,0.8908624432603118,1650
81281,0.9534913353720693,1650
96088,0.9729318734793188,1650
80708,0.9605658709106984,1650
8151,0.9855198829134618,1650
64953,0.9605658709106984,1650
4853,0.9855198829134618,1650
37268,0.9855198829134618,1650
100973,0.9534913353720693,1650
40586,0.9855198829134618,1650
73870,0.9534913353720693,1650
103228,0.8263772954924875,1650
112006,0.9534913353720693,1650
5015,0.9729318734793188,1650
49741,0.6086956521739131,1650
14114,0.9855198829134618,1650
33022,0.9605658709106984,1650
38461,0.8908624432603118,1650
21343,0.878755364806867,1650
112818,0.8403336748134055,1650
104567,0.8403336748134055,1650
34950,0.9855198829134618,1650
71120,0.8908624432603118,1650
111123,0.9855198829134618,1650
40813,0.9855198829134618,1650
30621,0.6086956521739131,1650
44593,0.468,1650
80660,0.9855198829134618,1650
30094,0.9855198829134618,1650
99116,0.9855198829134618,1650
33872,0.9729318734793188,1650
78828,0.9729318734793188,1650
93236,0.9855198829134618,1650
77614,0.9605658709106984,1650
25122,0.9605658709106984,1650
81793,0.9855198829134618,1650
43852,0.9855198829134618,1650
32770,0.9729318734793188,1650
34767,0.9855198829134618,1650
29312,0.9534913353720693,1650
60196,0.9729318734793188,1650
47545,0.9855198829134618,1650
53811,0.9855198829134618,1650
84999,0.9855198829134618,1650
79556,0.9605658709106984,1650
3592,0.8403336748134055,1650
69260,0.9855198829134618,1650
30065,0.7140039447731755,1650
38469,0.8908624432603118,1650
80816,0.9534913353720693,1650
96724,0.9855198829134618,1650
68002,0.9534913353720693,1650
48343,0.9855198829134618,1650
17925,0.3236994219653179,1650
38524,0.9855198829134618,1650
53778,0.9855198829134618,1650
55868,0.9421383647798742,1650
30540,0.9855198829134618,1650
73946,0.9855198829134618,1650
12693,0.9855198829134618,1650
17467,0.9605658709106984,1650
93387,0.9855198829134618,1650
28108,0.9534913353720693,1650
53805,0.878755364806867,1650
33763,0.8908624432603118,1650
70980,0.9605658709106984,1650
23024,0.9294968363965049,1650
109185,0.9855198829134618,1650
100058,0.8403336748134055,1650
64911,0.9294968363965049,1650
69562,0.9534913353720693,1650
21031,0.9605658709106984,1650
103822,0.9534913353720693,1650
26204,0.9855198829134618,1650
16951,0.9534913353720693,1650
100929,0.6086956521739131,1650
41232,0.9855198829134618,1650
32460,0.8908624432603118,1650
1897,0.9534913353720693,1650
90904,0.9855198829134618,1650
75848,0.9855198829134618,1650
33101,0.9855198829134618,1650
71678,0.9855198829134618,1650
76785,0.9729318734793188,1650
52295,0.878755364806867,1650
104348,0.9855198829134618,1650
67361,0.9729318734793188,1650
73576,0.9729318734793188,1650
88441,0.9855198829134618,1650
94335,0.9855198829134618,1650
58021,0.9294968363965049,1650
102381,0.8908624432603118,1650
48575,0.9855198829134618,1650
46324,0.9294968363965049,1650
11549,0.9855198829134618,1650
73441,0.9605658709106984,1650
59179,0.8403336748134055,1650
32572,0.9729318734793188,1650
73419,0.9855198829134618,1650
76758,0.9855198829134618,1650
10311,0.8403336748134055,1650
4053,0.9534913353720693,1650
71436,0.8403336748134055,1650
77837,0.9605658709106984,1650
15326,0.9855198829134618,1650
103261,0.8607594936708861,1650
66682,0.9855198829134618,1650
101235,0.7116402116402116,1650
46821,0.9729318734793188,1650
106530,0.9534913353720693,1650
36561,0.9605658709106984,1650
61710,0.8403336748134055,1650
68541,0.9855198829134618,1650
24775,0.9855198829134618,1650
60504,0.9855198829134618,1650
12642,0.7116402116402116,1650
57281,0.468,1650
77479,0.9729318734793188,1650
67540,0.8403336748134055,1650
92070,0.9855198829134618,1650
110921,0.8403336748134055,1650
63,0.9534913353720693,1650
13305,0.9855198829134618,1650
564,0.9855198829134618,1650
18115,0.9855198829134618,1650
55368,0.9729318734793188,1650
59479,0.8908624432603118,1650
4083,0.9855198829134618,1650
42497,0.8403336748134055,1650
32694,0.9294968363965049,1650
84484,0.878755364806867,1650
23619,0.9294968363965049,1650
32161,0.8403336748134055,1650
90216,0.9855198829134618,1650
109395,0.9855198829134618,1650
96390,0.9534913353720693,1650
51666,0.9855198829134618,1650
31273,0.8403336748134055,1650
110412,0.9534913353720693,1650
63647,0.9855198829134618,1650
101256,0.9855198829134618,1650
47774,0.878755364806867,1650
64688,0.9855198829134618,1650
67948,0.8263772954924875,1650
57840,0.9729318734793188,1650
69471,0.9855198829134618,1650
42279,0.9605658709106984,1650
10606,0.9294968363965049,1650
45782,0.9855198829134618,1650
43,0.9855198829134618,1650
20762,0.9534913353720693,1650
108960,0.9729318734793188,1650
103706,0.9294968363965049,1650
27562,0.9855198829134618,1650
74813,0.9729318734793188,1650
87902,0.9855198829134618,1650
28555,0.9605658709106984,1650
56098,0.9855198829134618,1650
70080,0.9855198829134618,1650
68437,0.8607594936708861,1650
27561,0.8607594936708861,1650
3292,0.9855198829134618,1650
13847,0.9534913353720693,1650
110384,0.9534913353720693,1650
55744,0.8908624432603118,1650
35086,0.9729318734793188,1650
85596,0.9729318734793188,1650
93203,0.9855198829134618,1650
19935,0.8403336748134055,1650
650,0.9855198829134618,1650
18009,0.9855198829134618,1650
101266,0.9855198829134618,1650
34413,0.9855198829134618,1650
63441,0.9855198829134618,1650
29456,0.9534913353720693,1650
61631,0.9855198829134618,1650
60291,0.9855198829134618,1650
56113,0.9605658709106984,1650
1965,0.8908624432603118,1650
25938,0.9605658709106984,1650
66913,0.9294968363965049,1650
95924,0.8908624432603118,1650
108819,0.9534913353720693,1650
63293,0.9855198829134618,1650
106941,0.9855198829134618,1650
7172,0.9855198829134618,1650
58889,0.9605658709106984,1650
34892,0.9855198829134618,1650
32037,0.9534913353720693,1650
101139,0.9855198829134618,1650
20949,0.9855198829134618,1650
90200,0.9855198829134618,1650
22687,0.9294968363965049,1650
29737,0.8908624432603118,1650
110629,0.9605658709106984,1650
26553,0.9534913353720693,1650
91871,0.9534913353720693,1650
76126,0.9855198829134618,1650
21142,0.9534913353720693,1650
64197,0.7116402116402116,1650
17956,0.8908624432603118,1650
10188,0.8403336748134055,1650
7382,0.9534913353720693,1650
89669,0.9855198829134618,1650
110519,0.8908624432603118,1650
19209,0.9729318734793188,1650
38459,0.9534913353720693,1650
37377,0.9294968363965049,1650
55547,0.9729318734793188,1650
11166,0.9729318734793188,1650
53929,0.9855198829134618,1650
96338,0.9855198829134618,1650
24716,0.8403336748134055,1650
10207,0.8908624432603118,1650
112725,0.8908624432603118,1650
17092,0.9855198829134618,1650
80431,0.8908624432603118,1650
78843,0.9855198829134618,1650
54592,0.9855198829134618,1650
75188,0.9855198829134618,1650
18051,0.9328165374677002,1650
347,0.8403336748134055,1650
100481,0.9855198829134618,1650
18959,0.9855198829134618,1650
49115,0.8403336748134055,1650
72051,0.9855198829134618,1650
77896,0.9534913353720693,1650
112722,0.9534913353720693,1650
76707,0.9729318734793188,1650
88823,0.9534913353720693,1650
54151,0.9855198829134618,1650
28432,0.9855198829134618,1650
817,0.9534913353720693,1650
7003,0.9605658709106984,1650
107365,0.9294968363965049,1650
40039,0.9855198829134618,1650
72904,0.9729318734793188,1650
19033,0.9605658709106984,1650
17168,0.9294968363965049,1650
87806,0.9855198829134618,1650
75825,0.8403336748134055,1650
38309,0.7116402116402116,1650
69972,0.9729318734793188,1650
78461,0.9855198829134618,1650
48521,0.8908624432603118,1650
15919,0.9855198829134618,1650
62620,0.9855198829134618,1650
36019,0.9729318734793188,1650
63575,0.9855198829134618,1650
44375,0.9855198829134618,1650
38659,0.9855198829134618,1650
12184,0.8607594936708861,1650
53793,0.9294968363965049,1650
85071,0.9855198829134618,1650
55609,0.9294968363965049,1650
90633,0.8403336748134055,1650
50377,0.7601626016260162,1650
5765,0.8908624432603118,1650
33031,0.9421383647798742,1650
94765,0.9855198829134618,1650
20034,0.9855198829134618,1650
108682,0.9855198829134618,1650
98849,0.9855198829134618,1650
40659,0.9605658709106984,1650
69772,0.8908624432603118,1650
34285,0.8403336748134055,1650
12046,0.9855198829134618,1650
109723,0.9855198829134618,1650
71576,0.9855198829134618,1650
19042,0.8403336748134055,1650
99345,0.9534913353720693,1650
38313,0.9534913353720693,1650
101839,0.9534913353720693,1650
111637,0.9855198829134618,1650
91395,0.8908624432603118,1650
60655,0.9855198829134618,1650
50818,0.9855198829134618,1650
47959,0.9605658709106984,1650
105755,0.8908624432603118,1650
98486,0.8908624432603118,1650
54779,0.9855198829134618,1650
18445,0.9855198829134618,1650
50937,0.9855198829134618,1650
16226,0.9855198829134618,1650
7772,0.9855198829134618,1650
67046,0.9855198829134618,1650
64009,0.9534913353720693,1650
82127,0.9605658709106984,1650
109255,0.9534913353720693,1650
34564,0.9855198829134618,1650
104037,0.8908624432603118,1650
14308,0.9729318734793188,1650
95088,0.9855198829134618,1650
97646,0.8403336748134055,1650
63297,0.9855198829134618,1650
24676,0.9534913353720693,1650
2409,0.9729318734793188,1650
52859,0.9855198829134618,1650
103123,0.9729318734793188,1650
50716,0.9855198829134618,1650
21857,0.9605658709106984,1650
57819,0.9534913353720693,1650
83733,0.9729318734793188,1650
78111,0.9294968363965049,1650
71660,0.9855198829134618,1650
64908,0.7116402116402116,1650
92685,0.9855198829134618,1650
35137,0.9534913353720693,1650
64151,0.9534913353720693,1650
82691,0.9855198829134618,1650
102691,0.9421383647798742,1650
14769,0.8263772954924875,1650
76580,0.9855198829134618,1650
93223,0.9855198829134618,1650
8796,0.9729318734793188,1650
104591,0.9729318734793188,1650
92239,0.9605658709106984,1650
72755,0.9328165374677002,1650
66004,0.9605658709106984,1650
24353,0.9855198829134618,1650
43266,0.9855198829134618,1650
105236,0.9855198829134618,1650
11293,0.9729318734793188,1650
29030,0.9855198829134618,1650
75328,0.9855198829134618,1650
54215,0.9855198829134618,1650
7099,0.8908624432603118,1650
5711,0.9605658709106984,1650
52723,0.9855198829134618,1650
11270,0.9855198829134618,1650
96843,0.9855198829134618,1650
95919,0.9421383647798742,1650
82827,0.9534913353720693,1650
78712,0.9855198829134618,1650
91973,0.9729318734793188,1650
47502,0.8403336748134055,1650
7993,0.9855198829134618,1650
103805,0.9855198829134618,1650
91450,0.9855198829134618,1650
62801,0.9534913353720693,1650
12667,0.9605658709106984,1650
79233,0.9605658709106984,1650
18214,0.9534913353720693,1650
59756,0.9855198829134618,1650
40832,0.9605658709106984,1650
103432,0.9534913353720693,1650
71083,0.9855198829134618,1650
44946,0.9855198829134618,1650
111877,0.9729318734793188,1650
34330,0.9855198829134618,1650
36289,0.8908624432603118,1650
110171,0.9328165374677002,1650
112062,0.9855198829134618,1650
32181,0.9605658709106984,1650
943,0.9855198829134618,1650
85035,0.9855198829134618,1650
94846,0.9534913353720693,1650
22377,0.9729318734793188,1650
45523,0.9729318734793188,1650
66067,0.9729318734793188,1650
87831,0.9294968363965049,1650
5744,0.8403336748134055,1650
4375,0.8403336748134055,1650
24002,0.8908624432603118,1650
97114,0.9855198829134618,1650
97139,0.9605658709106984,1650
6317,0.9855198829134618,1650
85062,0.9729318734793188,1650
94321,0.9855198829134618,1650
70625,0.9855198829134618,1650
26397,0.9729318734793188,1650
94775,0.9534913353720693,1650
54116,0.9534913353720693,1650
2167,0.9855198829134618,1650
97160,0.9855198829134618,1650
65519,0.9855198829134618,1650
41893,0.9855198829134618,1650
77328,0.8403336748134055,1650
33580,0.9855198829134618,1650
84886,0.8403336748134055,1650
38240,0.9534913353720693,1650
40265,0.9605658709106984,1650
97759,0.8403336748134055,1650
79229,0.9729318734793188,1650
112781,0.9605658709106984,1650
84572,0.8403336748134055,1650
76590,0.9328165374677002,1650
73206,0.9421383647798742,1650
62307,0.9729318734793188,1650
57004,0.9729318734793188,1650
94843,0.9534913353720693,1650
43203,0.9534913353720693,1650
95812,0.9855198829134618,1650
779,0.9855198829134618,1650
68531,0.9534913353720693,1650
57787,0.9729318734793188,1650
33991,0.9855198829134618,1650
39120,0.9605658709106984,1650
45576,0.8908624432603118,1650
40043,0.9855198829134618,1650
54118,0.9534913353720693,1650
70875,0.9729318734793188,1650
46692,0.8908624432603118,1650
14743,0.878755364806867,1650
27677,0.8908624432603118,1650
31486,0.9855198829134618,1650
49817,0.878755364806867,1650
88771,0.9855198829134618,1650
83051,0.9855198829134618,1650
87154,0.9534913353720693,1650
61843,0.9855198829134618,1650
49497,0.9605658709106984,1650
15912,0.9855198829134618,1650
17112,0.9855198829134618,1650
38995,0.9855198829134618,1650
56230,0.9855198829134618,1650
42890,0.9855198829134618,1650
83535,0.9855198829134618,1650
21705,0.9855198829134618,1650
41162,0.9855198829134618,1650
20848,0.8908624432603118,1650
76690,0.9855198829134618,1650
22191,0.9729318734793188,1650
96039,0.8908624432603118,1650
100077,0.9855198829134618,1650
73086,0.9421383647798742,1650
84400,0.878755364806867,1650
45025,0.9534913353720693,1650
62182,0.9855198829134618,1650
103954,0.9855198829134618,1650
109815,0.9855198829134618,1650
83788,0.9605658709106984,1650
108199,0.6086956521739131,1650
45708,0.9855198829134618,1650
87491,0.9729318734793188,1650
18515,0.9294968363965049,1650
92568,0.9855198829134618,1650
5231,0.7140039447731755,1650
39856,0.9729318734793188,1650
59138,0.8263772954924875,1650
46506,0.9855198829134618,1650
45948,0.9855198829134618,1650
98684,0.9855198829134618,1650
27944,0.9855198829134618,1650
49612,0.9855198829134618,1650
9686,0.8403336748134055,1650
47961,0.8403336748134055,1650
35959,0.9605658709106984,1650
11065,0.9605658709106984,1650
41406,0.8403336748134055,1650
90765,0.9855198829134618,1650
101705,0.9534913353720693,1650
79435,0.9855198829134618,1650
107008,0.9729318734793188,1650
42987,0.9534913353720693,1650
10886,0.9605658709106984,1650
77534,0.9855198829134618,1650
53613,0.9729318734793188,1650
76986,0.9855198829134618,1650
3840,0.7601626016260162,1650
29925,0.9729318734793188,1650
89872,0.9534913353720693,1650
101230,0.9534913353720693,1650
62594,0.9729318734793188,1650
4477,0.9855198829134618,1650
71376,0.8403336748134055,1650
9488,0.9855198829134618,1650
48777,0.8908624432603118,1650
21487,0.9729318734793188,1650
112259,0.9855198829134618,1650
42823,0.9294968363965049,1650
52874,0.9605658709106984,1650
46211,0.9855198829134618,1650
3973,0.8403336748134055,1650
6151,0.9729318734793188,1650
46823,0.9855198829134618,1650
30022,0.9534913353720693,1650
72321,0.9855198829134618,1650
30321,0.8908624432603118,1650
85148,0.9729318734793188,1650
79712,0.9855198829134618,1650
4849,0.9855198829134618,1650
36075,0.72,1650
5427,0.7601626016260162,1650
16786,0.8908624432603118,1650
22991,0.9605658709106984,1650
36871,0.9855198829134618,1650
31063,0.9855198829134618,1650
80128,0.9605658709106984,1650
101168,0.5373831775700935,1650
38057,0.9855198829134618,1650
100690,0.9855198829134618,1650
73358,0.9605658709106984,1650
4649,0.9328165374677002,1650
24518,0.9855198829134618,1650
86686,0.9855198829134618,1650
84904,0.9534913353720693,1650
56438,0.9855198829134618,1650
11278,0.9729318734793188,1650
31542,0.9421383647798742,1650
66073,0.9855198829134618,1650
91519,0.9605658709106984,1650
6976,0.8908624432603118,1650
35733,0.878755364806867,1650
1332,0.8403336748134055,1650
97304,0.9855198829134618,1650
14639,0.9534913353720693,1650
83434,0.9855198829134618,1650
95453,0.8403336748134055,1650
107899,0.9605658709106984,1650
26274,0.9855198829134618,1650
57977,0.9855198829134618,1650
22141,0.8908624432603118,1650
81776,0.9729318734793188,1650
12369,0.9605658709106984,1650
55081,0.9855198829134618,1650
36093,0.8403336748134055,1650
58796,0.9855198829134618,1650
70453,0.9534913353720693,1650
101745,0.7601626016260162,1650
58700,0.9855198829134618,1650
97589,0.9534913353720693,1650
46365,0.9605658709106984,1650
48943,0.9729318734793188,1650
25298,0.9855198829134618,1650
11044,0.8403336748134055,1650
58174,0.9855198829134618,1650
39417,0.8908624432603118,1650
24053,0.9855198829134618,1650
71152,0.9855198829134618,1650
14010,0.9605658709106984,1650
41411,0.9855198829134618,1650
8740,0.9855198829134618,1650
47125,0.9534913353720693,1650
8626,0.9855198829134618,1650
23750,0.9729318734793188,1650
44014,0.9855198829134618,1650
73586,0.9855198829134618,1650
78747,0.7140039447731755,1650
41201,0.9328165374677002,1650
38090,0.8263772954924875,1650
66444,0.9855198829134618,1650
15433,0.9294968363965049,1650
67198,0.9855198829134618,1650
29184,0.9729318734793188,1650
88569,0.9855198829134618,1650
15308,0.8403336748134055,1650
67076,0.9855198829134618,1650
84771,0.9855198829134618,1650
62343,0.9855198829134618,1650
53232,0.8908624432603118,1650
3313,0.9855198829134618,1650
95877,0.9855198829134618,1650
25471,0.9855198829134618,1650
63561,0.9855198829134618,1650
16766,0.8908624432603118,1650
28915,0.9855198829134618,1650
2205,0.9534913353720693,1650
81671,0.5986622073578596,1650
33272,0.8908624432603118,1650
99555,0.9855198829134618,1650
113714,0.9605658709106984,1650
19639,0.9855198829134618,1650
94717,0.9605658709106984,1650
47084,0.9855198829134618,1650
24197,0.9328165374677002,1650
47315,0.9729318734793188,1650
22145,0.9294968363965049,1650
78927,0.9855198829134618,1650
74423,0.9855198829134618,1650
46014,0.9855198829134618,1650
65022,0.9729318734793188,1650
80373,0.9855198829134618,1650
23317,0.9729318734793188,1650
97215,0.9855198829134618,1650
51129,0.9855198829134618,1650
79042,0.9605658709106984,1650
26388,0.8908624432603118,1650
57539,0.9855198829134618,1650
77576,0.468,1650
33207,0.9855198829134618,1650
92861,0.9855198829134618,1650
47083,0.8403336748134055,1650
90111,0.9729318734793188,1650
31120,0.8403336748134055,1650
95561,0.8908624432603118,1650
4098,0.9605658709106984,1650
82860,0.9534913353720693,1650
46027,0.8403336748134055,1650
38682,0.9328165374677002,1650
72220,0.9534913353720693,1650
98964,0.9729318734793188,1650
108331,0.9729318734793188,1650
103572,0.9855198829134618,1650
84899,0.9605658709106984,1650
90191,0.9855198829134618,1650
47075,0.9729318734793188,1650
16872,0.9534913353720693,1650
5466,0.9729318734793188,1650
3109,0.9729318734793188,1650
81705,0.9855198829134618,1650
23884,0.8908624432603118,1650
84895,0.9855198829134618,1650
87114,0.9855198829134618,1650
1626,0.7116402116402116,1650
28620,0.9855198829134618,1650
62699,0.8607594936708861,1650
48307,0.8403336748134055,1650
76642,0.9855198829134618,1650
34971,0.9855198829134618,1650
75027,0.9855198829134618,1650
70544,0.9855198829134618,1650
102268,0.9855198829134618,1650
28710,0.9855198829134618,1650
72293,0.9605658709106984,1650
72886,0.8607594936708861,1650
97314,0.9855198829134618,1650
79114,0.8607594936708861,1650
60804,0.9855198829134618,1650
111599,0.9855198829134618,1650
46382,0.9729318734793188,1650
9961,0.9855198829134618,1650
84894,0.9534913353720693,1650
59202,0.8908624432603118,1650
95735,0.9855198829134618,1650
18523,0.9855198829134618,1650
45898,0.9855198829134618,1650
89716,0.9855198829134618,1650
89466,0.9534913353720693,1650
95700,0.9421383647798742,1650
28074,0.8908624432603118,1650
22408,0.9328165374677002,1650
99674,0.878755364806867,1650
68786,0.9294968363965049,1650
13525,0.9328165374677002,1650
105914,0.9605658709106984,1650
70172,0.9729318734793188,1650
50458,0.9855198829134618,1650
93111,0.9729318734793188,1650
109819,0.9294968363965049,1650
10096,0.9855198829134618,1650
28347,0.8908624432603118,1650
89213,0.9855198829134618,1650
4188,0.9534913353720693,1650
62409,0.9855198829134618,1650
66439,0.9855198829134618,1650
36112,0.9855198829134618,1650
24902,0.9729318734793188,1650
101056,0.6086956521739131,1650
6324,0.8403336748134055,1650
69791,0.9855198829134618,1650
77380,0.9855198829134618,1650
1369,0.9855198829134618,1650
94493,0.9534913353720693,1650
94529,0.9605658709106984,1650
20690,0.8403336748134055,1650
35028,0.9855198829134618,1650
47285,0.9855198829134618,1650
71642,0.6086956521739131,1650
49691,0.9328165374677002,1650
54755,0.9855198829134618,1650
81406,0.9855198829134618,1650
53378,0.9729318734793188,1650
111097,0.7140039447731755,1650
103274,0.9294968363965049,1650
91000,0.9294968363965049,1650
77620,0.9855198829134618,1650
28592,0.8908624432603118,1650
42247,0.9729318734793188,1650
97123,0.9855198829134618,1650
69486,0.9294968363965049,1650
62984,0.9855198829134618,1650
25628,0.9855198829134618,1650
74228,0.8263772954924875,1650
67976,0.9534913353720693,1650
45611,0.9855198829134618,1650
40166,0.9729318734793188,1650
22584,0.9294968363965049,1650
86591,0.8908624432603118,1650
96601,0.9855198829134618,1650
97848,0.9855198829134618,1650
48768,0.6086956521739131,1650
94692,0.9855198829134618,1650
19076,0.9294968363965049,1650
57152,0.9534913353720693,1650
82132,0.9534913353720693,1650
20428,0.8403336748134055,1650
362,0.9855198829134618,1650
10804,0.9855198829134618,1650
20818,0.9855198829134618,1650
35636,0.9855198829134618,1650
41310,0.9855198829134618,1650
41440,0.8908624432603118,1650
15361,0.9729318734793188,1650
54080,0.9605658709106984,1650
20870,0.9294968363965049,1650
71037,0.9855198829134618,1650
67234,0.9605658709106984,1650
1612,0.9855198829134618,1650
36265,0.8403336748134055,1650
10859,0.8908624432603118,1650
70251,0.8403336748134055,1650
64164,0.9855198829134618,1650
33896,0.9729318734793188,1650
60271,0.8908624432603118,1650
36187,0.9328165374677002,1650
48574,0.9855198829134618,1650
53446,0.9729318734793188,1650
42181,0.9855198829134618,1650
67714,0.9328165374677002,1650
75149,0.9855198829134618,1650
43906,0.9534913353720693,1650
24655,0.9855198829134618,1650
24700,0.9855198829134618,1650
30628,0.9855198829134618,1650
25621,0.878755364806867,1650
79278,0.9855198829134618,1650
31922,0.9534913353720693,1650
112308,0.9729318734793188,1650
112463,0.9855198829134618,1650
7746,0.8607594936708861,1650
44384,0.9855198829134618,1650
84937,0.8403336748134055,1650
39545,0.5784313725490197,1650
84454,0.9855198829134618,1650
2227,0.9855198829134618,1650
15117,0.9855198829134618,1650
83982,0.9729318734793188,1650
63676,0.9605658709106984,1650
59739,0.9729318734793188,1650
65383,0.9855198829134618,1650
5247,0.8403336748134055,1650
37324,0.8263772954924875,1650
53934,0.9855198829134618,1650
110518,0.9855198829134618,1650
106301,0.9855198829134618,1650
63538,0.9855198829134618,1650
34580,0.9605658709106984,1650
60919,0.8908624432603118,1650
7474,0.9729318734793188,1650
72038,0.9855198829134618,1650
27743,0.9855198829134618,1650
39631,0.9605658709106984,1650
38550,0.8908624432603118,1650
50278,0.9855198829134618,1650
90821,0.8908624432603118,1650
34723,0.9534913353720693,1650
72348,0.9855198829134618,1650
99539,0.9729318734793188,1650
103367,0.9534913353720693,1650
4055,0.9855198829134618,1650
3100,0.9534913353720693,1650
23155,0.8403336748134055,1650
56617,0.9855198829134618,1650
12337,0.9855198829134618,1650
103797,0.8403336748134055,1650
25448,0.9605658709106984,1650
77589,0.9729318734793188,1650
19630,0.9729318734793188,1650
28890,0.9605658709106984,1650
17553,0.9328165374677002,1650
15648,0.9534913353720693,1650
95133,0.9294968363965049,1650
31442,0.9855198829134618,1650
99506,0.9855198829134618,1650
56073,0.9729318734793188,1650
19629,0.8403336748134055,1650
35522,0.9855198829134618,1650
53149,0.8403336748134055,1650
66480,0.9855198829134618,1650
104716,0.5986622073578596,1650
49758,0.9729318734793188,1650
28113,0.9855198829134618,1650
15634,0.9855198829134618,1650
54968,0.9294968363965049,1650
94419,0.9605658709106984,1650
78197,0.9855198829134618,1650
20851,0.8908624432603118,1650
98845,0.9855198829134618,1650
60309,0.9534913353720693,1650
83034,0.9294968363965049,1650
74725,0.9421383647798742,1650
67210,0.9855198829134618,1650
76816,0.9605658709106984,1650
23719,0.9855198829134618,1650
77023,0.8908624432603118,1650
54860,0.9534913353720693,1650
109438,0.8908624432603118,1650
47714,0.9855198829134618,1650
97607,0.9605658709106984,1650
98076,0.9534913353720693,1650
106237,0.9328165374677002,1650
92005,0.9855198829134618,1650
101078,0.9294968363965049,1650
5981,0.8908624432603118,1650
99171,0.9855198829134618,1650
98744,0.9328165374677002,1650
10736,0.9855198829134618,1650
95937,0.9421383647798742,1650
21526,0.9855198829134618,1650
67595,0.9534913353720693,1650
96699,0.9855198829134618,1650
9592,0.8403336748134055,1650
11,0.7140039447731755,1650
55948,0.9729318734793188,1650
48251,0.9855198829134618,1650
8606,0.9855198829134618,1650
53960,0.878755364806867,1650
579,0.468,1650
84663,0.8908624432603118,1650
19291,0.9534913353720693,1650
8234,0.9855198829134618,1650
33797,0.9855198829134618,1650
39665,0.5784313725490197,1650
91039,0.9855198829134618,1650
15428,0.8263772954924875,1650
102310,0.9855198829134618,1650
25068,0.9605658709106984,1650
109950,0.9855198829134618,1650
68633,0.9855198829134618,1650
86887,0.9534913353720693,1650
10733,0.9855198829134618,1650
104830,0.9729318734793188,1650
113084,0.9855198829134618,1650
27859,0.9855198829134618,1650
31122,0.8403336748134055,1650
67512,0.9729318734793188,1650
61530,0.9855198829134618,1650
67531,0.9605658709106984,1650
46698,0.9855198829134618,1650
78832,0.9729318734793188,1650
54195,0.9729318734793188,1650
52989,0.9855198829134618,1650
9438,0.9855198829134618,1650
113979,0.9855198829134618,1650
42452,0.9855198829134618,1650
106710,0.9729318734793188,1650
28545,0.9855198829134618,1650
30443,0.9729318734793188,1650
81851,0.9855198829134618,1650
81893,1.0,1650
86472,0.9855198829134618,1650
5481,0.9328165374677002,1650
43693,0.9855198829134618,1650
28869,0.8403336748134055,1650
63452,0.9729318734793188,1650
7060,0.9605658709106984,1650
64310,0.9855198829134618,1650
60246,0.9534913353720693,1650
34918,0.9534913353720693,1650
76519,0.9729318734793188,1650
11936,0.9534913353720693,1650
4357,0.878755364806867,1650
94258,0.8403336748134055,1650
89489,0.9855198829134618,1650
89810,0.9605658709106984,1650
23310,0.9855198829134618,1650
6868,0.9855198829134618,1650
95723,0.8263772954924875,1650
44200,0.9294968363965049,1650
57470,0.9534913353720693,1650
49843,0.9534913353720693,1650
8748,0.9855198829134618,1650
90125,0.8908624432603118,1650
110000,0.9605658709106984,1650
37891,0.9729318734793188,1650
10532,0.9855198829134618,1650
27339,0.8403336748134055,1650
110718,0.8403336748134055,1650
78187,0.8908624432603118,1650
61327,0.8908624432603118,1650
9227,0.9328165374677002,1650
41141,0.9855198829134618,1650
113213,0.8908624432603118,1650
101806,0.9855198829134618,1650
58264,0.9855198829134618,1650
6085,0.8403336748134055,1650
5725,0.9855198829134618,1650
44949,0.9534913353720693,1650
42693,0.9534913353720693,1650
66526,0.9294968363965049,1650
57174,0.9534913353720693,1650
70866,0.9294968363965049,1650
2273,0.9855198829134618,1650
107677,0.9729318734793188,1650
20223,0.9605658709106984,1650
58572,0.9855198829134618,1650
13395,0.8403336748134055,1650
93251,0.9605658709106984,1650
71968,0.9605658709106984,1650
45709,0.9855198829134618,1650
41938,0.9534913353720693,1650
98986,0.8263772954924875,1650
107372,0.9534913353720693,1650
42771,0.9729318734793188,1650
94422,0.8908624432603118,1650
39564,0.468,1650
104922,0.9855198829134618,1650
46239,0.9855198829134618,1650
57046,0.9855198829134618,1650
33628,0.9421383647798742,1650
24916,0.9855198829134618,1650
35241,0.9855198829134618,1650
14247,0.9855198829134618,1650
109501,0.9421383647798742,1650
95393,0.9855198829134618,1650
36173,0.9534913353720693,1650
67165,0.8403336748134055,1650
99484,0.9534913353720693,1650
64661,0.9855198829134618,1650
21195,0.9294968363965049,1650
70821,0.9855198829134618,1650
19539,0.9855198829134618,1650
12324,0.9729318734793188,1650
14575,0.9855198829134618,1650
18768,0.8908624432603118,1650
82766,0.9729318734793188,1650
41260,0.9729318734793188,1650
47091,0.8403336748134055,1650
21807,0.9729318734793188,1650
65304,0.9855198829134618,1650
79940,0.8403336748134055,1650
112561,0.9605658709106984,1650
69088,0.9729318734793188,1650
12707,0.9729318734793188,1650
54015,0.9855198829134618,1650
7101,0.9855198829134618,1650
67892,0.9729318734793188,1650
3248,0.9729318734793188,1650
32998,0.9605658709106984,1650
48520,0.9855198829134618,1650
95328,0.7116402116402116,1650
50206,0.9855198829134618,1650
53151,0.9855198829134618,1650
7055,0.9855198829134618,1650
37228,0.9534913353720693,1650
79662,0.9855198829134618,1650
24160,0.7116402116402116,1650
7154,0.8403336748134055,1650
75465,0.8403336748134055,1650
51356,0.9855198829134618,1650
21436,0.9855198829134618,1650
29013,0.8908624432603118,1650
11733,0.9855198829134618,1650
66957,0.9855198829134618,1650
112214,0.9855198829134618,1650
30864,0.9855198829134618,1650
56530,0.9534913353720693,1650
87750,0.8908624432603118,1650
9799,0.9855198829134618,1650
72963,0.9855198829134618,1650
26807,0.9534913353720693,1650
106717,0.9534913353720693,1650
54030,0.9855198829134618,1650
72112,0.9855198829134618,1650
69945,0.9855198829134618,1650
46944,0.9605658709106984,1650
70859,0.9729318734793188,1650
33566,0.9855198829134618,1650
36389,0.9855198829134618,1650
3774,0.8403336748134055,1650
7860,0.8908624432603118,1650
22782,0.8908624432603118,1650
5375,0.9855198829134618,1650
108352,0.9855198829134618,1650
51756,0.9729318734793188,1650
31402,0.9855198829134618,1650
32254,0.8403336748134055,1650
36970,0.8403336748134055,1650
88475,0.5373831775700935,1650
6767,0.9729318734793188,1650
104186,0.9729318734793188,1650
33357,0.9855198829134618,1650
94338,0.9534913353720693,1650
96909,0.9421383647798742,1650
113269,0.9534913353720693,1650
30267,0.9855198829134618,1650
76006,0.9855198829134618,1650
101129,0.8403336748134055,1650
10511,0.9855198829134618,1650
7299,0.9534913353720693,1650
37524,0.9534913353720693,1650
68775,0.8403336748134055,1650
38651,0.9294968363965049,1650
53544,0.9855198829134618,1650
8102,0.9855198829134618,1650
24239,0.9534913353720693,1650
112115,0.9855198829134618,1650
29530,0.8908624432603118,1650
11413,0.9855198829134618,1650
40305,0.8403336748134055,1650
71287,0.8403336748134055,1650
72751,0.9605658709106984,1650
45533,0.8403336748134055,1650
79268,0.9855198829134618,1650
78759,0.9534913353720693,1650
94050,0.9855198829134618,1650
54097,0.9855198829134618,1650
8690,0.9855198829134618,1650
85989,0.9855198829134618,1650
39111,0.9421383647798742,1650
58464,0.9294968363965049,1650
102168,0.9534913353720693,1650
12117,0.9855198829134618,1650
84525,0.9605658709106984,1650
2672,0.9855198829134618,1650
48524,0.9855198829134618,1650
5948,0.8908624432603118,1650
113545,0.9294968363965049,1650
20343,0.9605658709106984,1650
22904,0.9855198829134618,1650
19829,0.8908624432603118,1650
33298,0.9294968363965049,1650
81144,0.8263772954924875,1650
85478,0.9855198829134618,1650
14881,0.8908624432603118,1650
104781,0.9729318734793188,1650
36792,0.9855198829134618,1650
48934,0.8461538461538461,1650
89429,0.8403336748134055,1650
11634,0.8607594936708861,1650
75128,0.8908624432603118,1650
31438,0.9855198829134618,1650
69868,0.9729318734793188,1650
72041,0.9534913353720693,1650
59119,0.9729318734793188,1650
33163,0.9855198829134618,1650
57460,0.9855198829134618,1650
3953,0.9534913353720693,1650
40288,0.8908624432603118,1650
87866,0.9729318734793188,1650
42258,0.9534913353720693,1650
104690,0.9534913353720693,1650
86147,0.9534913353720693,1650
3667,0.8908624432603118,1650
51971,0.9855198829134618,1650
22615,0.9855198829134618,1650
91436,0.9855198829134618,1650
49520,0.9729318734793188,1650
48205,0.9855198829134618,1650
74734,0.9729318734793188,1650
71759,0.9855198829134618,1650
84134,0.9729318734793188,1650
45970,0.6086956521739131,1650
92939,0.9605658709106984,1650
17822,0.8263772954924875,1650
45323,0.8403336748134055,1650
82062,0.9855198829134618,1650
81026,0.9855198829134618,1650
65098,0.8403336748134055,1650
9517,0.9855198829134618,1650
107593,0.9855198829134618,1650
13033,0.8403336748134055,1650
2843,0.9294968363965049,1650
15129,0.878755364806867,1650
84399,0.9605658709106984,1650
87961,0.9855198829134618,1650
38037,0.8908624432603118,1650
109216,0.8908624432603118,1650
862,0.9855198829134618,1650
36095,0.0,1650
111588,0.9605658709106984,1650
56502,0.9855198829134618,1650
23805,0.9855198829134618,1650
58178,0.9534913353720693,1650
42877,0.9855198829134618,1650
7210,0.9605658709106984,1650
33596,0.9534913353720693,1650
74398,0.9855198829134618,1650
8966,0.9729318734793188,1650
82457,0.9855198829134618,1650
22579,0.8403336748134055,1650
32865,0.5986622073578596,1650
45996,0.9855198829134618,1650
97602,0.9534913353720693,1650
12160,0.9534913353720693,1650
90524,0.9855198829134618,1650
2516,0.9534913353720693,1650
41842,0.9729318734793188,1650
58315,0.9605658709106984,1650
29266,0.9855198829134618,1650
10015,0.9855198829134618,1650
29288,0.9534913353720693,1650
10812,0.9729318734793188,1650
95479,0.9855198829134618,1650
66648,0.9729318734793188,1650
47471,0.9729318734793188,1650
21005,0.9328165374677002,1650
44365,0.8908624432603118,1650
104487,0.8403336748134055,1650
53692,0.9534913353720693,1650
32061,0.9729318734793188,1650
48094,0.9534913353720693,1650
589,0.8908624432603118,1650
101493,0.9534913353720693,1650
102504,0.9729318734793188,1650
36218,0.8403336748134055,1650
98245,0.9729318734793188,1650
87738,0.9294968363965049,1650
3566,0.7140039447731755,1650
19269,0.9855198829134618,1650
75003,0.9855198829134618,1650
24924,0.9855198829134618,1650
55884,0.9855198829134618,1650
47147,0.9855198829134618,1650
20472,0.9534913353720693,1650
102768,0.7601626016260162,1650
5379,0.9855198829134618,1650
48627,0.9421383647798742,1650
108368,0.9855198829134618,1650
100149,0.9534913353720693,1650
50083,0.9855198829134618,1650
45105,0.8607594936708861,1650
66339,0.9729318734793188,1650
21204,0.8908624432603118,1650
77564,0.9534913353720693,1650
44599,0.9855198829134618,1650
47389,0.9855198829134618,1650
35577,0.8403336748134055,1650
74459,0.8403336748134055,1650
94402,0.9729318734793188,1650
31601,0.9855198829134618,1650
89912,0.9855198829134618,1650
12192,0.9855198829134618,1650
99219,0.9729318734793188,1650
28312,0.878755364806867,1650
38237,0.9729318734793188,1650
67437,0.9729318734793188,1650
26865,0.9855198829134618,1650
2135,0.9855198829134618,1650
110835,0.8403336748134055,1650
8096,0.9855198829134618,1650
857,0.9855198829134618,1650
100477,0.9605658709106984,1650
56272,0.9855198829134618,1650
84433,0.9855198829134618,1650
76432,0.9855198829134618,1650
95319,0.9855198829134618,1650
82904,0.9855198829134618,1650
9347,0.9855198829134618,1650
9847,0.9534913353720693,1650
65465,0.9605658709106984,1650
59665,0.9855198829134618,1650
18227,0.9855198829134618,1650
74823,0.9855198829134618,1650
83925,0.8908624432603118,1650
109598,0.9729318734793188,1650
96715,0.8908624432603118,1650
93022,0.9534913353720693,1650
95040,0.9855198829134618,1650
106308,0.9534913353720693,1650
86229,0.9855198829134618,1650
111259,0.8908624432603118,1650
42789,0.9855198829134618,1650
79857,0.9855198829134618,1650
74639,0.9328165374677002,1650
69845,0.9855198829134618,1650
57875,0.9855198829134618,1650
18750,0.9855198829134618,1650
64835,0.9855198829134618,1650
21675,0.8403336748134055,1650
28488,0.9729318734793188,1650
95576,0.9855198829134618,1650
94108,0.9855198829134618,1650
32205,0.9855198829134618,1650
45306,0.8403336748134055,1650
34634,0.9855198829134618,1650
60600,0.9534913353720693,1650
88822,0.9855198829134618,1650
3400,0.9855198829134618,1650
72829,0.8403336748134055,1650
46320,0.9729318734793188,1650
5657,0.9729318734793188,1650
61723,0.9855198829134618,1650
30856,0.9534913353720693,1650
112885,0.9855198829134618,1650
108218,0.468,1650
23531,0.9855198829134618,1650
40014,0.9294968363965049,1650
15127,0.9534913353720693,1650
79286,0.9729318734793188,1650
57390,0.9729318734793188,1650
9122,0.9855198829134618,1650
15335,0.9534913353720693,1650
16374,0.9855198829134618,1650
375,0.9328165374677002,1650
45221,0.9729318734793188,1650
92080,0.9855198829134618,1650
73634,0.8403336748134055,1650
16415,0.9855198829134618,1650
59962,0.9729318734793188,1650
37032,0.8908624432603118,1650
263,0.9855198829134618,1650
56245,0.9605658709106984,1650
56189,0.9729318734793188,1650
72739,0.9855198829134618,1650
80285,0.9534913353720693,1650
22202,0.9855198829134618,1650
112026,0.9534913353720693,1650
15373,0.9534913353720693,1650
58749,0.8908624432603118,1650
107415,0.9855198829134618,1650
63012,0.9328165374677002,1650
41337,0.9294968363965049,1650
104013,0.9855198829134618,1650
44181,0.9605658709106984,1650
6386,0.9855198829134618,1650
108293,0.9855198829134618,1650
91856,0.9534913353720693,1650
67382,0.9729318734793188,1650
105921,0.9855198829134618,1650
61328,0.9855198829134618,1650
80576,0.9855198829134618,1650
26619,0.9855198829134618,1650
41732,0.8908624432603118,1650
87785,0.9855198829134618,1650
14070,0.878755364806867,1650
62120,0.9605658709106984,1650
86567,0.9605658709106984,1650
31310,0.9534913353720693,1650
87952,0.9534913353720693,1650
9080,0.9855198829134618,1650
101524,0.9605658709106984,1650
64621,0.9729318734793188,1650
22,0.9855198829134618,1650
90796,0.9294968363965049,1650
6076,0.9855198829134618,1650
82716,0.9729318734793188,1650
85569,0.9294968363965049,1650
66698,0.9855198829134618,1650
98621,0.9294968363965049,1650
76039,0.8908624432603118,1650
32270,0.9855198829134618,1650
60075,0.9534913353720693,1650
84089,0.9294968363965049,1650
25114,0.9328165374677002,1650
58664,0.9855198829134618,1650
53948,0.9534913353720693,1650
96628,0.9855198829134618,1650
98572,0.9729318734793188,1650
80696,0.9855198829134618,1650
42109,0.9855198829134618,1650
54035,0.8263772954924875,1650
66712,0.9855198829134618,1650
99878,0.9855198829134618,1650
66576,0.9855198829134618,1650
95553,0.9605658709106984,1650
27660,0.9605658709106984,1650
32569,0.9855198829134618,1650
21505,0.9605658709106984,1650
33733,0.9855198829134618,1650
18550,0.9855198829134618,1650
7097,0.9855198829134618,1650
6017,0.9534913353720693,1650
53625,0.9328165374677002,1650
41538,0.6086956521739131,1650
30189,0.8263772954924875,1650
78370,0.9729318734793188,1650
65468,0.8403336748134055,1650
57131,0.9855198829134618,1650
20023,0.9855198829134618,1650
50970,0.8403336748134055,1650
75323,0.9855198829134618,1650
32672,0.8908624432603118,1650
65369,0.9328165374677002,1650
65212,0.9855198829134618,1650
46425,0.9328165374677002,1650
34300,0.9605658709106984,1650
61175,0.9605658709106984,1650
5714,0.9534913353720693,1650
48942,0.9855198829134618,1650
110068,0.9534913353720693,1650
10516,0.9534913353720693,1650
112357,0.9605658709106984,1650
43263,0.9855198829134618,1650
82315,0.9855198829134618,1650
49069,0.9855198829134618,1650
49169,0.9855198829134618,1650
69499,0.9855198829134618,1650
6697,0.9855198829134618,1650
69218,0.9855198829134618,1650
417,0.9534913353720693,1650
69877,0.9855198829134618,1650
77065,0.8403336748134055,1650
108589,0.9294968363965049,1650
8474,0.9855198829134618,1650
39416,0.9855198829134618,1650
72110,0.8403336748134055,1650
83645,0.9729318734793188,1650
758,0.9855198829134618,1650
36128,0.9855198829134618,1650
58036,0.9855198829134618,1650
37296,0.9328165374677002,1650
654,0.9855198829134618,1650
20939,0.9605658709106984,1650
20668,0.9855198829134618,1650
22885,0.9855198829134618,1650
99361,0.8908624432603118,1650
98687,0.6086956521739131,1650
105130,0.9855198829134618,1650
1844,0.8403336748134055,1650
29372,0.9855198829134618,1650
59087,0.8403336748134055,1650
38587,0.8908624432603118,1650
70164,0.9855198829134618,1650
107991,0.9605658709106984,1650
74827,0.9729318734793188,1650
112748,0.9534913353720693,1650
91571,0.9328165374677002,1650
81422,0.9534913353720693,1650
45109,0.8403336748134055,1650
93701,0.8908624432603118,1650
11147,0.6086956521739131,1650
83234,0.9855198829134618,1650
78618,0.9534913353720693,1650
67652,0.8908624432603118,1650
87778,0.9855198829134618,1650
82526,0.8908624432603118,1650
94233,0.8403336748134055,1650
20989,0.9328165374677002,1650
40480,0.8403336748134055,1650
38812,0.9534913353720693,1650
30199,0.9855198829134618,1650
6147,0.9605658709106984,1650
59961,0.9729318734793188,1650
14365,0.9855198829134618,1650
103867,0.8403336748134055,1650
37543,0.9605658709106984,1650
47082,0.9729318734793188,1650
9692,0.8263772954924875,1650
2398,0.3236994219653179,1650
2846,0.9855198829134618,1650
95337,0.8908624432603118,1650
90022,0.9855198829134618,1650
36005,0.8908624432603118,1650
47239,0.9534913353720693,1650
101023,0.9855198829134618,1650
16851,0.9605658709106984,1650
47213,0.9855198829134618,1650
58735,0.9855198829134618,1650
64185,0.9294968363965049,1650
37538,0.9855198829134618,1650
103203,0.9534913353720693,1650
37946,0.9855198829134618,1650
72604,0.9729318734793188,1650
43632,0.9855198829134618,1650
54895,0.9855198829134618,1650
35814,0.9855198829134618,1650
2764,0.9421383647798742,1650
92164,0.9605658709106984,1650
99841,0.9328165374677002,1650
3713,0.8403336748134055,1650
60777,0.5373831775700935,1650
41339,0.9855198829134618,1650
73242,0.9855198829134618,1650
57828,0.9855198829134618,1650
22909,0.9855198829134618,1650
110788,0.9855198829134618,1650
52225,0.9729318734793188,1650
23282,0.9855198829134618,1650
97029,0.8403336748134055,1650
57755,0.9328165374677002,1650
22537,0.9855198829134618,1650
101053,0.9855198829134618,1650
63497,0.8403336748134055,1650
57533,0.7140039447731755,1650
98566,0.7140039447731755,1650
18104,0.8908624432603118,1650
87169,0.9855198829134618,1650
94977,0.9855198829134618,1650
78787,0.8403336748134055,1650
88272,0.9729318734793188,1650
29528,0.7116402116402116,1650
19069,0.9855198829134618,1650
53334,0.9855198829134618,1650
74233,0.9855198829134618,1650
43967,0.9855198829134618,1650
105868,0.8403336748134055,1650
8061,0.9294968363965049,1650
106019,0.9855198829134618,1650
3639,0.8908624432603118,1650
78604,0.9855198829134618,1650
50437,0.5784313725490197,1650
50396,0.9729318734793188,1650
2924,0.878755364806867,1650
38049,0.9855198829134618,1650
47372,0.8403336748134055,1650
53606,0.9855198829134618,1650
108344,0.9855198829134618,1650
82866,0.9855198829134618,1650
75301,0.9729318734793188,1650
58956,0.9729318734793188,1650
20721,0.8403336748134055,1650
96425,0.7140039447731755,1650
53079,0.9855198829134618,1650
634,0.8403336748134055,1650
78850,0.8908624432603118,1650
28720,0.9294968363965049,1650
60599,0.9855198829134618,1650
27429,0.8908624432603118,1650
84168,0.9729318734793188,1650
17109,0.9605658709106984,1650
11553,0.878755364806867,1650
31727,0.9855198829134618,1650
36088,0.9729318734793188,1650
70548,0.9855198829134618,1650
30761,0.878755364806867,1650
29926,0.9855198829134618,1650
85522,0.9855198829134618,1650
38822,0.8403336748134055,1650
13901,0.8403336748134055,1650
102254,0.9294968363965049,1650
52776,0.9855198829134618,1650
80944,0.8908624432603118,1650
34676,0.7116402116402116,1650
48352,0.9855198829134618,1650
48161,0.9534913353720693,1650
60085,0.9855198829134618,1650
89056,0.9421383647798742,1650
100438,0.9855198829134618,1650
26442,0.9855198829134618,1650
6591,0.9855198829134618,1650
94370,0.8908624432603118,1650
47059,0.8263772954924875,1650
113957,0.9855198829134618,1650
33437,0.9605658709106984,1650
74984,0.9605658709106984,1650
69823,0.9534913353720693,1650
76042,0.9605658709106984,1650
70240,0.9855198829134618,1650
62732,0.9855198829134618,1650
13053,0.9855198829134618,1650
43086,0.9729318734793188,1650
46261,0.9729318734793188,1650
10297,0.9605658709106984,1650
70840,0.9729318734793188,1650
93331,0.9605658709106984,1650
113731,0.9855198829134618,1650
97890,0.9855198829134618,1650
26616,0.9294968363965049,1650
19081,0.8403336748134055,1650
26414,0.9729318734793188,1650
103839,0.9294968363965049,1650
106636,0.9855198829134618,1650
56675,0.8403336748134055,1650
104647,0.9534913353720693,1650
6687,0.08333333333333333,1650
81941,0.9855198829134618,1650
74944,0.9855198829134618,1650
2770,0.9534913353720693,1650
32927,0.9328165374677002,1650
26016,0.9294968363965049,1650
37934,0.9534913353720693,1650
88876,0.8403336748134055,1650
68859,0.9855198829134618,1650
109631,0.9855198829134618,1650
33417,0.9605658709106984,1650
58028,0.9855198829134618,1650
40143,0.9729318734793188,1650
99100,0.9534913353720693,1650
110798,0.8403336748134055,1650
76008,0.9534913353720693,1650
8312,0.9855198829134618,1650
59319,0.9855198829134618,1650
4015,0.9855198829134618,1650
97424,0.8908624432603118,1650
87986,0.9855198829134618,1650
37542,0.8908624432603118,1650
20366,0.9729318734793188,1650
77919,0.9729318734793188,1650
45283,0.9729318734793188,1650
45979,0.9729318734793188,1650
33931,0.9729318734793188,1650
108772,0.9855198829134618,1650
113044,0.9855198829134618,1650
67487,0.9294968363965049,1650
47316,0.9729318734793188,1650
67307,0.8263772954924875,1650
87782,0.9328165374677002,1650
41351,0.9855198829134618,1650
1405,0.8403336748134055,1650
77051,0.9294968363965049,1650
82359,0.9855198829134618,1650
95371,0.5986622073578596,1650
3913,0.9605658709106984,1650
3970,0.9855198829134618,1650
38817,0.9729318734793188,1650
3312,0.9855198829134618,1650
20833,0.9328165374677002,1650
67214,0.9855198829134618,1650
60766,0.9855198829134618,1650
47706,0.8403336748134055,1650
71832,0.9855198829134618,1650
100404,0.9855198829134618,1650
29039,0.8908624432603118,1650
100191,0.9294968363965049,1650
97647,0.9294968363965049,1650
45046,0.9855198829134618,1650
2568,0.9855198829134618,1650
24406,0.8908624432603118,1650
2589,0.9855198829134618,1650
72209,0.9855198829134618,1650
79425,0.9855198829134618,1650
42798,0.9855198829134618,1650
93941,0.9855198829134618,1650
80208,0.9855198829134618,1650
90486,0.8403336748134055,1650
13179,0.9729318734793188,1650
28116,0.9605658709106984,1650
62482,0.9855198829134618,1650
70015,0.9729318734793188,1650
96949,0.9605658709106984,1650
95792,0.9855198829134618,1650
88391,0.8403336748134055,1650
113124,0.9534913353720693,1650
38990,0.9855198829134618,1650
101443,0.9328165374677002,1650
92192,0.9855198829134618,1650
44064,0.9605658709106984,1650
420,0.9855198829134618,1650
107860,0.9729318734793188,1650
8896,0.8403336748134055,1650
25858,0.9855198829134618,1650
41109,0.9855198829134618,1650
17177,0.9855198829134618,1650
95465,0.9855198829134618,1650
80664,0.9605658709106984,1650
27187,0.9534913353720693,1650
33985,0.8263772954924875,1650
19959,0.8403336748134055,1650
75769,0.9855198829134618,1650
65366,0.8908624432603118,1650
99016,0.9855198829134618,1650
75797,0.9855198829134618,1650
83861,0.8403336748134055,1650
54254,0.9294968363965049,1650
69603,0.9855198829134618,1650
76599,0.9855198829134618,1650
28942,0.9855198829134618,1650
109807,0.9855198829134618,1650
86951,0.8403336748134055,1650
42035,0.9605658709106984,1650
52664,0.9729318734793188,1650
11405,0.8403336748134055,1650
9828,0.9729318734793188,1650
21289,0.9855198829134618,1650
5935,0.8908624432603118,1650
38380,0.9855198829134618,1650
54605,0.9729318734793188,1650
298,0.9294968363965049,1650
77883,0.9534913353720693,1650
63975,0.8908624432603118,1650
110350,0.8403336748134055,1650
60460,0.9534913353720693,1650
33066,0.9855198829134618,1650
88179,0.9605658709106984,1650
102903,0.9855198829134618,1650
90494,0.9855198829134618,1650
40115,0.9855198829134618,1650
28322,0.9855198829134618,1650
99571,0.9605658709106984,1650
98346,0.9855198829134618,1650
54741,0.9294968363965049,1650
57665,0.9729318734793188,1650
63182,0.9855198829134618,1650
92200,0.9534913353720693,1650
8167,0.9855198829134618,1650
98173,0.9855198829134618,1650
461,0.9534913353720693,1650
112100,0.9855198829134618,1650
86353,0.9855198829134618,1650
14737,0.8908624432603118,1650
55461,0.9855198829134618,1650
75200,0.8263772954924875,1650
78114,0.9729318734793188,1650
99807,0.9729318734793188,1650
65644,0.9855198829134618,1650
10797,0.9855198829134618,1650
28191,0.9855198829134618,1650
8373,0.9534913353720693,1650
73109,0.9855198829134618,1650
69347,0.9294968363965049,1650
30589,0.9534913353720693,1650
16228,0.9855198829134618,1650
18569,0.8403336748134055,1650
11925,0.9729318734793188,1650
82369,0.8403336748134055,1650
58887,0.9855198829134618,1650
70573,0.9534913353720693,1650
21703,0.8403336748134055,1650
13753,0.9729318734793188,1650
93748,0.9729318734793188,1650
96379,0.9729318734793188,1650
67153,0.9855198829134618,1650
23022,0.9855198829134618,1650
87904,0.9729318734793188,1650
21318,0.9534913353720693,1650
96261,0.6086956521739131,1650
3404,0.9729318734793188,1650
41396,0.9855198829134618,1650
34733,0.8403336748134055,1650
13880,0.9855198829134618,1650
89786,0.7140039447731755,1650
66968,0.9729318734793188,1650
84657,0.9534913353720693,1650
4398,0.8263772954924875,1650
38419,0.8403336748134055,1650
4837,0.9729318734793188,1650
111908,0.8908624432603118,1650
42189,0.9855198829134618,1650
30847,0.8403336748134055,1650
57074,0.9855198829134618,1650
17673,0.9855198829134618,1650
93699,0.9534913353720693,1650
99536,0.9534913353720693,1650
3187,0.9534913353720693,1650
13947,0.9729318734793188,1650
75426,0.9855198829134618,1650
77291,0.5373831775700935,1650
113889,0.9328165374677002,1650
85089,0.9855198829134618,1650
58781,0.9855198829134618,1650
29982,0.9605658709106984,1650
25012,0.8908624432603118,1650
21709,0.8908624432603118,1650
38449,0.9855198829134618,1650
22396,0.9534913353720693,1650
100391,0.9855198829134618,1650
16995,0.9729318734793188,1650
51858,0.9729318734793188,1650
103884,0.9294968363965049,1650
113388,0.9328165374677002,1650
6985,0.9605658709106984,1650
41764,0.468,1650
39745,0.9729318734793188,1650
12646,0.9855198829134618,1650
79954,0.9855198829134618,1650
50855,0.9729318734793188,1650
28783,0.9729318734793188,1650
92765,0.9605658709106984,1650
35255,0.9729318734793188,1650
40614,0.7140039447731755,1650
102195,0.9534913353720693,1650
66832,0.7116402116402116,1650
34155,0.9855198829134618,1650
90250,0.9855198829134618,1650
50707,0.9855198829134618,1650
4051,0.9855198829134618,1650
1738,0.9729318734793188,1650
91497,0.9294968363965049,1650
110267,0.9534913353720693,1650
69301,0.9534913353720693,1650
30818,0.9855198829134618,1650
9029,0.8403336748134055,1650
10239,0.9855198829134618,1650
67390,0.9294968363965049,1650
47342,0.9855198829134618,1650
60687,0.9605658709106984,1650
86209,0.9855198829134618,1650
24168,0.8403336748134055,1650
39364,0.9855198829134618,1650
68481,0.9855198829134618,1650
31514,0.9605658709106984,1650
93404,0.9534913353720693,1650
15739,0.9729318734793188,1650
28313,0.9855198829134618,1650
1465,0.9855198829134618,1650
84728,0.9855198829134618,1650
108296,0.9855198829134618,1650
26362,0.9605658709106984,1650
29794,0.8908624432603118,1650
10772,0.8908624432603118,1650
105964,0.8403336748134055,1650
19836,0.9855198829134618,1650
16507,0.878755364806867,1650
39386,0.8403336748134055,1650
19582,0.9421383647798742,1650
90753,0.878755364806867,1650
853,0.8908624432603118,1650
49452,0.9729318734793188,1650
49722,0.9534913353720693,1650
16292,0.9855198829134618,1650
98501,0.9855198829134618,1650
71434,0.9855198829134618,1650
60717,0.9534913353720693,1650
111133,0.8908624432603118,1650
88313,0.9855198829134618,1650
13861,0.9605658709106984,1650
52658,0.9729318734793188,1650
108065,0.9855198829134618,1650
51299,0.9534913353720693,1650
40160,0.9605658709106984,1650
28442,0.9855198829134618,1650
66829,0.8908624432603118,1650
75909,0.6086956521739131,1650
1201,0.9294968363965049,1650
12157,0.8908624432603118,1650
8699,0.5986622073578596,1650
83825,0.5986622073578596,1650
59650,0.8403336748134055,1650
97459,0.9855198829134618,1650
38899,0.9294968363965049,1650
73306,0.9605658709106984,1650
64959,0.8403336748134055,1650
88231,0.9855198829134618,1650
42520,0.9534913353720693,1650
13609,0.9855198829134618,1650
43772,0.9855198829134618,1650
36353,0.9605658709106984,1650
97719,0.8908624432603118,1650
6913,0.9855198829134618,1650
43025,0.9855198829134618,1650
38639,0.8908624432603118,1650
16532,0.9294968363965049,1650
48118,0.9855198829134618,1650
5089,0.9855198829134618,1650
61814,0.9534913353720693,1650
103478,0.8908624432603118,1650
94687,0.9421383647798742,1650
61848,0.9855198829134618,1650
82212,0.9855198829134618,1650
88999,0.9855198829134618,1650
95047,0.9605658709106984,1650
54570,0.9855198829134618,1650
111716,0.9605658709106984,1650
53927,0.9605658709106984,1650
3936,0.9534913353720693,1650
94009,0.9605658709106984,1650
101665,0.9534913353720693,1650
111654,0.9534913353720693,1650
24319,0.9855198829134618,1650
86194,0.9855198829134618,1650
102154,0.9855198829134618,1650
97760,0.9729318734793188,1650
93992,0.9534913353720693,1650
113576,0.9605658709106984,1650
103353,0.9729318734793188,1650
69501,0.9855198829134618,1650
84674,0.8403336748134055,1650
68530,0.8607594936708861,1650
32593,0.9534913353720693,1650
34815,0.878755364806867,1650
40000,0.9729318734793188,1650
76720,0.9729318734793188,1650
46984,0.9855198829134618,1650
20817,0.9729318734793188,1650
103285,0.9855198829134618,1650
28636,0.9855198829134618,1650
2317,0.9855198829134618,1650
20241,0.9855198829134618,1650
70665,0.9605658709106984,1650
75949,0.8403336748134055,1650
20675,0.8263772954924875,1650
55647,0.8403336748134055,1650
97247,0.9855198829134618,1650
28011,0.5784313725490197,1650
66582,0.9855198829134618,1650
113104,0.9729318734793188,1650
72177,0.9855198829134618,1650
105445,0.9328165374677002,1650
95464,0.8403336748134055,1650
100469,0.9729318734793188,1650
3018,0.9855198829134618,1650
79606,0.9605658709106984,1650
98957,0.9855198829134618,1650
66351,0.9605658709106984,1650
28649,0.7140039447731755,1650
106508,0.9534913353720693,1650
97179,0.8403336748134055,1650
102280,0.9855198829134618,1650
21471,0.9855198829134618,1650
22346,0.9328165374677002,1650
9573,0.9855198829134618,1650
4138,0.9855198829134618,1650
41964,0.9855198829134618,1650
46958,0.8908624432603118,1650
11771,0.8908624432603118,1650
79566,0.8908624432603118,1650
88326,0.9729318734793188,1650
109251,0.9855198829134618,1650
18954,0.8908624432603118,1650
25826,0.9855198829134618,1650
40363,0.9605658709106984,1650
47903,0.9729318734793188,1650
90488,0.9855198829134618,1650
73021,0.8908624432603118,1650
70594,0.8403336748134055,1650
84996,0.9855198829134618,1650
20234,0.9605658709106984,1650
7314,0.8403336748134055,1650
10946,0.9855198829134618,1650
19201,0.9855198829134618,1650
106460,0.9855198829134618,1650
78341,0.9855198829134618,1650
85505,0.8403336748134055,1650
42556,0.8908624432603118,1650
65089,0.9729318734793188,1650
95887,0.5986622073578596,1650
32698,0.9294968363965049,1650
29400,0.9534913353720693,1650
3343,0.9855198829134618,1650
415,0.9855198829134618,1650
82396,0.9605658709106984,1650
38444,0.9855198829134618,1650
90808,0.9729318734793188,1650
65238,0.9855198829134618,1650
12336,0.9855198829134618,1650
7730,0.9729318734793188,1650
7805,0.9855198829134618,1650
17307,0.8403336748134055,1650
35219,0.9328165374677002,1650
94221,0.8908624432603118,1650
5999,0.7601626016260162,1650
112118,0.9855198829134618,1650
102714,0.9605658709106984,1650
40905,0.9421383647798742,1650
103084,0.8908624432603118,1650
93150,0.9855198829134618,1650
1296,0.9534913353720693,1650
54100,0.7116402116402116,1650
1164,0.9855198829134618,1650
15329,0.878755364806867,1650
104280,0.9729318734793188,1650
106073,0.8403336748134055,1650
69246,0.9328165374677002,1650
82398,0.9729318734793188,1650
68726,0.9855198829134618,1650
56419,0.9294968363965049,1650
19016,0.9534913353720693,1650
101024,0.9605658709106984,1650
28733,0.9534913353720693,1650
76864,0.9855198829134618,1650
473,0.9729318734793188,1650
65920,0.9855198829134618,1650
37204,0.9855198829134618,1650
67030,0.9855198829134618,1650
78146,0.9855198829134618,1650
38338,0.9534913353720693,1650
54470,0.8908624432603118,1650
1848,0.8403336748134055,1650
71575,0.9855198829134618,1650
46375,0.9855198829134618,1650
57730,0.9855198829134618,1650
34283,0.9534913353720693,1650
18117,0.9605658709106984,1650
65647,0.9605658709106984,1650
69908,0.9534913353720693,1650
59332,0.9855198829134618,1650
24663,0.9855198829134618,1650
30868,0.9855198829134618,1650
101002,0.9605658709106984,1650
107404,0.7601626016260162,1650
62393,0.9294968363965049,1650
56100,0.9855198829134618,1650
53561,0.9855198829134618,1650
94705,0.9855198829134618,1650
8306,0.9605658709106984,1650
2143,0.5784313725490197,1650
80265,0.9855198829134618,1650
101785,0.9729318734793188,1650
27184,0.8908624432603118,1650
86742,0.9855198829134618,1650
94890,0.8403336748134055,1650
94192,0.9534913353720693,1650
69968,0.9855198829134618,1650
35501,0.9605658709106984,1650
34552,0.9729318734793188,1650
95843,0.9729318734793188,1650
105491,0.9729318734793188,1650
58217,0.9534913353720693,1650
5455,0.9605658709106984,1650
40706,0.9855198829134618,1650
19892,0.9855198829134618,1650
83991,0.9729318734793188,1650
20460,0.9855198829134618,1650
29029,0.8403336748134055,1650
54142,0.9855198829134618,1650
22365,0.9729318734793188,1650
64144,0.9729318734793188,1650
12834,0.9729318734793188,1650
94995,0.9855198829134618,1650
2621,0.9855198829134618,1650
80589,0.9328165374677002,1650
21260,0.8403336748134055,1650
89259,0.9729318734793188,1650
33819,0.9294968363965049,1650
76754,0.9729318734793188,1650
78661,0.9855198829134618,1650
42034,0.9855198829134618,1650
310,0.9855198829134618,1650
90032,0.9294968363965049,1650
54190,0.7140039447731755,1650
25092,0.9855198829134618,1650
50868,0.9605658709106984,1650
1658,0.9855198829134618,1650
44008,0.878755364806867,1650
56243,0.9729318734793188,1650
95186,0.8908624432603118,1650
9956,0.9855198829134618,1650
93314,0.9855198829134618,1650
102273,0.9855198829134618,1650
55970,0.8403336748134055,1650
96085,0.468,1650
24964,0.8403336748134055,1650
106735,0.8908624432603118,1650
76459,0.9855198829134618,1650
145,0.8908624432603118,1650
61030,0.8263772954924875,1650
26177,0.9855198829134618,1650
96230,0.9294968363965049,1650
73568,0.8403336748134055,1650
14033,0.9855198829134618,1650
42441,0.9855198829134618,1650
29166,0.9855198829134618,1650
71137,0.8403336748134055,1650
94894,0.9605658709106984,1650
6860,0.8263772954924875,1650
58594,0.9855198829134618,1650
35195,0.9605658709106984,1650
94491,0.9534913353720693,1650
86974,0.9294968363965049,1650
53435,0.9855198829134618,1650
41508,0.468,1650
7742,0.8908624432603118,1650
95111,0.8908624432603118,1650
6525,0.9729318734793188,1650
60517,0.9534913353720693,1650
5268,0.9729318734793188,1650
110272,0.9855198829134618,1650
62240,0.9328165374677002,1650
15136,0.9729318734793188,1650
59555,0.9294968363965049,1650
43997,0.9855198829134618,1650
87010,0.8403336748134055,1650
59409,0.9855198829134618,1650
60950,0.8403336748134055,1650
82590,0.9294968363965049,1650
46837,0.9855198829134618,1650
87717,0.9855198829134618,1650
28762,0.8908624432603118,1650
98006,0.9855198829134618,1650
84154,0.9855198829134618,1650
23964,0.8403336748134055,1650
57454,0.9328165374677002,1650
12994,0.7140039447731755,1650
13641,0.9534913353720693,1650
65240,0.9605658709106984,1650
11048,0.9328165374677002,1650
32424,0.8908624432603118,1650
85759,0.9534913353720693,1650
69768,0.8908624432603118,1650
18847,0.9855198829134618,1650
93828,0.9855198829134618,1650
69232,0.9855198829134618,1650
23198,0.9855198829134618,1650
43965,0.6086956521739131,1650
46822,0.9855198829134618,1650
24737,0.9855198829134618,1650
100255,0.9729318734793188,1650
113507,0.9294968363965049,1650
80003,0.8403336748134055,1650
56522,0.9855198829134618,1650
5415,0.9855198829134618,1650
8964,0.9855198829134618,1650
104440,0.8607594936708861,1650
5597,0.9855198829134618,1650
21979,0.878755364806867,1650
22822,0.9729318734793188,1650
87786,0.9605658709106984,1650
104129,0.8908624432603118,1650
68359,0.9534913353720693,1650
34696,0.9855198829134618,1650
28801,0.9729318734793188,1650
108650,0.8403336748134055,1650
40930,0.9855198829134618,1650
19741,0.9855198829134618,1650
103670,0.8403336748134055,1650
96966,0.9855198829134618,1650
91680,0.8403336748134055,1650
72128,0.9855198829134618,1650
66385,0.8263772954924875,1650
42151,0.9605658709106984,1650
7389,0.9855198829134618,1650
42423,0.9855198829134618,1650
95434,0.9534913353720693,1650
103130,0.8403336748134055,1650
40532,0.9855198829134618,1650
79915,0.9855198829134618,1650
18007,0.8403336748134055,1650
23581,0.9294968363965049,1650
94889,0.9605658709106984,1650
43082,0.9855198829134618,1650
100507,0.9855198829134618,1650
74486,0.9855198829134618,1650
62511,0.9855198829134618,1650
3049,0.7116402116402116,1650
24759,0.6086956521739131,1650
93417,0.9605658709106984,1650
88581,0.9855198829134618,1650
44756,0.9605658709106984,1650
100144,0.9855198829134618,1650
103470,0.9855198829134618,1650
42145,0.9534913353720693,1650
13167,0.8908624432603118,1650
39525,0.9855198829134618,1650
51899,0.9855198829134618,1650
19170,0.9855198829134618,1650
32197,0.9855198829134618,1650
15171,0.9729318734793188,1650
81657,0.9855198829134618,1650
3181,0.9855198829134618,1650
84755,0.9534913353720693,1650
53432,0.9855198829134618,1650
108863,0.9855198829134618,1650
98307,0.9421383647798742,1650
7354,0.9534913353720693,1650
39959,0.9294968363965049,1650
50388,0.9729318734793188,1650
44594,0.9294968363965049,1650
47742,0.9855198829134618,1650
107680,0.8908624432603118,1650
78298,0.9534913353720693,1650
657,0.9534913353720693,1650
75745,0.9605658709106984,1650
93523,0.9605658709106984,1650
101981,0.9605658709106984,1650
103950,0.9534913353720693,1650
92836,0.9294968363965049,1650
37409,0.8263772954924875,1650
73311,0.9855198829134618,1650
97489,0.9729318734793188,1650
39427,0.8403336748134055,1650
15716,0.9855198829134618,1650
110166,0.9294968363965049,1650
83080,0.9855198829134618,1650
36340,0.8403336748134055,1650
2996,0.8263772954924875,1650
89608,0.6086956521739131,1650
76666,0.9328165374677002,1650
98374,0.9605658709106984,1650
11489,0.9855198829134618,1650
37977,0.9534913353720693,1650
8651,0.5986622073578596,1650
79403,0.9534913353720693,1650
91153,0.9605658709106984,1650
4871,0.9605658709106984,1650
23982,0.9534913353720693,1650
54530,0.9855198829134618,1650
57648,0.9855198829134618,1650
60578,0.9855198829134618,1650
24679,0.9855198829134618,1650
15086,0.9729318734793188,1650
60174,0.9729318734793188,1650
41363,0.8403336748134055,1650
82044,0.9855198829134618,1650
55975,0.9855198829134618,1650
78085,0.9855198829134618,1650
107846,0.9855198829134618,1650
29921,0.8403336748134055,1650
79900,0.9855198829134618,1650
49490,0.9729318734793188,1650
106895,0.9855198829134618,1650
35246,0.9605658709106984,1650
65041,0.9855198829134618,1650
38784,0.8403336748134055,1650
90799,0.9328165374677002,1650
92993,0.9855198829134618,1650
38234,0.9855198829134618,1650
81024,0.9328165374677002,1650
2951,0.9605658709106984,1650
54643,0.9855198829134618,1650
75113,0.9605658709106984,1650
96415,0.9855198829134618,1650
71311,0.9729318734793188,1650
71232,0.9855198829134618,1650
46857,0.9605658709106984,1650
89681,0.3236994219653179,1650
52722,0.9855198829134618,1650
75308,0.9855198829134618,1650
80239,0.9855198829134618,1650
83632,0.9421383647798742,1650
42979,0.9729318734793188,1650
70246,0.9855198829134618,1650
24657,0.9855198829134618,1650
79097,0.9534913353720693,1650
101744,0.9855198829134618,1650
59819,0.9534913353720693,1650
108973,0.9855198829134618,1650
70671,0.9294968363965049,1650
10749,0.9534913353720693,1650
37337,0.9534913353720693,1650
57576,0.72,1650
47367,0.9855198829134618,1650
3697,0.9729318734793188,1650
99635,0.8908624432603118,1650
53732,0.9855198829134618,1650
11476,0.9855198829134618,1650
64553,0.9855198829134618,1650
106997,0.8403336748134055,1650
87618,0.9855198829134618,1650
16459,0.9855198829134618,1650
12116,0.8403336748134055,1650
67922,0.9855198829134618,1650
103194,0.9855198829134618,1650
39039,0.9855198829134618,1650
48664,0.9855198829134618,1650
47582,0.9729318734793188,1650
50459,0.9328165374677002,1650
58582,0.878755364806867,1650
73646,0.9328165374677002,1650
42305,0.9855198829134618,1650
17823,0.9328165374677002,1650
17147,0.9855198829134618,1650
84523,0.9328165374677002,1650
36677,0.8908624432603118,1650
103184,0.9729318734793188,1650
75311,0.9855198829134618,1650
57818,0.8403336748134055,1650
12295,0.7140039447731755,1650
87463,0.9328165374677002,1650
66927,0.9855198829134618,1650
93619,0.9855198829134618,1650
9210,0.9855198829134618,1650
9802,0.9855198829134618,1650
75078,0.9328165374677002,1650
55171,0.8403336748134055,1650
89903,0.7140039447731755,1650
27408,0.8263772954924875,1650
97098,0.9855198829134618,1650
16948,0.9605658709106984,1650
4646,0.9328165374677002,1650
7737,0.9729318734793188,1650
20624,0.9855198829134618,1650
23206,0.9729318734793188,1650
75587,0.9328165374677002,1650
57965,0.8403336748134055,1650
13624,0.8403336748134055,1650
96650,0.9855198829134618,1650
9585,0.9534913353720693,1650
1044,0.9855198829134618,1650
97407,0.9328165374677002,1650
9757,0.9855198829134618,1650
69297,0.9855198829134618,1650
16821,0.9855198829134618,1650
47336,0.9328165374677002,1650
16246,0.8403336748134055,1650
73139,0.878755364806867,1650
648,0.9294968363965049,1650
456,0.8908624432603118,1650
54649,0.9534913353720693,1650
32033,0.9534913353720693,1650
60852,0.9855198829134618,1650
75808,0.9328165374677002,1650
68568,0.9729318734793188,1650
6271,0.9328165374677002,1650
101322,0.9855198829134618,1650
7069,0.9534913353720693,1650
105603,0.9729318734793188,1650
102833,0.9328165374677002,1650
17614,0.9729318734793188,1650
102784,0.7140039447731755,1650
100198,0.8403336748134055,1650
66028,0.9855198829134618,1650
65798,0.8908624432603118,1650
19701,0.9855198829134618,1650
43768,0.9729318734793188,1650
83723,0.9534913353720693,1650
7045,0.9855198829134618,1650
109203,0.9605658709106984,1650
109543,0.9855198829134618,1650
103926,0.9855198829134618,1650
108109,0.9855198829134618,1650
109773,0.9855198829134618,1650
20520,0.8403336748134055,1650
105051,0.9855198829134618,1650
25814,0.9855198829134618,1650
30797,0.9729318734793188,1650
84322,0.9855198829134618,1650
64381,0.9729318734793188,1650
43240,0.9855198829134618,1650
102166,0.9605658709106984,1650
87888,0.9855198829134618,1650
18060,0.9855198829134618,1650
449,0.9729318734793188,1650
94874,0.9294968363965049,1650
13227,0.9328165374677002,1650
5663,0.9855198829134618,1650
61927,0.9294968363965049,1650
110216,0.8403336748134055,1650
95772,0.9855198829134618,1650
23264,0.9855198829134618,1650
6494,0.9855198829134618,1650
81953,0.9855198829134618,1650
30215,0.9729318734793188,1650
82294,0.9855198829134618,1650
58436,0.9605658709106984,1650
51926,0.6086956521739131,1650
73911,0.9855198829134618,1650
70150,0.9855198829134618,1650
85365,0.9855198829134618,1650
27477,0.9534913353720693,1650
110929,0.468,1650
110260,0.9729318734793188,1650
34679,0.9855198829134618,1650
40232,0.9605658709106984,1650
107537,0.9855198829134618,1650
49298,0.8403336748134055,1650
39006,0.9729318734793188,1650
159,0.8403336748134055,1650
34898,0.9855198829134618,1650
17777,0.9294968363965049,1650
35185,0.9729318734793188,1650
58687,0.9855198829134618,1650
83305,0.9855198829134618,1650
23102,0.9605658709106984,1650
1539,0.9855198829134618,1650
81817,0.9729318734793188,1650
1,0.9534913353720693,1650
25754,0.9294968363965049,1650
11200,0.9855198829134618,1650
58196,0.9729318734793188,1650
56638,0.9729318734793188,1650
109234,0.9855198829134618,1650
3020,0.9855198829134618,1650
225,0.9328165374677002,1650
23058,0.9855198829134618,1650
103779,0.9855198829134618,1650
32621,0.9855198829134618,1650
77835,0.9855198829134618,1650
58724,0.9855198829134618,1650
13394,0.3236994219653179,1650
56683,0.9729318734793188,1650
56792,0.9729318734793188,1650
44633,0.9855198829134618,1650
48850,0.9855198829134618,1650
95949,0.9855198829134618,1650
6508,0.9729318734793188,1650
84468,0.9855198829134618,1650
683,0.9855198829134618,1650
43605,0.9605658709106984,1650
21793,0.9328165374677002,1650
85851,0.3236994219653179,1650
105712,0.9421383647798742,1650
15377,0.9855198829134618,1650
33190,0.9855198829134618,1650
21186,0.9855198829134618,1650
849,0.9294968363965049,1650
75343,0.9855198829134618,1650
60588,0.9855198829134618,1650
60386,0.8908624432603118,1650
11950,0.9729318734793188,1650
30596,0.9605658709106984,1650
56465,0.8908624432603118,1650
25106,0.9294968363965049,1650
52753,0.9729318734793188,1650
24203,0.5986622073578596,1650
19018,0.9534913353720693,1650
33689,0.8403336748134055,1650
87494,0.9855198829134618,1650
20517,0.9328165374677002,1650
60611,0.9855198829134618,1650
97125,0.9534913353720693,1650
12762,0.9605658709106984,1650
16393,0.9855198829134618,1650
3174,0.9534913353720693,1650
21745,0.5986622073578596,1650
47268,0.9729318734793188,1650
10699,0.9534913353720693,1650
105764,0.9729318734793188,1650
44225,0.9534913353720693,1650
724,0.9855198829134618,1650
28363,0.9294968363965049,1650
46100,0.8908624432603118,1650
35324,0.9855198829134618,1650
7349,0.9855198829134618,1650
30251,0.9855198829134618,1650
71644,0.9855198829134618,1650
101202,0.9729318734793188,1650
112914,0.9729318734793188,1650
28740,0.9328165374677002,1650
104688,0.9855198829134618,1650
13430,0.8908624432603118,1650
55065,0.9855198829134618,1650
47136,0.9855198829134618,1650
6902,0.8403336748134055,1650
9508,0.9729318734793188,1650
6638,0.9855198829134618,1650
84920,0.8403336748134055,1650
39404,0.9855198829134618,1650
78003,0.8263772954924875,1650
102252,0.9534913353720693,1650
25630,0.9534913353720693,1650
15560,0.9729318734793188,1650
30226,0.9855198829134618,1650
5134,0.9855198829134618,1650
72546,0.9855198829134618,1650
37006,0.9855198829134618,1650
29518,0.9855198829134618,1650
63599,0.9729318734793188,1650
87453,0.9855198829134618,1650
80937,0.8263772954924875,1650
51053,0.9855198829134618,1650
16499,0.9855198829134618,1650
29835,0.9729318734793188,1650
75028,0.9729318734793188,1650
83237,0.9855198829134618,1650
79407,0.8403336748134055,1650
20355,0.9294968363965049,1650
11627,0.9605658709106984,1650
26723,0.9729318734793188,1650
56848,0.9729318734793188,1650
46177,0.7116402116402116,1650
73714,0.9534913353720693,1650
17132,0.9855198829134618,1650
59853,0.9855198829134618,1650
103535,0.9534913353720693,1650
111674,0.8908624432603118,1650
21086,0.9855198829134618,1650
30763,0.9729318734793188,1650
40158,0.9855198829134618,1650
65677,0.9855198829134618,1650
76890,0.9534913353720693,1650
23395,0.9729318734793188,1650
109939,0.9294968363965049,1650
54838,0.9855198829134618,1650
12715,0.9855198829134618,1650
22168,0.9855198829134618,1650
110013,0.9855198829134618,1650
70642,0.9294968363965049,1650
10712,0.9855198829134618,1650
41575,0.9855198829134618,1650
36659,0.9294968363965049,1650
52158,0.9855198829134618,1650
81295,0.468,1650
66252,0.9855198829134618,1650
29222,0.9855198829134618,1650
57577,0.9534913353720693,1650
61007,0.9855198829134618,1650
92351,0.9855198829134618,1650
41668,0.9855198829134618,1650
51696,0.9729318734793188,1650
54998,0.7140039447731755,1650
51993,0.9534913353720693,1650
12556,0.9534913353720693,1650
36854,0.3236994219653179,1650
44524,0.9855198829134618,1650
21688,0.9855198829134618,1650
72689,0.9534913353720693,1650
29655,0.8607594936708861,1650
1960,0.9855198829134618,1650
640,0.9855198829134618,1650
45170,0.9729318734793188,1650
103253,0.9855198829134618,1650
81998,0.9534913353720693,1650
79061,0.9729318734793188,1650
43292,0.878755364806867,1650
103999,0.9534913353720693,1650
43680,0.8263772954924875,1650
184,0.9729318734793188,1650
77909,0.9855198829134618,1650
44212,0.8403336748134055,1650
38871,0.9729318734793188,1650
85657,0.9328165374677002,1650
15300,0.9855198829134618,1650
25703,0.9294968363965049,1650
60253,0.9729318734793188,1650
93076,0.9534913353720693,1650
48669,0.9605658709106984,1650
23541,0.8403336748134055,1650
26698,0.9855198829134618,1650
6933,0.9855198829134618,1650
18928,0.9855198829134618,1650
77382,0.8908624432603118,1650
27895,0.9729318734793188,1650
87214,0.878755364806867,1650
62958,0.9855198829134618,1650
22684,0.6086956521739131,1650
52744,0.9855198829134618,1650
78495,0.878755364806867,1650
101355,0.9534913353720693,1650
33775,0.9855198829134618,1650
15760,0.8908624432603118,1650
50979,0.9855198829134618,1650
71697,0.9855198829134618,1650
68071,0.9534913353720693,1650
110967,0.9294968363965049,1650
19099,0.8908624432603118,1650
28333,0.9605658709106984,1650
97465,0.9294968363965049,1650
28549,0.9855198829134618,1650
41416,0.8403336748134055,1650
8155,0.9294968363965049,1650
85906,0.9729318734793188,1650
76166,0.8403336748134055,1650
85646,0.5373831775700935,1650
50042,0.9855198829134618,1650
95224,0.9605658709106984,1650
19153,0.9855198829134618,1650
11152,0.9421383647798742,1650
105172,0.9294968363965049,1650
88007,0.9855198829134618,1650
27612,0.9855198829134618,1650
93418,0.8403336748134055,1650
43179,0.7116402116402116,1650
47584,0.9605658709106984,1650
5006,0.9605658709106984,1650
94512,0.468,1650
101714,0.9729318734793188,1650
100229,0.9855198829134618,1650
60977,0.9328165374677002,1650
101404,0.9729318734793188,1650
71187,0.8403336748134055,1650
43394,0.9855198829134618,1650
28455,0.9855198829134618,1650
20177,0.9534913353720693,1650
49923,0.9855198829134618,1650
62775,0.8403336748134055,1650
14326,0.9729318734793188,1650
53418,0.9855198829134618,1650
46174,0.8908624432603118,1650
23007,0.8403336748134055,1650
65951,0.8403336748134055,1650
98246,0.8403336748134055,1650
48070,0.9328165374677002,1650
61098,0.9855198829134618,1650
79802,0.9855198829134618,1650
6276,0.9855198829134618,1650
27814,0.9855198829134618,1650
49133,0.8403336748134055,1650
25325,0.9855198829134618,1650
8523,0.9729318734793188,1650
7469,0.8403336748134055,1650
23112,0.9855198829134618,1650
29093,0.9855198829134618,1650
87048,0.9605658709106984,1650
41750,0.8403336748134055,1650
91852,0.9328165374677002,1650
62287,0.9855198829134618,1650
80084,0.9855198829134618,1650
105736,0.9855198829134618,1650
49087,0.9729318734793188,1650
69339,0.9855198829134618,1650
92392,0.9855198829134618,1650
63901,0.9855198829134618,1650
15947,0.9855198829134618,1650
109779,0.9294968363965049,1650
17888,0.8403336748134055,1650
49537,0.9855198829134618,1650
29168,0.9729318734793188,1650
108657,0.9855198829134618,1650
64567,0.9729318734793188,1650
85433,0.9328165374677002,1650
49407,0.9294968363965049,1650
43293,0.9855198829134618,1650
82123,0.8403336748134055,1650
50156,0.9534913353720693,1650
16408,0.9855198829134618,1650
74880,0.9534913353720693,1650
28618,0.9855198829134618,1650
59450,0.9729318734793188,1650
13473,0.9605658709106984,1650
90777,0.9855198829134618,1650
76382,0.9605658709106984,1650
70661,0.9294968363965049,1650
2359,0.9605658709106984,1650
38699,0.9729318734793188,1650
96221,0.9855198829134618,1650
13773,0.9855198829134618,1650
49465,0.9534913353720693,1650
96968,0.9605658709106984,1650
30882,0.8403336748134055,1650
24188,0.8403336748134055,1650
62733,0.9855198829134618,1650
4561,0.9605658709106984,1650
19860,0.9294968363965049,1650
36221,0.9855198829134618,1650
50344,0.9855198829134618,1650
80384,0.9729318734793188,1650
18530,0.878755364806867,1650
3720,0.9855198829134618,1650
71372,0.9729318734793188,1650
98902,0.8908624432603118,1650
102503,0.9855198829134618,1650
52805,0.8607594936708861,1650
108748,0.9534913353720693,1650
102877,0.9855198829134618,1650
85275,0.9534913353720693,1650
22864,0.8403336748134055,1650
99218,0.9855198829134618,1650
106793,0.9855198829134618,1650
28015,0.9328165374677002,1650
52597,0.9605658709106984,1650
54840,0.9855198829134618,1650
73723,0.8403336748134055,1650
100352,0.9855198829134618,1650
2790,0.8908624432603118,1650
26989,0.9605658709106984,1650
14095,0.9855198829134618,1650
43994,0.8263772954924875,1650
88124,0.7140039447731755,1650
52323,0.9855198829134618,1650
88611,0.9729318734793188,1650
107242,0.9855198829134618,1650
70112,0.9855198829134618,1650
39973,0.8908624432603118,1650
8986,0.9855198829134618,1650
18092,0.9855198829134618,1650
65164,0.7140039447731755,1650
42881,0.8403336748134055,1650
87572,0.8403336748134055,1650
56379,0.9855198829134618,1650
101982,0.9855198829134618,1650
112671,0.9855198829134618,1650
86626,0.9855198829134618,1650
18485,0.9855198829134618,1650
52156,0.9294968363965049,1650
78813,0.8403336748134055,1650
6746,0.9855198829134618,1650
103875,0.8908624432603118,1650
16596,0.8263772954924875,1650
78444,0.9855198829134618,1650
106738,0.9729318734793188,1650
27777,0.9605658709106984,1650
41259,0.8908624432603118,1650
51359,0.9855198829134618,1650
76343,0.9605658709106984,1650
33168,0.9855198829134618,1650
65437,0.9855198829134618,1650
84133,0.8403336748134055,1650
53706,0.9605658709106984,1650
101379,0.468,1650
47447,0.9605658709106984,1650
95875,0.9855198829134618,1650
25733,0.9534913353720693,1650
51951,0.9534913353720693,1650
89516,0.9729318734793188,1650
100145,0.8908624432603118,1650
52618,0.8403336748134055,1650
29859,0.8403336748134055,1650
38112,0.9855198829134618,1650
104283,0.8403336748134055,1650
8198,0.9729318734793188,1650
106726,0.9855198829134618,1650
23132,0.9855198829134618,1650
110941,0.9605658709106984,1650
87576,0.9855198829134618,1650
84512,0.9855198829134618,1650
32279,0.9294968363965049,1650
96605,0.9855198829134618,1650
92279,0.9294968363965049,1650
110968,0.9421383647798742,1650
111508,0.8403336748134055,1650
95149,0.9605658709106984,1650
29753,0.9605658709106984,1650
37292,0.8403336748134055,1650
75464,0.9855198829134618,1650
75809,0.9294968363965049,1650
41528,0.9729318734793188,1650
15955,0.878755364806867,1650
105525,0.9855198829134618,1650
36273,0.6086956521739131,1650
1758,0.9855198829134618,1650
10584,0.8403336748134055,1650
71206,0.8908624432603118,1650
64520,0.9855198829134618,1650
38077,0.9855198829134618,1650
104565,0.9855198829134618,1650
95831,0.7140039447731755,1650
25626,0.9534913353720693,1650
104371,0.9729318734793188,1650
41661,0.9605658709106984,1650
113008,0.9855198829134618,1650
113430,0.878755364806867,1650
3435,0.9855198829134618,1650
95896,0.9855198829134618,1650
37266,0.9855198829134618,1650
84334,0.9855198829134618,1650
21324,0.8908624432603118,1650
4957,0.7601626016260162,1650
33529,0.9855198829134618,1650
65015,0.9328165374677002,1650
89436,0.9729318734793188,1650
88305,0.8263772954924875,1650
84782,0.9855198829134618,1650
88036,0.9605658709106984,1650
110014,0.8403336748134055,1650
14991,0.9605658709106984,1650
30523,0.8403336748134055,1650
60597,0.9534913353720693,1650
20277,0.9534913353720693,1650
14025,0.9729318734793188,1650
25478,0.9855198829134618,1650
43253,0.9855198829134618,1650
48724,0.9855198829134618,1650
68704,0.9855198829134618,1650
67415,0.9605658709106984,1650
17615,0.9729318734793188,1650
85813,0.878755364806867,1650
90481,0.9855198829134618,1650
28050,0.9729318734793188,1650
64251,0.8403336748134055,1650
41603,0.9855198829134618,1650
13789,0.9534913353720693,1650
30735,0.9729318734793188,1650
82978,0.9605658709106984,1650
392,0.9534913353720693,1650
86319,0.9534913353720693,1650
22367,0.9729318734793188,1650
25279,0.5986622073578596,1650
54038,0.9855198829134618,1650
58455,0.9605658709106984,1650
43081,0.9855198829134618,1650
107356,0.9328165374677002,1650
36827,0.9855198829134618,1650
96954,0.9855198829134618,1650
104269,0.9855198829134618,1650
91628,0.8263772954924875,1650
103439,0.9855198829134618,1650
98340,0.7601626016260162,1650
45620,0.9855198829134618,1650
10419,0.8908624432603118,1650
62494,0.9855198829134618,1650
9743,0.9855198829134618,1650
16358,0.9294968363965049,1650
105850,0.9605658709106984,1650
15076,0.8403336748134055,1650
79763,0.9729318734793188,1650
42869,0.9855198829134618,1650
15192,0.9729318734793188,1650
88593,0.9605658709106984,1650
102922,0.8908624432603118,1650
78273,0.9855198829134618,1650
92331,0.9729318734793188,1650
21116,0.8263772954924875,1650
22857,0.7116402116402116,1650
79717,0.9855198829134618,1650
113425,0.9855198829134618,1650
36901,0.9855198829134618,1650
6718,0.5784313725490197,1650
109449,0.7116402116402116,1650
67438,0.9855198829134618,1650
89484,0.9534913353720693,1650
53437,0.8403336748134055,1650
90942,0.8403336748134055,1650
100013,0.9729318734793188,1650
88185,0.8908624432603118,1650
8257,0.8403336748134055,1650
52941,0.9855198829134618,1650
51989,0.9294968363965049,1650
111237,0.9855198829134618,1650
22006,0.9855198829134618,1650
42458,0.9328165374677002,1650
2090,0.9855198829134618,1650
62812,0.9294968363965049,1650
17911,0.9855198829134618,1650
73653,0.9534913353720693,1650
49794,0.9729318734793188,1650
52343,0.9855198829134618,1650
75675,0.9855198829134618,1650
84540,0.9534913353720693,1650
65493,0.9729318734793188,1650
66398,0.878755364806867,1650
35338,0.9855198829134618,1650
12998,0.9534913353720693,1650
36150,0.9534913353720693,1650
77406,0.9855198829134618,1650
106766,0.9534913353720693,1650
99185,0.9855198829134618,1650
85096,0.9855198829134618,1650
111170,0.9855198829134618,1650
81711,0.9729318734793188,1650
26323,0.8403336748134055,1650
26850,0.9605658709106984,1650
73393,0.9729318734793188,1650
23737,0.9729318734793188,1650
41896,0.9855198829134618,1650
56562,0.9855198829134618,1650
112285,0.9855198829134618,1650
75061,0.7601626016260162,1650
32538,0.9855198829134618,1650
81041,0.8403336748134055,1650
33094,0.9855198829134618,1650
29258,0.8403336748134055,1650
11086,0.9855198829134618,1650
50065,0.9729318734793188,1650
111034,0.9855198829134618,1650
11905,0.9328165374677002,1650
68654,0.9605658709106984,1650
7513,0.9729318734793188,1650
20783,0.9534913353720693,1650
75351,0.9294968363965049,1650
18088,0.8403336748134055,1650
102801,0.9605658709106984,1650
98017,0.7601626016260162,1650
1503,0.8263772954924875,1650
90062,0.9729318734793188,1650
108407,0.8403336748134055,1650
52194,0.9294968363965049,1650
18120,0.9855198829134618,1650
79054,0.9855198829134618,1650
41227,0.8908624432603118,1650
46683,0.9534913353720693,1650
7307,0.9855198829134618,1650
48355,0.9855198829134618,1650
87477,0.8263772954924875,1650
8162,0.8908624432603118,1650
4216,0.9855198829134618,1650
8586,0.9855198829134618,1650
96618,0.9605658709106984,1650
67452,0.9421383647798742,1650
27063,0.6086956521739131,1650
58718,0.9729318734793188,1650
74648,0.9855198829134618,1650
59038,0.8607594936708861,1650
59187,0.9855198829134618,1650
99269,0.8403336748134055,1650
68508,0.9421383647798742,1650
60654,0.9855198829134618,1650
29421,0.9855198829134618,1650
109514,0.8908624432603118,1650
51159,0.9328165374677002,1650
34072,0.9534913353720693,1650
7516,0.5373831775700935,1650
68107,0.8263772954924875,1650
54103,0.9855198829134618,1650
24409,0.9534913353720693,1650
41356,0.468,1650
48666,0.9729318734793188,1650
19092,0.9855198829134618,1650
78360,0.9605658709106984,1650
65349,0.9729318734793188,1650
36038,0.9855198829134618,1650
52298,0.9729318734793188,1650
100486,0.9855198829134618,1650
98604,0.9855198829134618,1650
4081,0.7601626016260162,1650
29305,0.9534913353720693,1650
60928,0.9855198829134618,1650
17101,0.9729318734793188,1650
82742,0.9855198829134618,1650
7679,0.9729318734793188,1650
82420,0.9534913353720693,1650
32335,0.9605658709106984,1650
52632,0.9855198829134618,1650
49089,0.9855198829134618,1650
72431,0.9294968363965049,1650
10173,0.9605658709106984,1650
92730,0.9729318734793188,1650
52013,0.9855198829134618,1650
94768,0.9534913353720693,1650
42252,0.9534913353720693,1650
33176,0.9855198829134618,1650
108093,0.9729318734793188,1650
3351,0.8908624432603118,1650
83262,0.8403336748134055,1650
102890,0.9855198829134618,1650
105596,0.9855198829134618,1650
72384,0.9729318734793188,1650
105412,0.9328165374677002,1650
47356,0.8403336748134055,1650
13203,0.9855198829134618,1650
7252,0.9855198829134618,1650
19691,0.9855198829134618,1650
38992,0.9328165374677002,1650
63743,0.9855198829134618,1650
98702,0.8908624432603118,1650
96237,0.9855198829134618,1650
88691,0.9294968363965049,1650
103030,0.9855198829134618,1650
25391,0.8908624432603118,1650
36366,0.9605658709106984,1650
39245,0.9855198829134618,1650
17212,0.9855198829134618,1650
104873,0.9729318734793188,1650
5608,0.9605658709106984,1650
112066,0.9855198829134618,1650
79380,0.8403336748134055,1650
75887,0.9855198829134618,1650
11084,0.9855198829134618,1650
35813,0.9294968363965049,1650
109295,0.9855198829134618,1650
34000,0.6086956521739131,1650
98826,0.9855198829134618,1650
30382,0.9855198829134618,1650
38443,0.9855198829134618,1650
92370,0.8908624432603118,1650
67325,0.9605658709106984,1650
112665,0.9729318734793188,1650
24287,0.9294968363965049,1650
87723,0.9855198829134618,1650
55216,0.9855198829134618,1650
57677,0.8403336748134055,1650
41872,0.9855198829134618,1650
92174,0.7601626016260162,1650
17213,0.8403336748134055,1650
11322,0.9605658709106984,1650
40543,0.8403336748134055,1650
74893,0.9855198829134618,1650
31907,0.9855198829134618,1650
84485,0.8908624432603118,1650
36697,0.9855198829134618,1650
9469,0.9534913353720693,1650
75242,0.8908624432603118,1650
45866,0.9855198829134618,1650
93705,0.9855198829134618,1650
88155,0.9294968363965049,1650
19964,0.9605658709106984,1650
101962,0.9855198829134618,1650
5823,0.9855198829134618,1650
32459,0.9855198829134618,1650
113854,0.9328165374677002,1650
85688,0.9855198829134618,1650
62227,0.6086956521739131,1650
102558,0.8908624432603118,1650
71553,0.9729318734793188,1650
43450,0.9729318734793188,1650
113774,0.8908624432603118,1650
61954,0.8908624432603118,1650
96783,0.9855198829134618,1650
41247,0.9605658709106984,1650
3520,0.9534913353720693,1650
12567,0.9534913353720693,1650
44926,0.9729318734793188,1650
68091,0.8403336748134055,1650
54808,0.9855198829134618,1650
2834,0.8263772954924875,1650
73214,0.9855198829134618,1650
14287,0.9855198829134618,1650
11157,0.8908624432603118,1650
3212,0.9729318734793188,1650
42133,0.9729318734793188,1650
76679,0.9855198829134618,1650
97426,0.9421383647798742,1650
36465,0.8263772954924875,1650
20297,0.9294968363965049,1650
107768,0.8403336748134055,1650
72245,0.9328165374677002,1650
16130,0.878755364806867,1650
69208,0.9729318734793188,1650
30287,0.9534913353720693,1650
26658,0.9294968363965049,1650
92296,0.9855198829134618,1650
17152,0.9605658709106984,1650
7588,0.9729318734793188,1650
40186,0.9294968363965049,1650
101843,0.9855198829134618,1650
47902,0.9729318734793188,1650
60440,0.9855198829134618,1650
33239,0.9534913353720693,1650
75452,0.6086956521739131,1650
53797,0.9855198829134618,1650
59523,0.9729318734793188,1650
36674,0.9855198829134618,1650
86070,0.9855198829134618,1650
19679,0.878755364806867,1650
6506,0.9855198829134618,1650
45613,0.9855198829134618,1650
97135,0.8263772954924875,1650
96485,0.9855198829134618,1650
106777,0.9855198829134618,1650
106049,0.9855198829134618,1650
2113,0.8403336748134055,1650
3015,0.8607594936708861,1650
87094,0.9534913353720693,1650
75827,0.9729318734793188,1650
83492,0.8403336748134055,1650
44669,0.9855198829134618,1650
87376,0.8908624432603118,1650
6192,0.9729318734793188,1650
46248,0.9855198829134618,1650
81210,0.8908624432603118,1650
42691,0.9534913353720693,1650
40582,0.9855198829134618,1650
111777,0.9855198829134618,1650
52170,0.9605658709106984,1650
77332,0.9855198829134618,1650
107532,0.8403336748134055,1650
10836,0.8908624432603118,1650
108481,0.9855198829134618,1650
89777,0.9729318734793188,1650
66062,0.9729318734793188,1650
2989,0.9855198829134618,1650
50000,0.9729318734793188,1650
89661,0.8908624432603118,1650
83740,0.9855198829134618,1650
75845,0.9729318734793188,1650
34238,0.9855198829134618,1650
88501,0.9534913353720693,1650
97973,0.9294968363965049,1650
56726,0.9855198829134618,1650
11970,0.9729318734793188,1650
96502,0.9729318734793188,1650
12247,0.9855198829134618,1650
8806,0.9855198829134618,1650
37088,0.9855198829134618,1650
61829,0.9605658709106984,1650
20035,0.9855198829134618,1650
77629,0.9534913353720693,1650
14952,0.8403336748134055,1650
80668,0.72,1650
80066,0.7140039447731755,1650
99797,0.9855198829134618,1650
68301,0.9855198829134618,1650
42009,0.8263772954924875,1650
10900,0.8908624432603118,1650
108203,0.8908624432603118,1650
109888,0.9855198829134618,1650
96110,0.9855198829134618,1650
47399,0.8403336748134055,1650
108550,0.9855198829134618,1650
43587,0.9729318734793188,1650
4132,0.9729318734793188,1650
83249,0.9534913353720693,1650
89815,0.9421383647798742,1650
24462,0.9855198829134618,1650
31609,0.8908624432603118,1650
78024,0.9855198829134618,1650
3849,0.9855198829134618,1650
90064,0.9294968363965049,1650
56033,0.9855198829134618,1650
99517,0.9534913353720693,1650
58162,0.9605658709106984,1650
74309,0.9534913353720693,1650
29877,0.9855198829134618,1650
109446,0.9328165374677002,1650
95833,0.9729318734793188,1650
43748,0.9534913353720693,1650
110677,0.8908624432603118,1650
74742,0.9729318734793188,1650
5757,0.9855198829134618,1650
82850,0.9855198829134618,1650
45261,0.9855198829134618,1650
29547,0.9534913353720693,1650
5423,0.9855198829134618,1650
71666,0.9855198829134618,1650
109613,0.9855198829134618,1650
47621,0.9605658709106984,1650
105669,0.9729318734793188,1650
59653,0.8908624432603118,1650
41520,0.9855198829134618,1650
56907,0.9855198829134618,1650
80683,0.7601626016260162,1650
6316,0.9729318734793188,1650
89748,0.9855198829134618,1650
76080,0.9605658709106984,1650
97091,0.5373831775700935,1650
49232,0.9729318734793188,1650
30700,0.9855198829134618,1650
100978,0.9855198829134618,1650
59545,0.9729318734793188,1650
85797,0.8263772954924875,1650
79287,0.8403336748134055,1650
107113,0.9605658709106984,1650
66595,0.9729318734793188,1650
3513,0.9605658709106984,1650
6675,0.9855198829134618,1650
44985,0.9855198829134618,1650
62659,0.9534913353720693,1650
61892,0.878755364806867,1650
108478,0.9534913353720693,1650
43039,0.9855198829134618,1650
101148,0.9855198829134618,1650
14209,0.9534913353720693,1650
63730,0.9605658709106984,1650
109435,0.9534913353720693,1650
99464,0.9855198829134618,1650
109423,0.9855198829134618,1650
64234,0.9855198829134618,1650
26734,0.9328165374677002,1650
38404,0.9534913353720693,1650
105137,0.8403336748134055,1650
77880,0.9855198829134618,1650
29146,0.8908624432603118,1650
60719,0.9729318734793188,1650
97311,0.9855198829134618,1650
85286,0.9855198829134618,1650
59677,0.9855198829134618,1650
99127,0.9855198829134618,1650
42374,0.878755364806867,1650
8345,0.468,1650
113152,0.9855198829134618,1650
71717,0.9855198829134618,1650
6845,0.8403336748134055,1650
72680,0.9605658709106984,1650
26495,0.8908624432603118,1650
8487,0.9855198829134618,1650
3632,0.9855198829134618,1650
60556,0.9605658709106984,1650
74641,0.9855198829134618,1650
110751,0.9605658709106984,1650
54874,0.9855198829134618,1650
93363,0.9729318734793188,1650
40318,0.9855198829134618,1650
47622,0.9534913353720693,1650
66310,0.9534913353720693,1650
97841,0.9605658709106984,1650
19597,0.9855198829134618,1650
27923,0.9855198829134618,1650
8439,0.9729318734793188,1650
43416,0.9534913353720693,1650
27293,0.8263772954924875,1650
32707,0.9534913353720693,1650
48085,0.9328165374677002,1650
107195,0.9855198829134618,1650
22441,0.9855198829134618,1650
21619,0.9855198829134618,1650
5926,0.9605658709106984,1650
32277,0.9855198829134618,1650
41838,0.8403336748134055,1650
25013,0.9605658709106984,1650
5441,0.9605658709106984,1650
93882,0.9605658709106984,1650
20672,0.9855198829134618,1650
42229,0.9855198829134618,1650
54092,0.878755364806867,1650
13447,0.9729318734793188,1650
84266,0.9855198829134618,1650
14977,0.8263772954924875,1650
28717,0.8908624432603118,1650
35995,0.8403336748134055,1650
44207,0.9294968363965049,1650
28556,0.7116402116402116,1650
60666,0.9855198829134618,1650
84155,0.9534913353720693,1650
111601,0.8403336748134055,1650
38686,0.9534913353720693,1650
48798,0.9294968363965049,1650
22289,0.9855198829134618,1650
84269,0.8263772954924875,1650
34304,0.7140039447731755,1650
86404,0.8403336748134055,1650
40792,0.9294968363965049,1650
91035,0.9605658709106984,1650
87712,0.9534913353720693,1650
67495,0.9328165374677002,1650
14092,0.9534913353720693,1650
111390,0.9855198829134618,1650
66416,0.9855198829134618,1650
31670,0.9855198829134618,1650
26300,0.8607594936708861,1650
101169,0.5784313725490197,1650
37413,0.8403336748134055,1650
44385,0.9534913353720693,1650
61396,0.7116402116402116,1650
103988,0.9855198829134618,1650
88726,0.9534913353720693,1650
26561,0.8403336748134055,1650
54774,0.5784313725490197,1650
56332,0.9534913353720693,1650
43187,0.8403336748134055,1650
47597,0.9855198829134618,1650
45643,0.9729318734793188,1650
49148,0.9534913353720693,1650
68735,0.9855198829134618,1650
83437,0.9534913353720693,1650
101246,0.7140039447731755,1650
59410,0.9294968363965049,1650
113968,0.9855198829134618,1650
67517,0.9855198829134618,1650
105180,0.9855198829134618,1650
41995,0.9855198829134618,1650
68731,0.9855198829134618,1650
25238,0.9855198829134618,1650
83875,0.9855198829134618,1650
80205,0.9534913353720693,1650
40839,0.9855198829134618,1650
98095,0.8607594936708861,1650
50825,0.9294968363965049,1650
57810,0.9855198829134618,1650
23576,0.9855198829134618,1650
108297,0.9855198829134618,1650
84887,0.8403336748134055,1650
31417,0.8403336748134055,1650
86106,0.8403336748134055,1650
79949,0.9855198829134618,1650
112995,0.9328165374677002,1650
56802,0.9855198829134618,1650
18099,0.9855198829134618,1650
105675,0.8263772954924875,1650
21921,0.9855198829134618,1650
28516,0.9328165374677002,1650
106664,0.9855198829134618,1650
43264,0.9534913353720693,1650
100963,0.9855198829134618,1650
1237,0.9534913353720693,1650
54022,0.8908624432603118,1650
12109,0.8908624432603118,1650
56457,0.9855198829134618,1650
33830,0.8403336748134055,1650
29616,0.8403336748134055,1650
28628,0.8403336748134055,1650
43388,0.8403336748134055,1650
21579,0.9729318734793188,1650
77786,0.9855198829134618,1650
69041,0.8403336748134055,1650
84959,0.8908624432603118,1650
38951,0.9729318734793188,1650
66368,0.9855198829134618,1650
14936,0.8263772954924875,1650
71150,0.9855198829134618,1650
82187,0.9729318734793188,1650
22580,0.9534913353720693,1650
90848,0.7140039447731755,1650
31893,0.9855198829134618,1650
44371,0.9534913353720693,1650
12828,0.9534913353720693,1650
2149,0.9855198829134618,1650
79998,0.9729318734793188,1650
3524,0.9855198829134618,1650
59009,0.8908624432603118,1650
37154,0.9294968363965049,1650
102316,0.9605658709106984,1650
48796,0.9605658709106984,1650
50398,0.7140039447731755,1650
28275,0.9855198829134618,1650
19491,0.9534913353720693,1650
108483,0.9534913353720693,1650
107959,0.9855198829134618,1650
12309,0.9855198829134618,1650
70951,0.3236994219653179,1650
58137,0.9294968363965049,1650
80592,0.9534913353720693,1650
112267,0.9605658709106984,1650
3412,0.9855198829134618,1650
72126,0.9534913353720693,1650
78826,0.8403336748134055,1650
84163,0.9328165374677002,1650
11934,0.9855198829134618,1650
91095,0.9855198829134618,1650
110236,0.9534913353720693,1650
54735,0.9855198829134618,1650
82726,0.9729318734793188,1650
12210,0.9534913353720693,1650
24110,0.9855198829134618,1650
72003,0.9855198829134618,1650
67380,0.9855198829134618,1650
49084,0.8403336748134055,1650
22266,0.8263772954924875,1650
17181,0.9421383647798742,1650
80907,0.9855198829134618,1650
105687,0.9534913353720693,1650
4687,0.9855198829134618,1650
67082,0.9294968363965049,1650
80372,0.9294968363965049,1650
77471,0.8263772954924875,1650
685,0.9855198829134618,1650
57946,0.9855198829134618,1650
57322,0.6086956521739131,1650
112736,0.9855198829134618,1650
43335,0.9855198829134618,1650
24171,0.468,1650
32743,0.9855198829134618,1650
37625,0.9534913353720693,1650
90447,0.8461538461538461,1650
68883,0.9855198829134618,1650
71912,0.9855198829134618,1650
14869,0.8607594936708861,1650
1092,0.8908624432603118,1650
78168,0.8908624432603118,1650
23450,0.9855198829134618,1650
81071,0.9855198829134618,1650
71987,0.9855198829134618,1650
68199,0.9605658709106984,1650
82900,0.9605658709106984,1650
10695,0.9855198829134618,1650
88269,0.8403336748134055,1650
40969,0.7140039447731755,1650
92421,0.9328165374677002,1650
47690,0.9855198829134618,1650
89262,0.9328165374677002,1650
64639,0.9294968363965049,1650
53977,0.9729318734793188,1650
14009,0.9855198829134618,1650
110886,0.9534913353720693,1650
72005,0.9855198829134618,1650
14417,0.9534913353720693,1650
62794,0.9855198829134618,1650
98007,0.8908624432603118,1650
20631,0.9605658709106984,1650
87632,0.9855198829134618,1650
93498,0.9855198829134618,1650
33880,0.8403336748134055,1650
93497,0.8403336748134055,1650
75034,0.8263772954924875,1650
77968,0.8908624432603118,1650
80133,0.9328165374677002,1650
106731,0.8908624432603118,1650
77221,0.9294968363965049,1650
74110,0.9729318734793188,1650
90201,0.9855198829134618,1650
94694,0.9855198829134618,1650
80453,0.9605658709106984,1650
60992,0.8908624432603118,1650
72349,0.8403336748134055,1650
104094,0.9729318734793188,1650
46120,0.6086956521739131,1650
12668,0.9855198829134618,1650
92700,0.9855198829134618,1650
13929,0.8908624432603118,1650
11555,0.9328165374677002,1650
91579,0.9855198829134618,1650
37488,0.9855198829134618,1650
65706,0.9328165374677002,1650
47979,0.9855198829134618,1650
77148,0.9729318734793188,1650
27248,0.9855198829134618,1650
65476,0.8908624432603118,1650
31920,0.9729318734793188,1650
90356,0.9534913353720693,1650
86651,0.9855198829134618,1650
58647,0.9855198829134618,1650
95826,0.9729318734793188,1650
92952,0.9855198829134618,1650
26321,0.7116402116402116,1650
34521,0.9855198829134618,1650
11230,0.9534913353720693,1650
10816,0.9855198829134618,1650
100797,0.9729318734793188,1650
27439,0.9729318734793188,1650
112121,0.9855198829134618,1650
47043,0.9534913353720693,1650
57501,0.9294968363965049,1650
32099,0.8403336748134055,1650
102008,0.9729318734793188,1650
67454,0.9855198829134618,1650
19375,0.9855198829134618,1650
23813,0.9855198829134618,1650
13270,0.9855198829134618,1650
68694,0.9855198829134618,1650
107546,0.9855198829134618,1650
68827,0.6086956521739131,1650
84210,0.9328165374677002,1650
65499,0.9534913353720693,1650
84698,0.8908624432603118,1650
106590,0.9855198829134618,1650
11709,0.8908624432603118,1650
30119,0.9855198829134618,1650
22229,0.9729318734793188,1650
37650,0.9855198829134618,1650
50441,0.9729318734793188,1650
31744,0.9855198829134618,1650
41699,0.9605658709106984,1650
94162,0.9855198829134618,1650
6585,0.8908624432603118,1650
55739,0.9855198829134618,1650
26242,0.9855198829134618,1650
35083,0.9855198829134618,1650
10560,0.9855198829134618,1650
25084,0.9855198829134618,1650
99195,0.8403336748134055,1650
61562,0.9855198829134618,1650
105798,0.9729318734793188,1650
44961,0.9855198829134618,1650
80965,0.9855198829134618,1650
90641,0.9729318734793188,1650
95698,0.9855198829134618,1650
91348,0.9855198829134618,1650
45318,0.6086956521739131,1650
22764,0.9855198829134618,1650
38250,0.878755364806867,1650
34801,0.9855198829134618,1650
41205,0.8403336748134055,1650
30124,0.9855198829134618,1650
69942,0.9855198829134618,1650
54550,0.9855198829134618,1650
16024,0.8908624432603118,1650
47787,0.9855198829134618,1650
46201,0.9855198829134618,1650
14333,0.9421383647798742,1650
4546,0.9855198829134618,1650
1188,0.9328165374677002,1650
24122,0.9855198829134618,1650
8291,0.8908624432603118,1650
64304,0.9855198829134618,1650
103230,0.8403336748134055,1650
60203,0.9421383647798742,1650
66481,0.9855198829134618,1650
80945,0.9855198829134618,1650
112448,0.9855198829134618,1650
52810,0.9855198829134618,1650
45405,0.9534913353720693,1650
17217,0.9729318734793188,1650
107009,0.9855198829134618,1650
113637,0.9855198829134618,1650
52134,0.6086956521739131,1650
2732,0.7601626016260162,1650
87680,0.9605658709106984,1650
36715,0.9855198829134618,1650
72742,0.9855198829134618,1650
54174,0.8607594936708861,1650
102536,0.9294968363965049,1650
21066,0.9855198829134618,1650
94805,0.9855198829134618,1650
101837,0.9534913353720693,1650
56263,0.9855198829134618,1650
60005,0.9534913353720693,1650
37620,0.9328165374677002,1650
34691,0.9729318734793188,1650
35424,0.9729318734793188,1650
26124,0.9729318734793188,1650
91547,0.9855198829134618,1650
103513,0.8403336748134055,1650
101180,0.8403336748134055,1650
68297,0.8908624432603118,1650
72238,0.9729318734793188,1650
91293,0.9294968363965049,1650
67778,0.9855198829134618,1650
12329,0.8403336748134055,1650
61588,0.8607594936708861,1650
1622,0.8908624432603118,1650
83390,0.9855198829134618,1650
68389,0.9855198829134618,1650
96532,0.9855198829134618,1650
97109,0.9855198829134618,1650
82580,0.9534913353720693,1650
2917,0.878755364806867,1650
53992,0.9855198829134618,1650
2513,0.9855198829134618,1650
102013,0.9855198829134618,1650
54996,0.8403336748134055,1650
86093,0.9729318734793188,1650
63173,0.9534913353720693,1650
28630,0.8908624432603118,1650
77852,0.8908624432603118,1650
35968,0.3236994219653179,1650
107699,0.9605658709106984,1650
41584,0.9294968363965049,1650
41608,0.9855198829134618,1650
90039,0.9534913353720693,1650
86569,0.9294968363965049,1650
96838,0.9855198829134618,1650
69219,0.8263772954924875,1650
38285,0.9729318734793188,1650
47943,0.9534913353720693,1650
7430,0.9855198829134618,1650
59477,0.9855198829134618,1650
4068,0.9855198829134618,1650
72095,0.9729318734793188,1650
102111,0.9855198829134618,1650
71023,0.9855198829134618,1650
46675,0.9855198829134618,1650
15887,0.9855198829134618,1650
89950,0.9294968363965049,1650
105498,0.9855198829134618,1650
40454,0.9855198829134618,1650
93207,0.9855198829134618,1650
23089,0.9605658709106984,1650
43154,0.9855198829134618,1650
29909,0.8908624432603118,1650
44085,0.9605658709106984,1650
81180,0.9729318734793188,1650
43563,0.9605658709106984,1650
7693,0.8908624432603118,1650
107912,0.8908624432603118,1650
29160,0.9605658709106984,1650
25457,0.9855198829134618,1650
10979,0.9855198829134618,1650
100472,0.9855198829134618,1650
77804,0.9855198829134618,1650
15205,0.9855198829134618,1650
8236,0.9729318734793188,1650
65113,0.8908624432603118,1650
7116,0.9855198829134618,1650
40518,0.8908624432603118,1650
29062,0.9855198829134618,1650
56440,0.9729318734793188,1650
1180,0.9855198829134618,1650
69266,0.9328165374677002,1650
81896,0.9855198829134618,1650
41439,0.9534913353720693,1650
30790,0.9534913353720693,1650
74556,0.9729318734793188,1650
1433,0.9294968363965049,1650
97146,0.8908624432603118,1650
97786,0.9855198829134618,1650
30152,0.9605658709106984,1650
108225,0.9855198829134618,1650
10775,0.9855198829134618,1650
96865,0.9294968363965049,1650
64158,0.9855198829134618,1650
65413,0.9294968363965049,1650
38304,0.9855198829134618,1650
21823,0.9855198829134618,1650
59712,0.9855198829134618,1650
62533,0.9855198829134618,1650
42361,0.9605658709106984,1650
78602,0.9534913353720693,1650
101911,0.9855198829134618,1650
16911,0.9534913353720693,1650
76339,0.9729318734793188,1650
48519,0.878755364806867,1650
25524,0.9534913353720693,1650
90148,0.9729318734793188,1650
21815,0.9855198829134618,1650
90862,0.9534913353720693,1650
23918,0.9294968363965049,1650
92054,0.9855198829134618,1650
91811,0.9855198829134618,1650
48514,0.8908624432603118,1650
56058,0.9855198829134618,1650
21473,0.9855198829134618,1650
14894,0.9855198829134618,1650
11997,0.9855198829134618,1650
9181,0.9534913353720693,1650
20974,0.9421383647798742,1650
54772,0.8403336748134055,1650
60379,0.9605658709106984,1650
110862,0.9294968363965049,1650
101157,0.9855198829134618,1650
27550,0.9855198829134618,1650
16835,0.9855198829134618,1650
8066,0.9534913353720693,1650
97525,0.8263772954924875,1650
31439,1.0,1650
108532,0.9729318734793188,1650
24768,0.9729318734793188,1650
12650,0.8403336748134055,1650
103573,0.7116402116402116,1650
64463,0.9294968363965049,1650
36941,0.9855198829134618,1650
23295,0.9605658709106984,1650
91809,0.8403336748134055,1650
71810,0.7140039447731755,1650
67247,0.8263772954924875,1650
3192,0.9855198829134618,1650
80002,0.8908624432603118,1650
81677,0.9855198829134618,1650
96169,0.9855198829134618,1650
111729,0.9855198829134618,1650
109122,0.9855198829134618,1650
9011,0.9855198829134618,1650
79709,0.9855198829134618,1650
75486,0.9855198829134618,1650
73624,0.9534913353720693,1650
35329,0.9605658709106984,1650
54323,0.9605658709106984,1650
94601,0.8403336748134055,1650
10489,0.9855198829134618,1650
20404,0.878755364806867,1650
51528,0.9855198829134618,1650
76443,0.9729318734793188,1650
81466,0.9534913353720693,1650
10475,0.9855198829134618,1650
26516,0.9855198829134618,1650
30088,0.5784313725490197,1650
42545,0.9534913353720693,1650
53231,0.9855198829134618,1650
100111,0.9729318734793188,1650
50491,0.9534913353720693,1650
40246,0.9855198829134618,1650
51821,0.8403336748134055,1650
68571,0.9855198829134618,1650
49692,0.9855198829134618,1650
65356,0.9421383647798742,1650
105214,0.9855198829134618,1650
108636,0.9855198829134618,1650
90199,0.9855198829134618,1650
97864,0.9855198829134618,1650
4693,0.8263772954924875,1650
96109,0.9855198829134618,1650
80711,0.6086956521739131,1650
4327,0.9328165374677002,1650
29678,0.9729318734793188,1650
11751,0.6086956521739131,1650
61925,0.9855198829134618,1650
13990,0.9855198829134618,1650
51639,0.9855198829134618,1650
81430,0.8263772954924875,1650
45177,0.9855198829134618,1650
110699,0.9729318734793188,1650
26458,0.9534913353720693,1650
81415,0.9855198829134618,1650
57141,0.9729318734793188,1650
52625,0.8403336748134055,1650
26283,0.8908624432603118,1650
54079,0.9729318734793188,1650
71927,0.9855198829134618,1650
22587,0.9605658709106984,1650
47026,0.9534913353720693,1650
110832,0.9534913353720693,1650
96769,0.9605658709106984,1650
36494,0.9294968363965049,1650
17937,0.9534913353720693,1650
78092,0.8908624432603118,1650
54707,0.8403336748134055,1650
11723,0.9855198829134618,1650
11844,0.7116402116402116,1650
104449,0.9534913353720693,1650
91302,0.9294968363965049,1650
99400,0.9855198829134618,1650
31801,0.9855198829134618,1650
12641,0.9729318734793188,1650
64355,0.9855198829134618,1650
27837,0.9729318734793188,1650
108011,0.9729318734793188,1650
52025,0.878755364806867,1650
80199,0.9855198829134618,1650
18012,0.9855198829134618,1650
44363,0.9534913353720693,1650
64946,0.9855198829134618,1650
92616,0.8403336748134055,1650
11990,0.9855198829134618,1650
33945,0.9294968363965049,1650
17570,0.9855198829134618,1650
29953,0.8403336748134055,1650
50521,0.9855198829134618,1650
42510,0.9855198829134618,1650
61472,0.9534913353720693,1650
34178,0.8908624432603118,1650
16886,0.9855198829134618,1650
30536,0.8908624432603118,1650
241,0.9605658709106984,1650
80008,0.9729318734793188,1650
98135,0.9855198829134618,1650
99637,0.9534913353720693,1650
101712,0.8403336748134055,1650
69777,0.9534913353720693,1650
3280,0.9855198829134618,1650
109735,0.9729318734793188,1650
84691,0.9855198829134618,1650
39316,0.9605658709106984,1650
792,0.9605658709106984,1650
92440,0.8403336748134055,1650
23220,0.9855198829134618,1650
25924,0.9855198829134618,1650
77176,0.9729318734793188,1650
53194,0.9294968363965049,1650
26039,0.9855198829134618,1650
44675,0.9855198829134618,1650
43356,0.9729318734793188,1650
83754,0.9855198829134618,1650
42648,0.9855198829134618,1650
50510,0.9729318734793188,1650
108026,0.468,1650
11609,0.8908624432603118,1650
27868,0.9729318734793188,1650
39730,0.9855198829134618,1650
101112,0.878755364806867,1650
106672,0.9855198829134618,1650
91846,0.9328165374677002,1650
72134,0.9855198829134618,1650
108733,0.8403336748134055,1650
53337,0.9855198829134618,1650
61841,0.9729318734793188,1650
107806,0.9534913353720693,1650
69387,0.8403336748134055,1650
21323,0.9855198829134618,1650
73926,0.8908624432603118,1650
83053,0.9855198829134618,1650
112935,0.9855198829134618,1650
42001,0.9605658709106984,1650
57292,0.9855198829134618,1650
30020,0.8908624432603118,1650
52059,0.7140039447731755,1650
78592,0.9855198829134618,1650
113217,0.9855198829134618,1650
36788,0.9855198829134618,1650
5387,0.9855198829134618,1650
12873,0.8403336748134055,1650
14887,0.9729318734793188,1650
99965,0.9855198829134618,1650
111273,0.9855198829134618,1650
7545,0.9855198829134618,1650
47649,0.9855198829134618,1650
32361,0.9855198829134618,1650
1181,0.9855198829134618,1650
58357,0.9855198829134618,1650
100476,0.8908624432603118,1650
68240,0.9729318734793188,1650
99953,0.7116402116402116,1650
506,0.9855198829134618,1650
9500,0.9729318734793188,1650
12158,0.9855198829134618,1650
24605,0.8908624432603118,1650
46492,0.9855198829134618,1650
59942,0.9605658709106984,1650
19273,0.9855198829134618,1650
95119,0.8607594936708861,1650
56615,0.9855198829134618,1650
15113,0.9855198829134618,1650
84554,0.8908624432603118,1650
107907,0.9605658709106984,1650
36962,0.8403336748134055,1650
57413,0.9328165374677002,1650
113149,0.9855198829134618,1650
69364,0.8908624432603118,1650
7282,0.9605658709106984,1650
112970,0.9855198829134618,1650
49676,0.9534913353720693,1650
58812,0.9855198829134618,1650
47595,0.9605658709106984,1650
53360,0.9855198829134618,1650
46525,0.9534913353720693,1650
18834,0.9605658709106984,1650
6049,0.9855198829134618,1650
9474,0.9729318734793188,1650
112266,0.9855198829134618,1650
98483,0.9729318734793188,1650
104788,0.9729318734793188,1650
71598,0.9855198829134618,1650
40963,0.9855198829134618,1650
96078,0.8263772954924875,1650
72099,0.8403336748134055,1650
40147,0.9294968363965049,1650
29970,0.9534913353720693,1650
80842,0.8403336748134055,1650
94399,0.9855198829134618,1650
79906,0.9855198829134618,1650
24047,0.9605658709106984,1650
89514,0.8403336748134055,1650
30800,0.8908624432603118,1650
74699,0.9729318734793188,1650
114068,0.9855198829134618,1650
65610,0.3236994219653179,1650
93938,0.9855198829134618,1650
105743,0.9855198829134618,1650
2499,0.9729318734793188,1650
7158,0.9855198829134618,1650
4159,0.9729318734793188,1650
3802,0.9855198829134618,1650
7292,0.9855198829134618,1650
73542,0.9855198829134618,1650
91102,0.9855198829134618,1650
84173,0.8403336748134055,1650
12075,0.9534913353720693,1650
75265,0.8908624432603118,1650
105484,0.9855198829134618,1650
46524,0.8263772954924875,1650
101162,0.9855198829134618,1650
92602,0.9729318734793188,1650
36481,0.9855198829134618,1650
105761,0.9855198829134618,1650
68862,0.9855198829134618,1650
106397,0.9855198829134618,1650
75320,0.9421383647798742,1650
35376,0.9855198829134618,1650
90877,0.8403336748134055,1650
87337,0.9855198829134618,1650
13219,0.9855198829134618,1650
13192,0.7140039447731755,1650
59066,0.9534913353720693,1650
54056,0.9855198829134618,1650
62749,0.9855198829134618,1650
2110,0.8403336748134055,1650
16938,0.9855198829134618,1650
32234,0.9855198829134618,1650
97320,0.9855198829134618,1650
8902,0.9855198829134618,1650
19554,0.9534913353720693,1650
51806,0.8403336748134055,1650
44296,0.9534913353720693,1650
82600,0.9421383647798742,1650
100582,0.8403336748134055,1650
89941,0.9855198829134618,1650
106631,0.9534913353720693,1650
66983,0.9855198829134618,1650
60116,0.9421383647798742,1650
112520,0.9855198829134618,1650
26706,0.8263772954924875,1650
17482,0.9729318734793188,1650
5726,0.9855198829134618,1650
88212,0.9855198829134618,1650
6504,0.9605658709106984,1650
90297,0.9855198829134618,1650
28872,0.9855198829134618,1650
102190,0.878755364806867,1650
80244,0.9605658709106984,1650
47543,0.9534913353720693,1650
89502,0.9729318734793188,1650
4513,0.9855198829134618,1650
76268,0.9328165374677002,1650
39679,0.9855198829134618,1650
19166,0.9605658709106984,1650
43294,0.9855198829134618,1650
81238,0.9729318734793188,1650
52142,0.8263772954924875,1650
73820,0.9855198829134618,1650
47732,0.9855198829134618,1650
96331,0.9294968363965049,1650
65215,0.9534913353720693,1650
20192,0.9729318734793188,1650
107015,0.9534913353720693,1650
83927,0.9729318734793188,1650
34673,0.8403336748134055,1650
73411,0.9855198829134618,1650
92075,0.9855198829134618,1650
47131,0.9605658709106984,1650
41789,0.8908624432603118,1650
22167,0.8908624432603118,1650
96215,0.9855198829134618,1650
86211,0.9855198829134618,1650
103090,0.9855198829134618,1650
80343,0.9855198829134618,1650
30249,0.9729318734793188,1650
65907,0.9729318734793188,1650
89378,0.9729318734793188,1650
13620,0.9729318734793188,1650
26487,0.9534913353720693,1650
19651,0.9855198829134618,1650
49241,0.9855198829134618,1650
68186,0.8403336748134055,1650
19928,0.9855198829134618,1650
42980,0.9855198829134618,1650
38399,0.9421383647798742,1650
75399,0.9855198829134618,1650
35079,0.9534913353720693,1650
46266,0.9729318734793188,1650
109825,0.9855198829134618,1650
37319,0.9421383647798742,1650
58489,0.9534913353720693,1650
47208,0.8403336748134055,1650
15596,0.9605658709106984,1650
70115,0.9855198829134618,1650
34342,0.9534913353720693,1650
110314,0.9855198829134618,1650
98830,0.9855198829134618,1650
4734,0.8403336748134055,1650
27789,0.8908624432603118,1650
71462,0.9855198829134618,1650
945,0.9294968363965049,1650
37329,0.8403336748134055,1650
111436,0.9605658709106984,1650
48740,0.9855198829134618,1650
77556,0.9294968363965049,1650
95686,0.9855198829134618,1650
89244,0.9729318734793188,1650
74708,0.9605658709106984,1650
73537,0.9605658709106984,1650
61411,0.9605658709106984,1650
82368,0.9729318734793188,1650
83349,0.9855198829134618,1650
35675,0.8908624432603118,1650
80365,0.9294968363965049,1650
37545,0.9729318734793188,1650
108462,0.8908624432603118,1650
20983,0.9855198829134618,1650
11281,0.9729318734793188,1650
102176,0.9294968363965049,1650
8081,0.9855198829134618,1650
45864,0.8403336748134055,1650
50644,0.9855198829134618,1650
33700,0.9729318734793188,1650
97873,0.9534913353720693,1650
105254,0.9534913353720693,1650
100951,0.9855198829134618,1650
91725,0.9855198829134618,1650
65577,0.9855198829134618,1650
59010,0.9294968363965049,1650
1990,0.9855198829134618,1650
46886,0.9729318734793188,1650
19981,0.8403336748134055,1650
104853,0.9729318734793188,1650
83318,0.8403336748134055,1650
111205,0.9855198829134618,1650
92135,0.8908624432603118,1650
113394,0.9729318734793188,1650
40224,0.9729318734793188,1650
67731,0.9855198829134618,1650
81880,0.9605658709106984,1650
57047,0.9534913353720693,1650
81483,0.9855198829134618,1650
108523,0.8403336748134055,1650
33761,0.8403336748134055,1650
35511,0.9855198829134618,1650
34843,0.8403336748134055,1650
37517,0.9534913353720693,1650
13038,0.9729318734793188,1650
7379,0.9534913353720693,1650
77371,0.9855198829134618,1650
34427,0.8908624432603118,1650
108002,0.9855198829134618,1650
1520,0.9605658709106984,1650
11957,0.9855198829134618,1650
30936,0.9534913353720693,1650
5365,0.9855198829134618,1650
20866,0.9855198829134618,1650
66326,0.9855198829134618,1650
14657,0.8908624432603118,1650
64783,0.8403336748134055,1650
102365,0.8403336748134055,1650
55054,0.9328165374677002,1650
65762,0.8908624432603118,1650
86127,0.8607594936708861,1650
1593,0.9855198829134618,1650
30502,0.9534913353720693,1650
51144,0.9328165374677002,1650
55727,0.9328165374677002,1650
62065,0.9605658709106984,1650
49767,0.7601626016260162,1650
83301,0.9855198829134618,1650
89195,0.9729318734793188,1650
30028,0.9855198829134618,1650
55493,0.8263772954924875,1650
47029,0.9328165374677002,1650
44956,0.8403336748134055,1650
104686,0.9855198829134618,1650
94689,0.9534913353720693,1650
15099,0.9855198829134618,1650
111054,0.8908624432603118,1650
77794,0.9855198829134618,1650
99341,0.9328165374677002,1650
54404,0.8908624432603118,1650
97186,0.9855198829134618,1650
66531,0.8403336748134055,1650
44989,0.9534913353720693,1650
30279,0.9534913353720693,1650
57509,0.9855198829134618,1650
47228,0.9605658709106984,1650
9594,0.8908624432603118,1650
81721,0.9729318734793188,1650
46485,0.9855198829134618,1650
100105,0.9855198829134618,1650
105848,0.9605658709106984,1650
87264,0.8908624432603118,1650
18661,0.8403336748134055,1650
94861,0.9605658709106984,1650
34516,0.9534913353720693,1650
80107,0.8908624432603118,1650
20214,0.9855198829134618,1650
35178,0.9855198829134618,1650
44893,0.9855198829134618,1650
93065,0.9855198829134618,1650
81516,0.9605658709106984,1650
16230,0.9294968363965049,1650
917,0.9729318734793188,1650
36656,0.468,1650
15404,0.9534913353720693,1650
9255,0.7116402116402116,1650
7961,0.9855198829134618,1650
47319,0.9605658709106984,1650
52227,0.9534913353720693,1650
53424,0.9534913353720693,1650
104965,0.9729318734793188,1650
58828,0.8403336748134055,1650
108195,0.9729318734793188,1650
28474,0.9534913353720693,1650
70580,0.9855198829134618,1650
96420,0.9605658709106984,1650
70928,0.9729318734793188,1650
67090,0.9605658709106984,1650
27954,0.9605658709106984,1650
60862,0.9605658709106984,1650
92189,0.9605658709106984,1650
67288,0.9855198829134618,1650
35268,0.9534913353720693,1650
90305,0.9729318734793188,1650
70326,0.8403336748134055,1650
33667,0.878755364806867,1650
105252,0.9534913353720693,1650
114072,0.878755364806867,1650
67996,0.9855198829134618,1650
86582,0.9605658709106984,1650
15195,0.9855198829134618,1650
25681,0.9729318734793188,1650
93447,0.9855198829134618,1650
33080,0.8908624432603118,1650
62030,0.8403336748134055,1650
20591,0.9729318734793188,1650
26669,0.8908624432603118,1650
78090,0.9605658709106984,1650
40426,0.878755364806867,1650
96465,0.9605658709106984,1650
1618,0.8403336748134055,1650
77459,0.8908624432603118,1650
66402,0.8403336748134055,1650
108891,0.9534913353720693,1650
67710,0.8908624432603118,1650
14424,0.9605658709106984,1650
83401,0.8461538461538461,1650
111228,0.9855198829134618,1650
64554,0.9855198829134618,1650
49052,0.9855198829134618,1650
100784,0.8403336748134055,1650
65952,0.6086956521739131,1650
28492,0.9729318734793188,1650
15493,0.9855198829134618,1650
108254,0.8403336748134055,1650
113276,0.9605658709106984,1650
53444,0.9729318734793188,1650
72444,0.9534913353720693,1650
20338,0.9855198829134618,1650
10000,0.9855198829134618,1650
48453,0.9855198829134618,1650
62940,0.9855198829134618,1650
60338,0.9855198829134618,1650
111604,0.9855198829134618,1650
79475,0.9534913353720693,1650
36559,0.9855198829134618,1650
8279,0.9855198829134618,1650
56266,0.9855198829134618,1650
95381,0.8403336748134055,1650
3971,0.8403336748134055,1650
42327,0.9855198829134618,1650
79487,0.8403336748134055,1650
87203,0.9534913353720693,1650
52619,0.9855198829134618,1650
112312,0.9855198829134618,1650
79664,0.9855198829134618,1650
27906,0.9605658709106984,1650
23030,0.9729318734793188,1650
69780,0.9855198829134618,1650
33497,0.9855198829134618,1650
11524,0.9729318734793188,1650
112296,0.8403336748134055,1650
6054,0.9729318734793188,1650
88707,0.9855198829134618,1650
110284,0.9855198829134618,1650
94812,0.9855198829134618,1650
55873,0.5784313725490197,1650
2172,0.9855198829134618,1650
81260,0.9534913353720693,1650
22590,0.9855198829134618,1650
29002,0.9605658709106984,1650
32700,0.9855198829134618,1650
83407,0.8908624432603118,1650
103733,0.9855198829134618,1650
12569,0.9605658709106984,1650
42015,0.8607594936708861,1650
74854,0.9855198829134618,1650
79309,0.9855198829134618,1650
5573,0.9855198829134618,1650
61575,0.9855198829134618,1650
94236,0.8403336748134055,1650
32417,0.9855198829134618,1650
111355,0.8403336748134055,1650
10069,0.9855198829134618,1650
25347,0.9729318734793188,1650
106666,0.9729318734793188,1650
35265,0.9729318734793188,1650
104331,0.9855198829134618,1650
91186,0.9605658709106984,1650
32423,0.9605658709106984,1650
1348,0.9855198829134618,1650
27279,0.9855198829134618,1650
90410,0.9729318734793188,1650
9111,0.9294968363965049,1650
41629,0.9855198829134618,1650
109791,0.9855198829134618,1650
55965,0.9534913353720693,1650
82936,0.9729318734793188,1650
114020,0.9605658709106984,1650
80087,0.9855198829134618,1650
53863,0.9855198829134618,1650
73863,0.8908624432603118,1650
73584,0.9534913353720693,1650
103148,0.9729318734793188,1650
66935,0.9855198829134618,1650
43891,0.8263772954924875,1650
50599,0.9534913353720693,1650
858,0.9855198829134618,1650
8844,0.9855198829134618,1650
76247,0.9328165374677002,1650
74065,0.8908624432603118,1650
9224,0.9855198829134618,1650
39498,0.9855198829134618,1650
59939,0.8908624432603118,1650
87721,0.9534913353720693,1650
56978,0.8403336748134055,1650
42718,0.9855198829134618,1650
112772,0.9605658709106984,1650
103695,0.8908624432603118,1650
8111,0.9855198829134618,1650
3139,0.9729318734793188,1650
8998,0.9729318734793188,1650
86273,0.6086956521739131,1650
88510,0.9855198829134618,1650
94031,0.9729318734793188,1650
69677,0.8403336748134055,1650
458,0.9855198829134618,1650
22612,0.9729318734793188,1650
53406,0.9328165374677002,1650
92222,0.8908624432603118,1650
9876,0.9534913353720693,1650
97688,0.9729318734793188,1650
77832,0.9421383647798742,1650
1746,0.8908624432603118,1650
15341,0.9729318734793188,1650
3896,0.9605658709106984,1650
81354,0.8908624432603118,1650
34328,0.9729318734793188,1650
84309,0.9855198829134618,1650
98891,0.9729318734793188,1650
84549,0.9729318734793188,1650
16291,0.9534913353720693,1650
107968,0.9855198829134618,1650
56240,0.9605658709106984,1650
26811,0.8908624432603118,1650
101816,0.9855198829134618,1650
102028,0.9328165374677002,1650
25820,0.9855198829134618,1650
32209,0.8908624432603118,1650
101080,0.8403336748134055,1650
30874,0.9855198829134618,1650
89241,0.8403336748134055,1650
102948,0.9855198829134618,1650
42711,0.8403336748134055,1650
12637,0.9534913353720693,1650
103102,0.9534913353720693,1650
70814,0.8263772954924875,1650
81824,0.9855198829134618,1650
33281,0.9729318734793188,1650
67239,0.9729318734793188,1650
25054,0.9855198829134618,1650
86401,0.9855198829134618,1650
75722,0.9855198829134618,1650
101549,0.9855198829134618,1650
102926,0.9729318734793188,1650
83831,0.9855198829134618,1650
29220,0.9729318734793188,1650
64213,0.9855198829134618,1650
52573,0.8908624432603118,1650
73166,0.9855198829134618,1650
35796,0.9855198829134618,1650
82577,0.9855198829134618,1650
78916,0.9729318734793188,1650
51636,0.9855198829134618,1650
91292,0.9855198829134618,1650
21448,0.878755364806867,1650
85103,0.8908624432603118,1650
16822,0.8403336748134055,1650
45808,0.9855198829134618,1650
464,0.9729318734793188,1650
89044,0.9855198829134618,1650
91937,0.9855198829134618,1650
93107,0.9328165374677002,1650
44352,0.9855198829134618,1650
86423,0.7116402116402116,1650
21277,0.8263772954924875,1650
58225,0.9855198829134618,1650
42603,0.8403336748134055,1650
1842,0.9855198829134618,1650
73127,0.8403336748134055,1650
98204,0.9534913353720693,1650
41958,0.8908624432603118,1650
6474,0.8263772954924875,1650
666,0.9294968363965049,1650
84094,0.9605658709106984,1650
6122,0.9855198829134618,1650
53140,0.9855198829134618,1650
52428,0.9605658709106984,1650
64710,0.8908624432603118,1650
3364,0.8403336748134055,1650
40924,0.9855198829134618,1650
72918,0.9855198829134618,1650
21682,0.9294968363965049,1650
47853,0.9855198829134618,1650
111709,0.9605658709106984,1650
12493,0.9855198829134618,1650
93141,0.9534913353720693,1650
7475,0.9855198829134618,1650
20471,0.8403336748134055,1650
83704,0.9855198829134618,1650
77428,0.9855198829134618,1650
98030,0.9855198829134618,1650
20160,0.9421383647798742,1650
7994,0.8908624432603118,1650
12986,0.9534913353720693,1650
51941,0.9855198829134618,1650
38171,0.9534913353720693,1650
15860,0.9855198829134618,1650
13838,0.9855198829134618,1650
103105,0.9855198829134618,1650
65840,0.9855198829134618,1650
11449,0.9855198829134618,1650
84919,0.9729318734793188,1650
108534,0.9294968363965049,1650
76565,0.9855198829134618,1650
111307,0.9729318734793188,1650
64518,0.9855198829134618,1650
10147,0.9855198829134618,1650
63031,0.9294968363965049,1650
28982,0.7601626016260162,1650
96553,0.8908624432603118,1650
59391,0.8607594936708861,1650
33844,0.9855198829134618,1650
93279,0.9855198829134618,1650
1137,0.9605658709106984,1650
88120,0.9729318734793188,1650
34885,0.9855198829134618,1650
9801,0.8403336748134055,1650
90448,0.9855198829134618,1650
15976,0.9855198829134618,1650
53409,0.9855198829134618,1650
15588,0.9729318734793188,1650
84929,0.9855198829134618,1650
17725,0.9855198829134618,1650
40168,0.8908624432603118,1650
73029,0.9328165374677002,1650
59521,0.9729318734793188,1650
89749,0.9421383647798742,1650
10790,0.878755364806867,1650
86398,0.9534913353720693,1650
60884,0.9729318734793188,1650
24212,0.8908624432603118,1650
81885,0.9855198829134618,1650
100135,0.9605658709106984,1650
45636,0.9534913353720693,1650
73941,0.9534913353720693,1650
71013,0.9328165374677002,1650
70334,0.9534913353720693,1650
67733,0.9605658709106984,1650
105359,0.9605658709106984,1650
53290,0.9534913353720693,1650
38546,0.8403336748134055,1650
47654,0.9534913353720693,1650
95302,0.9855198829134618,1650
62333,0.9855198829134618,1650
81632,0.9855198829134618,1650
86244,0.9855198829134618,1650
48273,0.8908624432603118,1650
86719,0.9605658709106984,1650
2852,0.9855198829134618,1650
18677,0.9855198829134618,1650
99057,0.9534913353720693,1650
2923,0.9534913353720693,1650
57847,0.9855198829134618,1650
62943,0.9855198829134618,1650
15813,0.8908624432603118,1650
110890,0.9855198829134618,1650
60793,0.8403336748134055,1650
14220,0.8908624432603118,1650
22778,0.9605658709106984,1650
31014,0.9294968363965049,1650
75756,0.9328165374677002,1650
43890,0.9855198829134618,1650
92156,0.9855198829134618,1650
3085,0.9855198829134618,1650
37523,0.9855198829134618,1650
91850,0.9855198829134618,1650
95422,0.8403336748134055,1650
101207,0.9605658709106984,1650
47253,0.9729318734793188,1650
91898,0.9605658709106984,1650
103294,0.9534913353720693,1650
31748,0.9855198829134618,1650
97136,0.9855198829134618,1650
2510,0.9855198829134618,1650
53197,0.9855198829134618,1650
77998,0.9729318734793188,1650
89655,0.9534913353720693,1650
96496,0.9729318734793188,1650
82484,0.468,1650
1904,0.9855198829134618,1650
113237,0.9729318734793188,1650
82959,0.9855198829134618,1650
80847,0.8403336748134055,1650
55820,0.9328165374677002,1650
58347,0.9294968363965049,1650
78013,0.8403336748134055,1650
15274,0.9729318734793188,1650
97738,0.9729318734793188,1650
58283,0.9605658709106984,1650
107,0.9534913353720693,1650
22981,0.9294968363965049,1650
1470,0.9534913353720693,1650
35200,0.9855198829134618,1650
16876,0.9729318734793188,1650
9977,0.9855198829134618,1650
25950,0.8263772954924875,1650
81118,0.9729318734793188,1650
35384,0.9534913353720693,1650
34428,0.9729318734793188,1650
100248,0.9855198829134618,1650
108382,0.6086956521739131,1650
29824,0.9855198829134618,1650
14257,0.8403336748134055,1650
73580,0.7601626016260162,1650
108189,0.9855198829134618,1650
80391,0.9855198829134618,1650
30349,0.9855198829134618,1650
90859,0.9294968363965049,1650
81050,0.8908624432603118,1650
26806,0.878755364806867,1650
110158,0.9855198829134618,1650
65069,0.9294968363965049,1650
73897,0.9534913353720693,1650
5349,0.9855198829134618,1650
20400,0.9855198829134618,1650
78574,0.9729318734793188,1650
56674,0.8908624432603118,1650
27788,0.9855198829134618,1650
90697,0.9855198829134618,1650
88028,0.9855198829134618,1650
65955,0.8908624432603118,1650
15697,0.9729318734793188,1650
63447,0.9855198829134618,1650
109942,0.9729318734793188,1650
60135,0.9855198829134618,1650
53543,0.9729318734793188,1650
42262,0.9855198829134618,1650
18483,0.8908624432603118,1650
96148,0.9294968363965049,1650
56679,0.9729318734793188,1650
76719,0.9855198829134618,1650
98617,0.9855198829134618,1650
7070,0.9534913353720693,1650
107874,0.9605658709106984,1650
40370,0.9729318734793188,1650
76869,0.9855198829134618,1650
99158,0.9855198829134618,1650
12621,0.9855198829134618,1650
15683,0.9605658709106984,1650
57599,0.9855198829134618,1650
91677,0.9294968363965049,1650
107943,0.9855198829134618,1650
7692,0.9294968363965049,1650
59026,0.9534913353720693,1650
71614,0.9729318734793188,1650
72167,0.8908624432603118,1650
31329,0.9534913353720693,1650
29664,0.9855198829134618,1650
55057,0.9855198829134618,1650
100858,0.9855198829134618,1650
801,0.9729318734793188,1650
111449,0.878755364806867,1650
41809,0.9729318734793188,1650
47445,0.9729318734793188,1650
47357,0.9729318734793188,1650
37814,0.9294968363965049,1650
26817,0.9729318734793188,1650
43588,0.9855198829134618,1650
19616,0.9855198829134618,1650
77943,0.8263772954924875,1650
65627,0.9605658709106984,1650
83042,0.9855198829134618,1650
12782,0.9855198829134618,1650
85633,0.8908624432603118,1650
63947,0.9328165374677002,1650
36845,0.9855198829134618,1650
43200,0.9855198829134618,1650
72360,0.9855198829134618,1650
25058,0.9855198829134618,1650
5275,0.9855198829134618,1650
731,0.9855198829134618,1650
4805,0.9294968363965049,1650
23483,0.8908624432603118,1650
603,0.9855198829134618,1650
93009,0.9855198829134618,1650
64888,0.9855198829134618,1650
14263,0.9855198829134618,1650
78400,0.9729318734793188,1650
54859,0.9534913353720693,1650
66133,0.8403336748134055,1650
111144,0.9729318734793188,1650
14011,0.9605658709106984,1650
99656,0.8908624432603118,1650
62563,0.5784313725490197,1650
21259,0.9729318734793188,1650
82993,0.9855198829134618,1650
6620,0.9729318734793188,1650
93745,0.9855198829134618,1650
113035,0.9855198829134618,1650
36899,0.9855198829134618,1650
43814,0.8908624432603118,1650
34495,0.8908624432603118,1650
35055,0.9855198829134618,1650
67607,0.9855198829134618,1650
9754,0.9855198829134618,1650
9617,0.9605658709106984,1650
2324,0.8908624432603118,1650
59193,0.9855198829134618,1650
25151,0.9855198829134618,1650
65302,0.9855198829134618,1650
98900,0.9855198829134618,1650
67008,0.9534913353720693,1650
63140,0.9605658709106984,1650
41082,0.9729318734793188,1650
54012,0.9855198829134618,1650
28190,0.9855198829134618,1650
75692,0.8403336748134055,1650
103348,0.9855198829134618,1650
101128,0.9855198829134618,1650
41924,0.9729318734793188,1650
88558,0.9729318734793188,1650
91453,0.9729318734793188,1650
27151,0.9855198829134618,1650
25045,0.9855198829134618,1650
101025,0.9534913353720693,1650
109168,0.9855198829134618,1650
103110,0.8403336748134055,1650
19772,0.9605658709106984,1650
17370,0.9855198829134618,1650
91978,0.9729318734793188,1650
39009,0.9855198829134618,1650
3372,0.9855198829134618,1650
16577,0.9328165374677002,1650
72858,0.9855198829134618,1650
964,0.9855198829134618,1650
26158,0.8403336748134055,1650
23119,0.9729318734793188,1650
5480,0.9855198829134618,1650
2761,0.8908624432603118,1650
88945,0.9855198829134618,1650
28688,0.8908624432603118,1650
38012,0.9729318734793188,1650
93,0.8908624432603118,1650
14897,0.9855198829134618,1650
64340,0.8607594936708861,1650
100263,0.9729318734793188,1650
70929,0.9855198829134618,1650
45320,0.9855198829134618,1650
113831,0.9855198829134618,1650
30703,0.9855198829134618,1650
89948,0.9855198829134618,1650
65032,0.9855198829134618,1650
73276,0.9534913353720693,1650
93866,0.9729318734793188,1650
57788,0.8908624432603118,1650
3860,0.9294968363965049,1650
67794,0.8403336748134055,1650
14107,0.9855198829134618,1650
93239,0.9534913353720693,1650
53160,0.9729318734793188,1650
105142,0.9855198829134618,1650
105756,0.9855198829134618,1650
55277,0.9855198829134618,1650
41000,0.9855198829134618,1650
1807,0.8403336748134055,1650
31534,0.9855198829134618,1650
106723,0.9729318734793188,1650
64731,0.9328165374677002,1650
66564,0.9534913353720693,1650
97334,0.9729318734793188,1650
97844,0.9855198829134618,1650
49805,0.8908624432603118,1650
3528,0.8607594936708861,1650
23512,0.9729318734793188,1650
105097,0.8908624432603118,1650
46807,0.9855198829134618,1650
67909,0.9855198829134618,1650
99452,0.9605658709106984,1650
48698,0.9855198829134618,1650
50741,0.9855198829134618,1650
101641,0.9855198829134618,1650
49299,0.8908624432603118,1650
1142,0.9855198829134618,1650
111442,0.8908624432603118,1650
99314,0.9855198829134618,1650
59874,0.9729318734793188,1650
32797,0.9729318734793188,1650
2429,0.9855198829134618,1650
50166,0.9534913353720693,1650
66690,0.9729318734793188,1650
17459,0.9855198829134618,1650
99959,0.7140039447731755,1650
102000,0.8908624432603118,1650
19187,0.9605658709106984,1650
6948,0.9534913353720693,1650
15426,0.9855198829134618,1650
32020,0.8263772954924875,1650
77005,0.9534913353720693,1650
105794,0.9534913353720693,1650
85882,0.9855198829134618,1650
44163,0.9729318734793188,1650
102112,0.8908624432603118,1650
14574,0.8403336748134055,1650
7705,0.9855198829134618,1650
49667,0.9855198829134618,1650
3011,0.8461538461538461,1650
67644,0.9729318734793188,1650
74851,0.9855198829134618,1650
103683,0.6086956521739131,1650
16800,0.8403336748134055,1650
105776,0.9855198829134618,1650
80532,0.9605658709106984,1650
33304,0.9855198829134618,1650
111722,0.9855198829134618,1650
88298,0.9328165374677002,1650
109640,0.8908624432603118,1650
89071,0.9855198829134618,1650
101206,0.9534913353720693,1650
52376,0.9534913353720693,1650
53077,0.9605658709106984,1650
92433,0.9855198829134618,1650
97805,0.9605658709106984,1650
89142,0.9855198829134618,1650
91517,0.9855198829134618,1650
19055,0.8403336748134055,1650
87708,0.9729318734793188,1650
76644,0.9294968363965049,1650
109041,0.9855198829134618,1650
62163,0.9855198829134618,1650
9949,0.9855198829134618,1650
79846,0.9855198829134618,1650
97863,0.9855198829134618,1650
5395,0.8908624432603118,1650
101668,0.9729318734793188,1650
56011,0.9294968363965049,1650
45204,0.9855198829134618,1650
96554,0.9534913353720693,1650
41052,0.9421383647798742,1650
21169,0.9855198829134618,1650
32372,0.8908624432603118,1650
84684,0.9855198829134618,1650
103978,0.8403336748134055,1650
63521,0.9855198829134618,1650
86115,0.9855198829134618,1650
41252,0.9294968363965049,1650
27665,0.9294968363965049,1650
38270,0.8403336748134055,1650
26398,0.9534913353720693,1650
107721,0.9855198829134618,1650
100181,0.9729318734793188,1650
35850,0.9534913353720693,1650
102065,0.9855198829134618,1650
51405,0.9855198829134618,1650
22002,0.9328165374677002,1650
15616,0.9855198829134618,1650
20594,0.8908624432603118,1650
27623,0.8403336748134055,1650
108522,0.878755364806867,1650
91981,0.9729318734793188,1650
16014,0.9855198829134618,1650
98509,0.9855198829134618,1650
20188,0.9294968363965049,1650
95883,0.9855198829134618,1650
16416,0.9729318734793188,1650
7007,0.9855198829134618,1650
34117,0.8908624432603118,1650
90932,0.9855198829134618,1650
13491,0.9855198829134618,1650
80289,0.9855198829134618,1650
104924,0.9534913353720693,1650
85920,0.9855198829134618,1650
52416,0.8403336748134055,1650
81010,0.9328165374677002,1650
88289,0.9855198829134618,1650
45966,0.9729318734793188,1650
82555,0.8403336748134055,1650
113656,0.8403336748134055,1650
91318,0.9855198829134618,1650
62123,0.8403336748134055,1650
65802,0.6086956521739131,1650
44743,0.9534913353720693,1650
15678,0.8403336748134055,1650
11347,0.7140039447731755,1650
48105,0.9605658709106984,1650
69644,0.9605658709106984,1650
19746,0.9855198829134618,1650
74594,0.9855198829134618,1650
112411,0.9294968363965049,1650
105653,0.878755364806867,1650
72010,0.8908624432603118,1650
25485,0.9605658709106984,1650
103164,0.8908624432603118,1650
96535,0.9855198829134618,1650
7046,0.9855198829134618,1650
34024,0.9729318734793188,1650
2626,0.9855198829134618,1650
73945,0.9855198829134618,1650
60854,0.8263772954924875,1650
10569,0.9855198829134618,1650
87120,0.9729318734793188,1650
58399,0.8908624432603118,1650
23977,0.8908624432603118,1650
82769,0.9855198829134618,1650
49131,0.9855198829134618,1650
35228,0.9534913353720693,1650
112860,0.9855198829134618,1650
26614,0.9855198829134618,1650
103299,0.878755364806867,1650
103171,0.9855198829134618,1650
24022,0.9855198829134618,1650
6305,0.878755364806867,1650
45785,0.8908624432603118,1650
66012,0.9855198829134618,1650
72861,0.8908624432603118,1650
43872,0.9534913353720693,1650
34113,0.9855198829134618,1650
64085,0.878755364806867,1650
78637,0.9855198829134618,1650
67318,0.8403336748134055,1650
63279,0.9534913353720693,1650
26629,0.8908624432603118,1650
90855,0.7601626016260162,1650
5840,0.9855198829134618,1650
38728,0.8403336748134055,1650
7478,0.9729318734793188,1650
62604,0.9855198829134618,1650
1611,0.9729318734793188,1650
58693,0.8908624432603118,1650
21572,0.8908624432603118,1650
58218,0.8403336748134055,1650
68719,0.9855198829134618,1650
23878,0.9855198829134618,1650
77989,0.7601626016260162,1650
94729,0.9855198829134618,1650
105956,0.9534913353720693,1650
32697,0.8403336748134055,1650
65839,0.9729318734793188,1650
79431,0.8403336748134055,1650
40715,0.9294968363965049,1650
10656,0.9729318734793188,1650
95509,0.8607594936708861,1650
40413,0.9855198829134618,1650
110050,0.6086956521739131,1650
10080,0.9855198829134618,1650
105678,0.7116402116402116,1650
15163,0.9294968363965049,1650
31432,0.9605658709106984,1650
15055,0.9855198829134618,1650
36550,0.9729318734793188,1650
3591,0.8908624432603118,1650
69480,0.8403336748134055,1650
59811,0.3236994219653179,1650
99515,0.9855198829134618,1650
87509,0.9729318734793188,1650
47886,0.9534913353720693,1650
67951,0.8263772954924875,1650
78650,0.9294968363965049,1650
63410,0.9855198829134618,1650
106501,0.9534913353720693,1650
36819,0.9729318734793188,1650
62278,0.8403336748134055,1650
7298,0.5986622073578596,1650
54780,0.9855198829134618,1650
26383,0.9855198829134618,1650
83546,0.9855198829134618,1650
56310,0.9855198829134618,1650
69237,0.9855198829134618,1650
93137,0.9294968363965049,1650
61964,0.9729318734793188,1650
90683,0.9855198829134618,1650
112513,0.9729318734793188,1650
103460,0.9855198829134618,1650
87462,0.9855198829134618,1650
10267,0.8908624432603118,1650
76508,0.9729318734793188,1650
46009,0.8403336748134055,1650
83509,0.9328165374677002,1650
100467,0.9534913353720693,1650
4750,0.9855198829134618,1650
53091,0.9855198829134618,1650
82980,0.9855198829134618,1650
96981,0.8263772954924875,1650
41445,0.9534913353720693,1650
67829,0.9605658709106984,1650
46774,0.9855198829134618,1650
34459,0.9855198829134618,1650
14038,0.9855198829134618,1650
95941,0.9328165374677002,1650
78225,0.9729318734793188,1650
81449,0.878755364806867,1650
106439,0.9855198829134618,1650
89410,0.878755364806867,1650
109094,0.9421383647798742,1650
45783,0.9855198829134618,1650
18368,0.9729318734793188,1650
95966,0.9729318734793188,1650
991,0.9534913353720693,1650
103411,0.9729318734793188,1650
103241,0.9855198829134618,1650
67398,0.9855198829134618,1650
97654,0.9855198829134618,1650
9838,0.9729318734793188,1650
77001,0.9605658709106984,1650
44272,0.8403336748134055,1650
55615,0.9729318734793188,1650
21112,0.9855198829134618,1650
73047,0.8908624432603118,1650
103063,0.9605658709106984,1650
50456,0.9855198829134618,1650
88176,0.9855198829134618,1650
36126,0.9421383647798742,1650
40674,0.9047619047619048,1650
103366,0.9605658709106984,1650
92677,0.7601626016260162,1650
49832,0.9855198829134618,1650
14567,0.8403336748134055,1650
102449,0.9729318734793188,1650
19595,0.9729318734793188,1650
15581,0.8908624432603118,1650
66679,0.9855198829134618,1650
91644,0.9605658709106984,1650
28314,0.9855198829134618,1650
2003,0.9729318734793188,1650
6535,0.9729318734793188,1650
35168,0.9855198829134618,1650
2874,0.9855198829134618,1650
11412,0.8908624432603118,1650
80417,0.9855198829134618,1650
112601,0.9605658709106984,1650
23279,0.9855198829134618,1650
91461,0.9729318734793188,1650
15700,0.9855198829134618,1650
104619,0.9855198829134618,1650
55995,0.9855198829134618,1650
97617,0.9855198829134618,1650
60008,0.9605658709106984,1650
788,0.9605658709106984,1650
62510,0.9855198829134618,1650
92386,0.9855198829134618,1650
37886,0.9855198829134618,1650
62074,0.9729318734793188,1650
13904,0.9294968363965049,1650
51959,0.9855198829134618,1650
77834,0.8403336748134055,1650
85774,0.9855198829134618,1650
74809,0.9855198829134618,1650
20268,0.9855198829134618,1650
108797,0.9534913353720693,1650
4571,0.9855198829134618,1650
106760,0.9294968363965049,1650
83210,0.9090909090909091,1650
9229,0.9855198829134618,1650
29964,0.9855198829134618,1650
36922,0.9855198829134618,1650
83930,0.8403336748134055,1650
28439,0.9328165374677002,1650
72190,0.9855198829134618,1650
79840,0.9855198829134618,1650
7027,0.9855198829134618,1650
14279,0.9729318734793188,1650
71733,0.9855198829134618,1650
108274,0.9605658709106984,1650
32936,0.8263772954924875,1650
36165,0.9605658709106984,1650
42027,0.9729318734793188,1650
29308,0.8403336748134055,1650
82608,0.7140039447731755,1650
110877,0.9729318734793188,1650
32116,0.9855198829134618,1650
103778,0.9855198829134618,1650
17494,0.9328165374677002,1650
78724,0.9855198829134618,1650
8522,0.9729318734793188,1650
109816,0.9605658709106984,1650
90677,0.9855198829134618,1650
15822,0.9855198829134618,1650
58149,0.9855198829134618,1650
944,0.9855198829134618,1650
44349,0.8403336748134055,1650
50817,0.9855198829134618,1650
37370,0.9855198829134618,1650
71891,0.9855198829134618,1650
60701,0.9855198829134618,1650
73165,0.9729318734793188,1650
43877,0.9855198829134618,1650
102395,0.9605658709106984,1650
50494,0.9855198829134618,1650
89263,0.8908624432603118,1650
102594,0.9855198829134618,1650
29481,0.9855198829134618,1650
44502,0.9855198829134618,1650
73316,0.9855198829134618,1650
32695,0.9855198829134618,1650
111270,0.9855198829134618,1650
51717,0.8908624432603118,1650
105869,0.9855198829134618,1650
40217,0.8403336748134055,1650
34517,0.9534913353720693,1650
17286,0.9855198829134618,1650
110961,0.9729318734793188,1650
107910,0.8403336748134055,1650
48388,0.9729318734793188,1650
57109,0.9421383647798742,1650
97075,0.9855198829134618,1650
106085,0.9294968363965049,1650
22023,0.8403336748134055,1650
16298,0.9729318734793188,1650
70190,0.9855198829134618,1650
65836,0.9534913353720693,1650
94879,0.9605658709106984,1650
2913,0.9534913353720693,1650
113143,0.8403336748134055,1650
81753,0.8908624432603118,1650
16313,0.9729318734793188,1650
27738,0.9855198829134618,1650
103543,0.9605658709106984,1650
24539,0.6086956521739131,1650
85750,0.8908624432603118,1650
16447,0.8908624432603118,1650
84836,0.9855198829134618,1650
54836,0.9855198829134618,1650
73408,0.9855198829134618,1650
90568,0.878755364806867,1650
109882,0.9729318734793188,1650
96106,0.8403336748134055,1650
34836,0.8403336748134055,1650
65938,0.9855198829134618,1650
54443,0.9534913353720693,1650
30928,0.9729318734793188,1650
19160,0.9294968363965049,1650
49060,0.9855198829134618,1650
11032,0.9855198829134618,1650
50647,0.9294968363965049,1650
78624,0.8908624432603118,1650
42814,0.9855198829134618,1650
57328,0.9855198829134618,1650
98229,0.9328165374677002,1650
5274,0.9328165374677002,1650
34008,0.8908624432603118,1650
25158,0.9855198829134618,1650
11443,0.9855198829134618,1650
91218,0.9855198829134618,1650
50749,0.9855198829134618,1650
35510,0.9328165374677002,1650
79754,0.9729318734793188,1650
34968,0.9855198829134618,1650
112476,0.9729318734793188,1650
4236,0.9534913353720693,1650
96175,0.9855198829134618,1650
50465,0.9328165374677002,1650
87837,0.8908624432603118,1650
28200,0.9729318734793188,1650
10349,0.9855198829134618,1650
79797,0.3236994219653179,1650
28623,0.8908624432603118,1650
66547,0.9855198829134618,1650
64891,0.9855198829134618,1650
17105,0.9855198829134618,1650
89042,0.9855198829134618,1650
84037,0.9328165374677002,1650
94435,0.9729318734793188,1650
72536,0.5373831775700935,1650
81629,0.9534913353720693,1650
66038,0.8908624432603118,1650
84748,0.9729318734793188,1650
87535,0.9855198829134618,1650
111731,0.9534913353720693,1650
30831,0.9855198829134618,1650
44839,0.9605658709106984,1650
31154,0.8908624432603118,1650
52092,0.8403336748134055,1650
98005,0.8403336748134055,1650
82512,0.9328165374677002,1650
102711,0.9328165374677002,1650
113234,0.9855198829134618,1650
105962,0.9855198829134618,1650
67847,0.8403336748134055,1650
110390,0.8908624432603118,1650
45272,0.9729318734793188,1650
110819,0.9855198829134618,1650
49848,0.8908624432603118,1650
112803,0.9855198829134618,1650
1253,0.9855198829134618,1650
87483,0.9855198829134618,1650
107020,0.9605658709106984,1650
44015,0.9534913353720693,1650
21293,0.9605658709106984,1650
48270,0.9855198829134618,1650
15910,0.9855198829134618,1650
107510,0.9328165374677002,1650
14250,0.9855198829134618,1650
108161,0.9855198829134618,1650
95787,0.9729318734793188,1650
47175,0.9855198829134618,1650
84447,0.9855198829134618,1650
72241,0.9729318734793188,1650
92651,0.8403336748134055,1650
1446,0.9534913353720693,1650
92536,0.9421383647798742,1650
109502,0.9855198829134618,1650
284,0.9855198829134618,1650
112060,0.7140039447731755,1650
113227,0.9534913353720693,1650
59953,0.8908624432603118,1650
46761,0.9855198829134618,1650
72313,0.9855198829134618,1650
97568,0.8908624432603118,1650
111200,0.9855198829134618,1650
71019,0.9855198829134618,1650
96349,0.9855198829134618,1650
25157,0.8403336748134055,1650
108019,0.8403336748134055,1650
46759,0.8908624432603118,1650
62583,0.9421383647798742,1650
51531,0.9855198829134618,1650
22982,0.8908624432603118,1650
8609,0.8908624432603118,1650
81030,0.9605658709106984,1650
426,0.9729318734793188,1650
38515,0.9605658709106984,1650
62969,0.8403336748134055,1650
48103,0.8403336748134055,1650
96308,0.9294968363965049,1650
112726,0.9534913353720693,1650
86318,0.9855198829134618,1650
40364,0.9534913353720693,1650
48269,0.9855198829134618,1650
16329,0.9855198829134618,1650
93897,0.9605658709106984,1650
78815,0.9855198829134618,1650
44053,0.9855198829134618,1650
13388,0.8908624432603118,1650
46376,0.9855198829134618,1650
67935,0.9855198829134618,1650
6214,0.8263772954924875,1650
5600,0.9855198829134618,1650
78141,0.9855198829134618,1650
67016,0.9729318734793188,1650
109344,0.9855198829134618,1650
18701,0.8908624432603118,1650
35901,0.9605658709106984,1650
99746,0.9534913353720693,1650
60109,0.9855198829134618,1650
76729,0.9855198829134618,1650
105256,0.9605658709106984,1650
111288,0.9605658709106984,1650
17623,0.8403336748134055,1650
99556,0.5986622073578596,1650
6817,0.7140039447731755,1650
75672,0.9729318734793188,1650
88550,0.9605658709106984,1650
109056,0.9855198829134618,1650
78072,0.9605658709106984,1650
58886,0.9855198829134618,1650
14409,0.8403336748134055,1650
73360,0.9855198829134618,1650
61100,0.9729318734793188,1650
52952,0.9729318734793188,1650
26886,0.9294968363965049,1650
88792,0.8403336748134055,1650
65987,0.9855198829134618,1650
89325,0.9729318734793188,1650
2630,0.9729318734793188,1650
95969,0.9534913353720693,1650
11658,0.9855198829134618,1650
111444,0.8403336748134055,1650
102304,0.9855198829134618,1650
54382,0.9855198829134618,1650
27336,0.9855198829134618,1650
99115,0.9605658709106984,1650
113193,0.9729318734793188,1650
47065,0.9729318734793188,1650
30734,0.9294968363965049,1650
35955,0.9294968363965049,1650
101782,0.9605658709106984,1650
44868,0.9855198829134618,1650
12533,0.9855198829134618,1650
30858,0.7116402116402116,1650
42943,0.9729318734793188,1650
104898,0.9421383647798742,1650
112826,0.9294968363965049,1650
44797,0.9729318734793188,1650
61275,0.8403336748134055,1650
44876,0.9855198829134618,1650
111361,0.9729318734793188,1650
76856,0.878755364806867,1650
53624,0.9534913353720693,1650
67499,0.8403336748134055,1650
81044,0.9855198829134618,1650
46446,0.9855198829134618,1650
6281,0.9855198829134618,1650
26963,0.9855198829134618,1650
74598,0.9855198829134618,1650
43215,0.9605658709106984,1650
38212,0.8403336748134055,1650
77645,0.9855198829134618,1650
62427,0.9855198829134618,1650
9647,0.9855198829134618,1650
107587,0.9605658709106984,1650
38916,0.878755364806867,1650
108842,0.9855198829134618,1650
40873,0.9855198829134618,1650
5457,0.9605658709106984,1650
105680,0.8908624432603118,1650
62446,0.8403336748134055,1650
89122,0.8908624432603118,1650
67036,0.9534913353720693,1650
47475,0.9855198829134618,1650
28223,0.9855198829134618,1650
103331,0.9534913353720693,1650
58240,0.9605658709106984,1650
44046,0.9855198829134618,1650
90852,0.8403336748134055,1650
74165,0.9729318734793188,1650
85585,0.9855198829134618,1650
75589,0.9855198829134618,1650
30356,0.9855198829134618,1650
81361,0.5784313725490197,1650
94959,0.9855198829134618,1650
24887,0.9855198829134618,1650
51257,0.8403336748134055,1650
71317,0.8403336748134055,1650
75173,0.878755364806867,1650
93457,0.9729318734793188,1650
2492,0.8908624432603118,1650
108505,0.9855198829134618,1650
53677,0.9605658709106984,1650
44265,0.9729318734793188,1650
93780,0.9729318734793188,1650
23448,0.9855198829134618,1650
65067,0.9294968363965049,1650
70077,0.9855198829134618,1650
26094,0.9729318734793188,1650
13598,0.9855198829134618,1650
30447,0.9855198829134618,1650
14034,0.9605658709106984,1650
53478,0.9729318734793188,1650
3710,0.9534913353720693,1650
1119,0.9855198829134618,1650
58410,0.9855198829134618,1650
77796,0.9294968363965049,1650
35942,0.8403336748134055,1650
5844,0.8908624432603118,1650
42475,0.8607594936708861,1650
99388,0.8908624432603118,1650
77631,0.9534913353720693,1650
35227,0.8403336748134055,1650
101639,0.468,1650
73490,0.9855198829134618,1650
63017,0.9294968363965049,1650
88438,0.7601626016260162,1650
104757,0.9855198829134618,1650
112242,0.8403336748134055,1650
61770,0.8908624432603118,1650
111819,0.8908624432603118,1650
83381,0.9855198829134618,1650
9937,0.9729318734793188,1650
48687,0.9855198829134618,1650
10436,0.7140039447731755,1650
98761,0.9855198829134618,1650
68066,0.9855198829134618,1650
54651,0.5373831775700935,1650
39284,0.8403336748134055,1650
55862,0.9729318734793188,1650
45021,0.9534913353720693,1650
51784,0.8908624432603118,1650
4860,0.9294968363965049,1650
89589,0.7601626016260162,1650
92878,0.9294968363965049,1650
107038,0.9855198829134618,1650
63789,0.8403336748134055,1650
91007,0.8403336748134055,1650
22551,0.9294968363965049,1650
35311,0.468,1650
15843,0.8403336748134055,1650
101174,0.9855198829134618,1650
90464,0.8908624432603118,1650
111387,0.8908624432603118,1650
64527,0.9855198829134618,1650
19723,0.9729318734793188,1650
84788,0.9855198829134618,1650
60905,0.9855198829134618,1650
90843,0.9729318734793188,1650
22539,0.9729318734793188,1650
74284,0.9534913353720693,1650
62998,0.9605658709106984,1650
14027,0.9855198829134618,1650
56305,0.8403336748134055,1650
97932,0.9855198829134618,1650
13881,0.9605658709106984,1650
87437,0.9855198829134618,1650
14763,0.9605658709106984,1650
71177,0.9855198829134618,1650
73002,0.9855198829134618,1650
20179,0.9855198829134618,1650
33118,0.9534913353720693,1650
113571,0.9855198829134618,1650
11368,0.9855198829134618,1650
70186,0.9855198829134618,1650
3505,0.9855198829134618,1650
43822,0.9294968363965049,1650
66973,0.8607594936708861,1650
66939,0.8908624432603118,1650
96780,0.878755364806867,1650
25916,0.9855198829134618,1650
103321,0.8403336748134055,1650
93756,0.9729318734793188,1650
43761,0.9855198829134618,1650
111690,0.8908624432603118,1650
9626,0.9534913353720693,1650
55014,0.9729318734793188,1650
3012,0.9855198829134618,1650
65788,0.9855198829134618,1650
56212,0.9605658709106984,1650
109339,0.9729318734793188,1650
44695,0.9855198829134618,1650
80579,0.9855198829134618,1650
61124,0.9855198829134618,1650
56610,0.9729318734793188,1650
81846,0.9534913353720693,1650
108887,0.8403336748134055,1650
112930,0.9855198829134618,1650
17821,0.7140039447731755,1650
37318,0.9534913353720693,1650
101771,0.9855198829134618,1650
105360,0.9605658709106984,1650
73224,0.9855198829134618,1650
41601,0.7601626016260162,1650
72347,0.9605658709106984,1650
29291,0.9855198829134618,1650
20536,0.9729318734793188,1650
34415,0.9328165374677002,1650
63871,0.9534913353720693,1650
88977,0.9855198829134618,1650
16163,0.9855198829134618,1650
96427,0.9855198829134618,1650
78642,0.8263772954924875,1650
51769,0.9855198829134618,1650
6097,0.9729318734793188,1650
77147,0.8403336748134055,1650
24339,0.8403336748134055,1650
33622,0.9534913353720693,1650
92571,0.8607594936708861,1650
15318,0.9729318734793188,1650
107007,0.9855198829134618,1650
85455,0.9855198829134618,1650
13964,0.9421383647798742,1650
99224,0.8908624432603118,1650
70717,0.9855198829134618,1650
33369,0.9855198829134618,1650
113045,0.9605658709106984,1650
3555,0.3236994219653179,1650
52885,0.8908624432603118,1650
26815,0.9855198829134618,1650
16021,0.9855198829134618,1650
73056,0.8908624432603118,1650
44049,0.9534913353720693,1650
30606,0.9605658709106984,1650
40984,0.8403336748134055,1650
86881,0.9855198829134618,1650
13621,0.8908624432603118,1650
94111,0.8403336748134055,1650
47904,0.8403336748134055,1650
112130,0.9605658709106984,1650
99791,0.9855198829134618,1650
60900,0.9855198829134618,1650
57686,0.9855198829134618,1650
34078,0.8908624432603118,1650
40737,0.9855198829134618,1650
45417,0.9855198829134618,1650
2759,0.9729318734793188,1650
63968,0.9855198829134618,1650
77683,0.8263772954924875,1650
22360,0.9855198829134618,1650
88674,0.9729318734793188,1650
84300,0.5373831775700935,1650
107598,0.9855198829134618,1650
92513,0.9729318734793188,1650
41883,0.9855198829134618,1650
72102,0.8403336748134055,1650
33918,0.9855198829134618,1650
12040,0.9605658709106984,1650
10611,0.9534913353720693,1650
6205,0.9855198829134618,1650
19610,0.9855198829134618,1650
14549,0.9855198829134618,1650
42221,0.9605658709106984,1650
63349,0.9605658709106984,1650
81232,0.8403336748134055,1650
82499,0.9855198829134618,1650
47865,0.9534913353720693,1650
107327,0.9729318734793188,1650
104633,0.9855198829134618,1650
59726,0.9855198829134618,1650
38398,0.9855198829134618,1650
11108,0.9855198829134618,1650
47848,0.9294968363965049,1650
89992,0.9855198829134618,1650
44258,0.9855198829134618,1650
75083,0.8908624432603118,1650
1288,0.9855198829134618,1650
46869,0.9605658709106984,1650
67083,0.5986622073578596,1650
69776,0.8403336748134055,1650
106610,0.9729318734793188,1650
95413,0.9855198829134618,1650
35777,0.8607594936708861,1650
31465,0.9534913353720693,1650
85426,0.9855198829134618,1650
83515,0.9605658709106984,1650
33525,0.9855198829134618,1650
5449,0.9294968363965049,1650
6148,0.9729318734793188,1650
50723,0.9855198829134618,1650
28084,0.9294968363965049,1650
105257,0.9090909090909091,1650
96682,0.9729318734793188,1650
45279,0.9328165374677002,1650
93641,0.9729318734793188,1650
103933,0.9729318734793188,1650
87530,0.9855198829134618,1650
23939,0.9855198829134618,1650
7943,0.9855198829134618,1650
59478,0.8607594936708861,1650
500,0.9605658709106984,1650
52691,0.9534913353720693,1650
100734,0.9534913353720693,1650
66850,0.7116402116402116,1650
82719,0.9605658709106984,1650
69557,0.9855198829134618,1650
99766,0.9605658709106984,1650
43832,0.9729318734793188,1650
96419,0.9855198829134618,1650
20307,0.9534913353720693,1650
27079,0.9294968363965049,1650
2674,0.9855198829134618,1650
62837,0.9855198829134618,1650
40826,0.9855198829134618,1650
33299,0.9534913353720693,1650
41686,0.9855198829134618,1650
61946,0.8908624432603118,1650
87073,0.8263772954924875,1650
1358,0.9855198829134618,1650
83848,0.9421383647798742,1650
107094,0.9855198829134618,1650
28009,0.9605658709106984,1650
95964,0.9729318734793188,1650
10499,0.8908624432603118,1650
17687,0.7140039447731755,1650
58224,0.9294968363965049,1650
29623,0.9605658709106984,1650
89726,0.9534913353720693,1650
108078,0.9534913353720693,1650
17672,0.9855198829134618,1650
57667,0.9855198829134618,1650
96623,0.9534913353720693,1650
11468,0.9729318734793188,1650
58522,0.9729318734793188,1650
28510,0.9534913353720693,1650
42231,0.9855198829134618,1650
5188,0.8403336748134055,1650
1168,0.9855198829134618,1650
26905,0.468,1650
100358,0.9855198829134618,1650
91370,0.9855198829134618,1650
71870,0.9855198829134618,1650
34383,0.9294968363965049,1650
59967,0.8403336748134055,1650
82259,0.9729318734793188,1650
75967,0.9855198829134618,1650
44344,0.8607594936708861,1650
1559,0.9534913353720693,1650
14451,0.8403336748134055,1650
84735,0.878755364806867,1650
6493,0.8908624432603118,1650
91226,0.9855198829134618,1650
52614,0.9294968363965049,1650
58602,0.9855198829134618,1650
112564,0.9534913353720693,1650
13137,0.8403336748134055,1650
19504,0.9855198829134618,1650
113651,0.9294968363965049,1650
52224,0.9855198829134618,1650
103529,0.9855198829134618,1650
19328,0.9605658709106984,1650
5702,0.5986622073578596,1650
44101,0.9855198829134618,1650
107550,0.9328165374677002,1650
65857,0.9855198829134618,1650
28471,0.9605658709106984,1650
40017,0.9729318734793188,1650
111431,0.9855198829134618,1650
39926,0.8403336748134055,1650
85040,0.9729318734793188,1650
69654,0.9855198829134618,1650
81379,0.9855198829134618,1650
47054,0.9855198829134618,1650
101396,0.8403336748134055,1650
72446,0.9729318734793188,1650
54680,0.9294968363965049,1650
13381,0.9605658709106984,1650
78376,0.9328165374677002,1650
46154,0.9855198829134618,1650
14389,0.8403336748134055,1650
588,0.9855198829134618,1650
26462,0.9729318734793188,1650
48424,0.9421383647798742,1650
69773,0.9855198829134618,1650
31807,0.9534913353720693,1650
49438,0.9534913353720693,1650
50779,0.5986622073578596,1650
8845,0.8403336748134055,1650
38642,0.8263772954924875,1650
92104,0.9855198829134618,1650
47006,0.9534913353720693,1650
46871,0.8908624432603118,1650
110247,0.9855198829134618,1650
29777,0.9605658709106984,1650
105143,0.9294968363965049,1650
32679,0.8908624432603118,1650
1863,0.9855198829134618,1650
75196,0.9729318734793188,1650
51925,0.9855198829134618,1650
96484,0.9855198829134618,1650
49731,0.9294968363965049,1650
32064,0.9855198829134618,1650
51685,0.9605658709106984,1650
2633,0.9605658709106984,1650
103574,0.9605658709106984,1650
55706,0.9729318734793188,1650
80980,0.8403336748134055,1650
14759,0.9855198829134618,1650
86850,0.8403336748134055,1650
61390,0.8607594936708861,1650
111540,0.9294968363965049,1650
36876,0.9729318734793188,1650
95980,0.9729318734793188,1650
73665,0.9855198829134618,1650
53064,0.9534913353720693,1650
83752,0.9421383647798742,1650
85438,0.9605658709106984,1650
39302,0.878755364806867,1650
73189,0.9729318734793188,1650
99877,0.9605658709106984,1650
110439,0.9729318734793188,1650
77825,0.9855198829134618,1650
20597,0.9328165374677002,1650
110451,0.9729318734793188,1650
50682,0.8607594936708861,1650
88794,0.9855198829134618,1650
53275,0.9729318734793188,1650
63309,0.8908624432603118,1650
113783,0.8403336748134055,1650
40078,0.9855198829134618,1650
100576,0.878755364806867,1650
59364,0.8403336748134055,1650
98408,0.9855198829134618,1650
88094,0.9855198829134618,1650
41737,0.9855198829134618,1650
76677,0.468,1650
15817,0.9605658709106984,1650
53101,0.8403336748134055,1650
44936,0.9855198829134618,1650
33392,0.9605658709106984,1650
108667,0.9729318734793188,1650
96998,0.7601626016260162,1650
33674,0.9855198829134618,1650
5528,0.9605658709106984,1650
84034,0.8403336748134055,1650
84252,0.9855198829134618,1650
9218,0.9605658709106984,1650
41990,0.9729318734793188,1650
15930,0.9605658709106984,1650
93290,0.9855198829134618,1650
79178,0.9534913353720693,1650
4035,0.8403336748134055,1650
48039,0.9534913353720693,1650
15751,0.9534913353720693,1650
73789,0.9729318734793188,1650
45671,0.9534913353720693,1650
55780,0.9855198829134618,1650
60695,0.9534913353720693,1650
83665,0.8607594936708861,1650
113068,0.9729318734793188,1650
73177,0.9855198829134618,1650
33671,0.9729318734793188,1650
29083,0.9855198829134618,1650
6093,0.9294968363965049,1650
48026,0.8403336748134055,1650
17580,0.9855198829134618,1650
71816,0.9855198829134618,1650
19419,0.9328165374677002,1650
5406,0.9605658709106984,1650
98109,0.9855198829134618,1650
26426,0.9855198829134618,1650
112543,0.9855198829134618,1650
100450,0.9729318734793188,1650
40214,0.9855198829134618,1650
79871,0.9855198829134618,1650
80699,0.8908624432603118,1650
12992,0.9855198829134618,1650
54983,0.9855198829134618,1650
66473,0.9855198829134618,1650
70760,0.9729318734793188,1650
36829,0.8263772954924875,1650
54630,0.8461538461538461,1650
5242,0.9294968363965049,1650
87339,0.9421383647798742,1650
91110,0.9855198829134618,1650
100383,0.9855198829134618,1650
7525,0.9729318734793188,1650
36293,0.9855198829134618,1650
7587,0.9855198829134618,1650
29969,0.5373831775700935,1650
87516,0.8908624432603118,1650
41820,0.8403336748134055,1650
40862,0.8403336748134055,1650
79009,0.9605658709106984,1650
27273,0.8403336748134055,1650
31360,0.9534913353720693,1650
40306,0.9855198829134618,1650
17223,0.9534913353720693,1650
6600,0.9534913353720693,1650
50027,0.9855198829134618,1650
41708,0.9855198829134618,1650
21851,0.5373831775700935,1650
22311,0.9855198829134618,1650
83513,0.8403336748134055,1650
46520,0.9729318734793188,1650
40893,0.9729318734793188,1650
26682,0.9855198829134618,1650
109626,0.9605658709106984,1650
5206,0.9855198829134618,1650
27010,0.9421383647798742,1650
66907,0.9534913353720693,1650
96857,0.9328165374677002,1650
113401,0.9855198829134618,1650
25837,0.9328165374677002,1650
14132,0.9534913353720693,1650
74877,0.8403336748134055,1650
106665,0.9534913353720693,1650
66885,0.9534913353720693,1650
54711,0.9855198829134618,1650
51711,0.9855198829134618,1650
53622,0.9855198829134618,1650
37803,0.9855198829134618,1650
87897,0.8908624432603118,1650
68877,0.8403336748134055,1650
30062,0.9855198829134618,1650
98052,0.9855198829134618,1650
23896,0.9729318734793188,1650
78068,0.9855198829134618,1650
12931,0.9605658709106984,1650
4449,0.9605658709106984,1650
13999,0.8908624432603118,1650
98639,0.9729318734793188,1650
14919,0.9534913353720693,1650
37736,0.9855198829134618,1650
18279,0.9855198829134618,1650
91894,0.9729318734793188,1650
84068,0.9729318734793188,1650
71536,0.878755364806867,1650
19428,0.9729318734793188,1650
110517,0.9294968363965049,1650
53036,0.9328165374677002,1650
101047,0.9729318734793188,1650
97064,0.9855198829134618,1650
33773,0.9855198829134618,1650
94504,0.878755364806867,1650
58616,0.9605658709106984,1650
26568,0.9605658709106984,1650
30576,0.8908624432603118,1650
73158,0.9294968363965049,1650
11738,0.8908624432603118,1650
86164,0.9855198829134618,1650
106226,0.9294968363965049,1650
28596,0.9294968363965049,1650
45798,0.8908624432603118,1650
64010,0.9855198829134618,1650
46594,0.9855198829134618,1650
49146,0.9855198829134618,1650
69183,0.9729318734793188,1650
72132,0.9729318734793188,1650
40392,0.8403336748134055,1650
97915,0.9729318734793188,1650
28905,0.9729318734793188,1650
78611,0.8403336748134055,1650
15834,0.9855198829134618,1650
39339,0.8403336748134055,1650
87845,0.9729318734793188,1650
23754,0.9729318734793188,1650
82475,0.9855198829134618,1650
88570,0.9855198829134618,1650
109346,0.9855198829134618,1650
80852,0.9328165374677002,1650
41031,0.9729318734793188,1650
20348,0.9855198829134618,1650
79698,0.9855198829134618,1650
112092,0.9855198829134618,1650
62344,0.9855198829134618,1650
47878,0.8908624432603118,1650
25076,0.8403336748134055,1650
20678,0.9294968363965049,1650
25248,0.9729318734793188,1650
30378,0.9328165374677002,1650
1052,0.8908624432603118,1650
43550,0.9855198829134618,1650
18180,0.9729318734793188,1650
13139,0.9534913353720693,1650
47691,0.9729318734793188,1650
93157,0.9729318734793188,1650
84559,0.9534913353720693,1650
103917,0.7601626016260162,1650
4020,0.9855198829134618,1650
113278,0.9855198829134618,1650
75640,0.9855198829134618,1650
51361,0.9855198829134618,1650
72906,0.9729318734793188,1650
56223,0.7601626016260162,1650
39063,0.9729318734793188,1650
111051,0.9855198829134618,1650
113659,0.9605658709106984,1650
107662,0.9328165374677002,1650
97538,0.9855198829134618,1650
45951,0.9855198829134618,1650
27927,0.9729318734793188,1650
51563,0.9605658709106984,1650
59385,0.9729318734793188,1650
94438,0.9605658709106984,1650
66594,0.9855198829134618,1650
60360,0.7140039447731755,1650
67926,0.9294968363965049,1650
47664,0.7116402116402116,1650
3521,0.8908624432603118,1650
59158,0.9328165374677002,1650
49397,0.9855198829134618,1650
74657,0.9729318734793188,1650
103315,0.9855198829134618,1650
2498,0.9855198829134618,1650
23093,0.9855198829134618,1650
21697,0.9855198829134618,1650
25641,0.878755364806867,1650
30933,0.8908624432603118,1650
63840,0.9729318734793188,1650
13674,0.9855198829134618,1650
57514,0.9855198829134618,1650
101894,0.9855198829134618,1650
19413,0.9855198829134618,1650
55274,0.8908624432603118,1650
71652,0.9294968363965049,1650
15773,0.9534913353720693,1650
58475,0.8403336748134055,1650
98542,0.8403336748134055,1650
84647,0.9729318734793188,1650
41563,0.8403336748134055,1650
22656,0.9855198829134618,1650
15101,0.9605658709106984,1650
99080,0.9855198829134618,1650
87332,0.8908624432603118,1650
108003,0.9855198829134618,1650
110695,0.9605658709106984,1650
13055,0.8263772954924875,1650
54495,0.9294968363965049,1650
13748,0.9855198829134618,1650
61412,0.9729318734793188,1650
90252,0.8908624432603118,1650
25210,0.878755364806867,1650
27804,0.9855198829134618,1650
50342,0.9855198829134618,1650
84521,0.9855198829134618,1650
60603,0.9855198829134618,1650
20282,0.9855198829134618,1650
76277,0.8403336748134055,1650
13685,0.9605658709106984,1650
96788,0.9294968363965049,1650
31868,0.9855198829134618,1650
101657,0.9729318734793188,1650
7622,0.6086956521739131,1650
39161,0.9729318734793188,1650
58881,0.8403336748134055,1650
53451,0.9855198829134618,1650
89952,0.9328165374677002,1650
10917,0.878755364806867,1650
99442,0.9855198829134618,1650
28715,0.9729318734793188,1650
34509,0.8403336748134055,1650
40658,0.9855198829134618,1650
98776,0.9729318734793188,1650
29044,0.8908624432603118,1650
27108,0.9729318734793188,1650
60161,0.878755364806867,1650
17382,0.9855198829134618,1650
94362,0.9605658709106984,1650
91675,0.8403336748134055,1650
95468,0.8908624432603118,1650
14954,0.9605658709106984,1650
104459,0.9855198829134618,1650
11910,0.9855198829134618,1650
67328,0.9855198829134618,1650
50385,0.9729318734793188,1650
46334,0.9534913353720693,1650
8360,0.9729318734793188,1650
60027,0.8908624432603118,1650
62569,0.9855198829134618,1650
109485,0.9855198829134618,1650
9100,0.9534913353720693,1650
29955,0.9729318734793188,1650
95316,0.9855198829134618,1650
40986,0.9855198829134618,1650
13762,0.8908624432603118,1650
53233,0.8263772954924875,1650
50099,0.9855198829134618,1650
12089,0.9605658709106984,1650
109823,0.9729318734793188,1650
63613,0.9855198829134618,1650
79554,0.8403336748134055,1650
21759,0.9729318734793188,1650
26159,0.9729318734793188,1650
61852,0.8607594936708861,1650
85570,0.6086956521739131,1650
17314,0.9534913353720693,1650
7627,0.9421383647798742,1650
16288,0.9729318734793188,1650
66353,0.8403336748134055,1650
84973,0.9855198829134618,1650
74457,0.9729318734793188,1650
97910,0.9855198829134618,1650
45225,0.9729318734793188,1650
51262,0.9729318734793188,1650
26469,0.9605658709106984,1650
62014,0.9729318734793188,1650
83127,0.9855198829134618,1650
10711,0.8403336748134055,1650
30623,0.9855198829134618,1650
13344,0.9855198829134618,1650
57914,0.9855198829134618,1650
63234,0.9855198829134618,1650
45724,0.8908624432603118,1650
14592,0.9855198829134618,1650
93681,0.9534913353720693,1650
89157,0.9855198829134618,1650
174,0.9855198829134618,1650
90114,0.9729318734793188,1650
2101,0.8263772954924875,1650
80238,0.8607594936708861,1650
51773,0.9729318734793188,1650
34367,0.9605658709106984,1650
44991,0.9534913353720693,1650
59535,0.8908624432603118,1650
80863,0.9855198829134618,1650
70292,0.9729318734793188,1650
109568,0.9855198829134618,1650
96135,0.9729318734793188,1650
14807,0.9855198829134618,1650
108265,0.9328165374677002,1650
79252,0.9729318734793188,1650
4795,0.8403336748134055,1650
47729,0.9855198829134618,1650
93275,0.9729318734793188,1650
111398,0.8263772954924875,1650
70810,0.9855198829134618,1650
42608,0.8403336748134055,1650
60030,0.9855198829134618,1650
105545,0.9855198829134618,1650
55253,0.8403336748134055,1650
71684,0.9855198829134618,1650
85186,0.9534913353720693,1650
10817,0.9855198829134618,1650
87759,0.9729318734793188,1650
102116,0.8403336748134055,1650
41889,0.9855198829134618,1650
19085,0.9605658709106984,1650
17683,0.8403336748134055,1650
12987,0.8908624432603118,1650
81375,0.9605658709106984,1650
64299,0.6086956521739131,1650
9174,0.7601626016260162,1650
90016,0.9855198829134618,1650
52662,0.8908624432603118,1650
88976,0.8263772954924875,1650
113649,0.9534913353720693,1650
44793,0.9729318734793188,1650
90523,0.9855198829134618,1650
5549,0.9855198829134618,1650
89103,0.9855198829134618,1650
732,0.9534913353720693,1650
64730,0.9534913353720693,1650
11428,0.9534913353720693,1650
82711,0.8403336748134055,1650
78320,0.9855198829134618,1650
61040,0.9729318734793188,1650
45038,0.9605658709106984,1650
35191,0.7116402116402116,1650
4560,0.9855198829134618,1650
104779,0.9534913353720693,1650
73826,0.9855198829134618,1650
93576,0.9855198829134618,1650
11078,0.8908624432603118,1650
42600,0.9855198829134618,1650
52220,0.9294968363965049,1650
106528,0.9855198829134618,1650
54563,0.878755364806867,1650
106388,0.9855198829134618,1650
79838,0.9729318734793188,1650
85972,0.8908624432603118,1650
11418,0.8908624432603118,1650
63505,0.9421383647798742,1650
51681,0.9729318734793188,1650
110128,0.8908624432603118,1650
93891,0.9855198829134618,1650
80721,0.8908624432603118,1650
6343,0.9729318734793188,1650
18093,0.5784313725490197,1650
57773,0.8607594936708861,1650
3035,0.9855198829134618,1650
23420,0.9855198829134618,1650
109364,0.5373831775700935,1650
39362,0.8403336748134055,1650
83559,0.8403336748134055,1650
14195,0.9605658709106984,1650
1456,0.8403336748134055,1650
66380,0.9855198829134618,1650
112606,0.9855198829134618,1650
92288,0.9729318734793188,1650
13819,0.8908624432603118,1650
20385,0.9534913353720693,1650
49569,0.9855198829134618,1650
66795,0.9855198829134618,1650
43582,0.9855198829134618,1650
84609,0.9855198829134618,1650
7233,0.9855198829134618,1650
42949,0.9534913353720693,1650
100510,0.9855198829134618,1650
43676,0.9534913353720693,1650
101105,0.9729318734793188,1650
80408,0.9729318734793188,1650
15972,0.9855198829134618,1650
35280,0.9855198829134618,1650
26628,0.9855198829134618,1650
61457,0.9855198829134618,1650
38624,0.8908624432603118,1650
86595,0.9855198829134618,1650
393,0.6086956521739131,1650
64582,0.9729318734793188,1650
104528,0.9855198829134618,1650
37911,0.8403336748134055,1650
46237,0.9294968363965049,1650
7224,0.9855198829134618,1650
95176,0.9855198829134618,1650
75372,0.9729318734793188,1650
108633,0.9605658709106984,1650
111115,0.9534913353720693,1650
96116,0.9729318734793188,1650
63793,0.9294968363965049,1650
91013,0.9855198829134618,1650
92281,0.9855198829134618,1650
24050,0.8403336748134055,1650
34252,0.7116402116402116,1650
7395,0.9534913353720693,1650
24459,0.8403336748134055,1650
43863,0.9729318734793188,1650
18467,0.8263772954924875,1650
25433,0.9855198829134618,1650
612,0.8908624432603118,1650
101317,0.9855198829134618,1650
36740,0.9855198829134618,1650
14724,0.8607594936708861,1650
108734,0.9328165374677002,1650
32454,0.9855198829134618,1650
1213,0.9855198829134618,1650
109280,0.9855198829134618,1650
69286,0.9855198829134618,1650
3097,0.8908624432603118,1650
86897,0.9534913353720693,1650
29707,0.9855198829134618,1650
63650,0.9605658709106984,1650
84783,0.9534913353720693,1650
70774,0.9729318734793188,1650
8550,0.9855198829134618,1650
80919,0.9855198829134618,1650
98701,0.9855198829134618,1650
5288,0.9534913353720693,1650
16409,0.9729318734793188,1650
41994,0.9605658709106984,1650
93470,0.9534913353720693,1650
33911,0.8403336748134055,1650
6547,0.9729318734793188,1650
36225,0.9855198829134618,1650
62532,0.9729318734793188,1650
99919,0.9855198829134618,1650
48918,0.9294968363965049,1650
24855,0.9729318734793188,1650
77011,0.9855198829134618,1650
103774,0.9855198829134618,1650
35163,0.9534913353720693,1650
62487,0.8908624432603118,1650
60558,0.8403336748134055,1650
96786,0.9855198829134618,1650
84218,0.9855198829134618,1650
50913,0.9729318734793188,1650
103749,0.9855198829134618,1650
65537,0.9729318734793188,1650
2738,0.9855198829134618,1650
79327,0.9328165374677002,1650
88106,0.8908624432603118,1650
79567,0.9855198829134618,1650
108596,0.9855198829134618,1650
52904,0.9729318734793188,1650
67713,0.9421383647798742,1650
18112,0.9855198829134618,1650
103985,0.9855198829134618,1650
25580,0.8403336748134055,1650
31395,0.8403336748134055,1650
26153,0.9855198829134618,1650
29227,0.9729318734793188,1650
5944,0.8403336748134055,1650
106509,0.9855198829134618,1650
78580,0.9855198829134618,1650
909,0.9421383647798742,1650
76639,0.8403336748134055,1650
23564,0.9855198829134618,1650
91583,0.9855198829134618,1650
37407,0.8403336748134055,1650
105910,0.9729318734793188,1650
59987,0.7116402116402116,1650
48262,0.9855198829134618,1650
56777,0.9855198829134618,1650
71385,0.9294968363965049,1650
48353,0.8908624432603118,1650
99879,0.8403336748134055,1650
104790,0.7140039447731755,1650
53046,0.9855198829134618,1650
20906,0.9855198829134618,1650
35696,0.9855198829134618,1650
32600,0.8908624432603118,1650
74700,0.9855198829134618,1650
21376,0.9605658709106984,1650
94246,0.8403336748134055,1650
52747,0.9729318734793188,1650
87773,0.9855198829134618,1650
70495,0.8908624432603118,1650
90876,0.9534913353720693,1650
90802,0.5373831775700935,1650
63308,0.7140039447731755,1650
22373,0.5986622073578596,1650
37315,0.9294968363965049,1650
67274,0.9855198829134618,1650
44353,0.9855198829134618,1650
47767,0.9605658709106984,1650
98003,0.9855198829134618,1650
34586,0.9855198829134618,1650
107138,0.8403336748134055,1650
31253,0.9855198829134618,1650
21853,0.9729318734793188,1650
109366,0.9534913353720693,1650
113313,0.9855198829134618,1650
727,0.9328165374677002,1650
20376,0.9855198829134618,1650
92244,0.9328165374677002,1650
71803,0.9421383647798742,1650
22106,0.9855198829134618,1650
56553,0.8403336748134055,1650
14286,0.9729318734793188,1650
24095,0.9855198829134618,1650
91808,0.9605658709106984,1650
2221,0.7601626016260162,1650
112027,0.9855198829134618,1650
49460,0.9855198829134618,1650
95123,0.9855198829134618,1650
17997,0.8403336748134055,1650
59815,0.8403336748134055,1650
35859,0.9855198829134618,1650
73595,0.9855198829134618,1650
83619,0.8908624432603118,1650
48776,0.9605658709106984,1650
5301,0.9605658709106984,1650
6599,0.9534913353720693,1650
67721,0.9534913353720693,1650
66069,0.9855198829134618,1650
38641,0.9855198829134618,1650
16773,0.8403336748134055,1650
3882,0.9855198829134618,1650
71513,0.9729318734793188,1650
92798,0.8263772954924875,1650
21856,0.8403336748134055,1650
92318,0.9855198829134618,1650
92935,0.9855198829134618,1650
50250,0.9855198829134618,1650
37076,0.9855198829134618,1650
52211,0.9855198829134618,1650
19003,0.9855198829134618,1650
16986,0.9855198829134618,1650
111272,0.9855198829134618,1650
69550,0.8908624432603118,1650
51955,0.9855198829134618,1650
77074,0.9855198829134618,1650
67066,0.9729318734793188,1650
8921,0.9294968363965049,1650
43321,0.8908624432603118,1650
26838,0.8403336748134055,1650
76001,0.9855198829134618,1650
9514,0.9294968363965049,1650
40885,0.9855198829134618,1650
5704,0.9729318734793188,1650
31256,0.9534913353720693,1650
110315,0.9855198829134618,1650
51561,0.8263772954924875,1650
71902,0.9729318734793188,1650
16074,0.8908624432603118,1650
60383,0.9855198829134618,1650
33852,0.9421383647798742,1650
12757,0.9855198829134618,1650
23087,0.9855198829134618,1650
108034,0.878755364806867,1650
91691,0.9855198829134618,1650
29603,0.9855198829134618,1650
66676,0.9421383647798742,1650
45190,0.9729318734793188,1650
96402,0.9855198829134618,1650
87704,0.9855198829134618,1650
25897,0.9855198829134618,1650
110005,0.9855198829134618,1650
24229,0.9729318734793188,1650
74560,0.9294968363965049,1650
97637,0.8908624432603118,1650
73833,0.9729318734793188,1650
70456,0.9855198829134618,1650
74895,0.8908624432603118,1650
26357,0.9729318734793188,1650
63864,0.9605658709106984,1650
11692,0.9855198829134618,1650
70535,0.9855198829134618,1650
75614,0.9534913353720693,1650
3143,0.8403336748134055,1650
82322,0.9421383647798742,1650
58888,0.9855198829134618,1650
65189,0.9729318734793188,1650
12602,0.9534913353720693,1650
98317,0.9328165374677002,1650
108796,0.9855198829134618,1650
26761,0.8403336748134055,1650
6138,0.9729318734793188,1650
8938,0.9855198829134618,1650
5320,0.9729318734793188,1650
80180,0.9855198829134618,1650
112127,0.9328165374677002,1650
55190,0.9855198829134618,1650
44455,0.9855198829134618,1650
20283,0.9855198829134618,1650
94841,0.9855198829134618,1650
65748,0.9534913353720693,1650
82021,0.9855198829134618,1650
83949,0.9855198829134618,1650
39076,0.8403336748134055,1650
44776,0.9294968363965049,1650
25150,0.9729318734793188,1650
99588,0.9328165374677002,1650
2191,0.9855198829134618,1650
74719,0.9855198829134618,1650
96149,0.9534913353720693,1650
65915,0.9855198829134618,1650
109981,0.9605658709106984,1650
52114,0.9855198829134618,1650
92069,0.8403336748134055,1650
42701,0.9855198829134618,1650
25065,0.9855198829134618,1650
103611,0.8908624432603118,1650
4143,0.8908624432603118,1650
20856,0.9855198829134618,1650
30900,0.8607594936708861,1650
97611,0.9855198829134618,1650
39096,0.9855198829134618,1650
39387,0.9534913353720693,1650
90121,0.9605658709106984,1650
27635,0.9729318734793188,1650
21292,0.9855198829134618,1650
96031,0.9855198829134618,1650
105022,0.9855198829134618,1650
18815,0.9855198829134618,1650
10704,0.9328165374677002,1650
48056,0.8908624432603118,1650
72276,0.8403336748134055,1650
36709,0.9328165374677002,1650
34571,0.9534913353720693,1650
64045,0.9534913353720693,1650
19298,0.9855198829134618,1650
73101,0.9855198829134618,1650
95052,0.8403336748134055,1650
17300,0.8403336748134055,1650
67059,0.9729318734793188,1650
73153,0.9729318734793188,1650
46226,0.8908624432603118,1650
38729,0.878755364806867,1650
32648,0.8908624432603118,1650
82488,0.9855198829134618,1650
39196,0.9855198829134618,1650
27536,0.8908624432603118,1650
20047,0.9534913353720693,1650
81029,0.7140039447731755,1650
50219,0.9855198829134618,1650
21059,0.8908624432603118,1650
91396,0.9855198829134618,1650
82908,0.9534913353720693,1650
14050,0.9855198829134618,1650
65389,0.9855198829134618,1650
83151,0.9729318734793188,1650
11700,0.9729318734793188,1650
77658,0.8263772954924875,1650
78483,0.9729318734793188,1650
83557,0.9534913353720693,1650
45554,0.8403336748134055,1650
27082,0.8403336748134055,1650
68737,0.9855198829134618,1650
21017,0.9855198829134618,1650
56729,0.8908624432603118,1650
106480,0.9328165374677002,1650
103430,0.8403336748134055,1650
53445,0.8263772954924875,1650
102422,0.7601626016260162,1650
85252,0.8403336748134055,1650
15608,0.9855198829134618,1650
5861,0.8403336748134055,1650
20995,0.8607594936708861,1650
61658,0.7116402116402116,1650
55574,0.9534913353720693,1650
80410,0.9605658709106984,1650
113960,0.9855198829134618,1650
24140,0.9855198829134618,1650
79870,0.9605658709106984,1650
50124,0.9534913353720693,1650
88653,0.878755364806867,1650
58859,0.9855198829134618,1650
74574,0.9855198829134618,1650
113746,0.8908624432603118,1650
59557,0.9328165374677002,1650
59340,0.9855198829134618,1650
3256,0.9729318734793188,1650
101670,0.9855198829134618,1650
27259,0.9855198829134618,1650
8254,0.8908624432603118,1650
66579,0.9729318734793188,1650
91880,0.9855198829134618,1650
26585,0.9855198829134618,1650
90898,0.8908624432603118,1650
111636,0.9855198829134618,1650
3071,0.9855198829134618,1650
38814,0.9729318734793188,1650
98252,0.9534913353720693,1650
98537,0.8403336748134055,1650
88379,0.9855198829134618,1650
83024,0.9855198829134618,1650
78705,0.9729318734793188,1650
31940,0.6086956521739131,1650
96000,0.9855198829134618,1650
111117,0.8908624432603118,1650
21019,0.9534913353720693,1650
94893,0.9855198829134618,1650
77531,0.9534913353720693,1650
89791,0.9534913353720693,1650
98700,0.9855198829134618,1650
96811,0.9855198829134618,1650
99670,0.9729318734793188,1650
2493,0.9855198829134618,1650
44790,0.9729318734793188,1650
111231,0.9729318734793188,1650
47517,0.8607594936708861,1650
110642,0.9855198829134618,1650
85203,0.9729318734793188,1650
37137,0.8908624432603118,1650
72957,0.9855198829134618,1650
21494,0.9855198829134618,1650
94445,0.9534913353720693,1650
48908,0.9855198829134618,1650
103595,0.9605658709106984,1650
24377,0.9729318734793188,1650
41088,0.9855198829134618,1650
31352,0.9729318734793188,1650
20337,0.9855198829134618,1650
43366,0.9729318734793188,1650
26421,0.9729318734793188,1650
1362,0.9855198829134618,1650
22646,0.9729318734793188,1650
45138,0.9855198829134618,1650
90442,0.9729318734793188,1650
65718,0.9855198829134618,1650
109123,0.9729318734793188,1650
92002,0.9534913353720693,1650
95388,0.9328165374677002,1650
39129,0.9855198829134618,1650
88722,0.9855198829134618,1650
67040,0.8607594936708861,1650
75231,0.9729318734793188,1650
74951,0.9855198829134618,1650
72470,0.9855198829134618,1650
16134,0.8403336748134055,1650
110300,0.9729318734793188,1650
7941,0.8403336748134055,1650
51569,0.9534913353720693,1650
50270,0.8607594936708861,1650
55505,0.8908624432603118,1650
2794,0.9855198829134618,1650
104134,0.8403336748134055,1650
30082,0.9729318734793188,1650
82030,0.9855198829134618,1650
28368,0.9855198829134618,1650
64580,0.9605658709106984,1650
108363,0.9855198829134618,1650
9694,0.9855198829134618,1650
84617,0.8403336748134055,1650
7654,0.9855198829134618,1650
52331,0.9855198829134618,1650
56672,0.9855198829134618,1650
100365,0.8263772954924875,1650
88201,0.9855198829134618,1650
2839,0.9605658709106984,1650
104062,0.9855198829134618,1650
94560,0.9534913353720693,1650
76476,0.9855198829134618,1650
68850,0.8403336748134055,1650
108605,0.878755364806867,1650
106249,0.9855198829134618,1650
60939,0.9855198829134618,1650
103540,0.9855198829134618,1650
74962,0.9294968363965049,1650
102355,0.9729318734793188,1650
4229,0.9855198829134618,1650
14278,0.8403336748134055,1650
24496,0.9421383647798742,1650
29971,0.9855198829134618,1650
44609,0.9855198829134618,1650
31535,0.9855198829134618,1650
45890,0.9855198829134618,1650
93301,0.7140039447731755,1650
13601,0.9855198829134618,1650
556,0.8263772954924875,1650
90058,0.9605658709106984,1650
45913,0.6086956521739131,1650
111889,0.9855198829134618,1650
99810,0.9855198829134618,1650
91179,0.7116402116402116,1650
53693,0.7116402116402116,1650
48548,0.8403336748134055,1650
37479,0.9855198829134618,1650
101332,0.9534913353720693,1650
13092,0.9855198829134618,1650
66144,0.9729318734793188,1650
63143,0.9855198829134618,1650
37958,1.0,1650
82851,0.9855198829134618,1650
94681,0.9729318734793188,1650
18821,0.8908624432603118,1650
86943,0.8908624432603118,1650
31076,0.9855198829134618,1650
58060,0.9855198829134618,1650
44048,0.8607594936708861,1650
78586,0.9855198829134618,1650
77687,0.9855198829134618,1650
61371,0.9855198829134618,1650
41741,0.8403336748134055,1650
94679,0.9328165374677002,1650
113128,0.9855198829134618,1650
105966,0.9855198829134618,1650
99356,0.9855198829134618,1650
47726,0.9855198829134618,1650
5326,0.9605658709106984,1650
111500,0.9729318734793188,1650
101534,0.9534913353720693,1650
91613,0.9421383647798742,1650
5974,0.8908624432603118,1650
35945,0.878755364806867,1650
61819,0.3236994219653179,1650
101467,0.8403336748134055,1650
37597,0.9855198829134618,1650
109268,0.9729318734793188,1650
2718,0.9855198829134618,1650
54252,0.9855198829134618,1650
50977,0.9729318734793188,1650
63433,0.8403336748134055,1650
35530,0.9855198829134618,1650
52126,0.8908624432603118,1650
110634,0.9294968363965049,1650
112319,0.9294968363965049,1650
98758,0.5373831775700935,1650
82854,0.9855198829134618,1650
27081,0.9729318734793188,1650
61784,0.9855198829134618,1650
95032,0.9855198829134618,1650
94907,0.9855198829134618,1650
68960,0.9855198829134618,1650
81756,0.9328165374677002,1650
18206,0.9855198829134618,1650
65027,0.9855198829134618,1650
33778,0.9855198829134618,1650
62590,0.9534913353720693,1650
100479,0.8263772954924875,1650
92203,0.5986622073578596,1650
49360,0.9855198829134618,1650
69627,0.9855198829134618,1650
90607,0.8908624432603118,1650
54737,0.9855198829134618,1650
16906,0.9855198829134618,1650
80161,0.9855198829134618,1650
75260,0.9729318734793188,1650
79595,0.8908624432603118,1650
78182,0.8403336748134055,1650
58517,0.9855198829134618,1650
17676,0.9855198829134618,1650
21958,0.9729318734793188,1650
17938,0.9605658709106984,1650
2553,0.9855198829134618,1650
61292,0.9855198829134618,1650
14944,0.9729318734793188,1650
58302,0.9855198829134618,1650
104514,0.9855198829134618,1650
64978,0.8908624432603118,1650
25192,0.9855198829134618,1650
98508,0.9855198829134618,1650
22359,0.9855198829134618,1650
20151,0.9729318734793188,1650
98620,0.9855198829134618,1650
35647,0.9534913353720693,1650
67042,0.9855198829134618,1650
52411,0.9855198829134618,1650
27330,0.9729318734793188,1650
52879,0.9729318734793188,1650
89882,0.9729318734793188,1650
62363,0.9855198829134618,1650
104207,0.9534913353720693,1650
18596,0.9855198829134618,1650
102379,0.9855198829134618,1650
3215,0.9294968363965049,1650
95546,0.9534913353720693,1650
99097,0.9605658709106984,1650
19121,0.9855198829134618,1650
27037,0.9855198829134618,1650
35395,0.9855198829134618,1650
82820,0.9534913353720693,1650
103947,0.9855198829134618,1650
26739,0.9855198829134618,1650
75828,0.9605658709106984,1650
29600,0.9855198829134618,1650
79988,0.9855198829134618,1650
71355,0.9855198829134618,1650
74212,0.9605658709106984,1650
55015,0.9534913353720693,1650
30917,0.8908624432603118,1650
67450,0.9855198829134618,1650
49508,0.9855198829134618,1650
101057,0.9534913353720693,1650
19633,0.9855198829134618,1650
85649,0.9605658709106984,1650
90812,0.8908624432603118,1650
61584,0.9855198829134618,1650
51707,0.9855198829134618,1650
19884,0.9729318734793188,1650
109618,0.8908624432603118,1650
36577,0.9534913353720693,1650
22861,0.9294968363965049,1650
9881,0.9605658709106984,1650
71955,0.9534913353720693,1650
22063,0.6086956521739131,1650
42553,0.8403336748134055,1650
89255,0.9294968363965049,1650
79397,0.9534913353720693,1650
74131,0.9855198829134618,1650
83512,0.9421383647798742,1650
33466,0.9328165374677002,1650
56609,0.8908624432603118,1650
105287,0.9855198829134618,1650
82353,0.8263772954924875,1650
54888,0.9855198829134618,1650
75644,0.9729318734793188,1650
76660,0.9729318734793188,1650
14395,0.9294968363965049,1650
95923,0.9534913353720693,1650
94240,0.9294968363965049,1650
60070,0.9534913353720693,1650
98148,0.9855198829134618,1650
19943,0.9605658709106984,1650
99937,0.8607594936708861,1650
43420,0.9855198829134618,1650
72261,0.9855198829134618,1650
86474,0.9855198829134618,1650
53081,0.8263772954924875,1650
21365,0.8403336748134055,1650
7455,0.9855198829134618,1650
81718,0.9855198829134618,1650
33993,0.9605658709106984,1650
65503,0.9855198829134618,1650
10637,0.9534913353720693,1650
72575,0.8908624432603118,1650
48224,0.9855198829134618,1650
65848,0.9605658709106984,1650
74170,0.9855198829134618,1650
82207,0.9855198829134618,1650
23677,0.9855198829134618,1650
29543,0.9729318734793188,1650
44922,0.9729318734793188,1650
61873,0.9421383647798742,1650
31543,0.9729318734793188,1650
66744,0.9534913353720693,1650
942,0.9534913353720693,1650
107397,0.9855198829134618,1650
26849,0.8403336748134055,1650
73100,0.9855198829134618,1650
22903,0.9534913353720693,1650
67519,0.9855198829134618,1650
24598,0.9855198829134618,1650
2670,0.9605658709106984,1650
28163,0.9729318734793188,1650
85064,0.9855198829134618,1650
90248,0.9729318734793188,1650
585,0.9729318734793188,1650
57943,0.8908624432603118,1650
11804,0.9855198829134618,1650
111531,0.9855198829134618,1650
21549,0.9534913353720693,1650
815,0.9855198829134618,1650
97940,0.9855198829134618,1650
91573,0.9729318734793188,1650
13758,0.9534913353720693,1650
96280,0.8908624432603118,1650
89555,0.8607594936708861,1650
94349,0.9855198829134618,1650
68304,0.8403336748134055,1650
79361,0.9729318734793188,1650
58785,0.9855198829134618,1650
113915,0.9605658709106984,1650
83917,0.9855198829134618,1650
104225,0.9855198829134618,1650
55422,0.9534913353720693,1650
87781,0.878755364806867,1650
4645,0.9855198829134618,1650
13101,0.9855198829134618,1650
75406,0.9534913353720693,1650
107470,0.9855198829134618,1650
24811,0.9855198829134618,1650
82202,0.9729318734793188,1650
76992,0.8403336748134055,1650
96075,0.9729318734793188,1650
69775,0.9855198829134618,1650
19991,0.9534913353720693,1650
108607,0.8908624432603118,1650
43771,0.9855198829134618,1650
39891,0.9855198829134618,1650
87011,0.8403336748134055,1650
76920,0.9729318734793188,1650
101916,0.8908624432603118,1650
6100,0.9605658709106984,1650
26606,0.9294968363965049,1650
112921,0.8263772954924875,1650
28624,0.9855198829134618,1650
28813,0.9855198829134618,1650
32575,0.9855198829134618,1650
17724,0.9729318734793188,1650
110151,0.8263772954924875,1650
87707,0.9729318734793188,1650
31939,0.9855198829134618,1650
41257,0.9729318734793188,1650
78412,0.9855198829134618,1650
35084,0.9855198829134618,1650
34354,0.9855198829134618,1650
60703,0.8908624432603118,1650
56760,0.9855198829134618,1650
103428,0.9855198829134618,1650
38952,0.9729318734793188,1650
4816,0.9729318734793188,1650
113258,0.8403336748134055,1650
63660,0.9855198829134618,1650
3306,0.9855198829134618,1650
64560,0.9855198829134618,1650
71408,0.8908624432603118,1650
76524,0.9855198829134618,1650
16382,0.9855198829134618,1650
111320,0.9855198829134618,1650
71593,0.9855198829134618,1650
74901,0.9855198829134618,1650
91332,0.9855198829134618,1650
88955,0.9605658709106984,1650
11120,0.9855198829134618,1650
11059,0.9855198829134618,1650
19558,0.9729318734793188,1650
59718,0.9729318734793188,1650
106005,0.9855198829134618,1650
70158,0.9421383647798742,1650
85074,0.9729318734793188,1650
52091,0.9729318734793188,1650
16133,0.9855198829134618,1650
40216,0.878755364806867,1650
80004,0.9534913353720693,1650
113130,0.8403336748134055,1650
2310,0.9605658709106984,1650
41979,0.9534913353720693,1650
42894,0.9855198829134618,1650
69005,0.9729318734793188,1650
86524,0.9855198829134618,1650
108286,0.5986622073578596,1650
80607,0.9534913353720693,1650
78203,0.9855198829134618,1650
27006,0.8263772954924875,1650
83677,0.9855198829134618,1650
25774,0.8403336748134055,1650
26330,0.8403336748134055,1650
113344,0.8908624432603118,1650
67376,0.9729318734793188,1650
16665,0.9534913353720693,1650
59333,0.9855198829134618,1650
95481,0.9534913353720693,1650
13816,0.9294968363965049,1650
20137,0.9534913353720693,1650
53942,0.9328165374677002,1650
15213,0.9855198829134618,1650
32348,0.9090909090909091,1650
88904,0.8403336748134055,1650
34924,0.9855198829134618,1650
9702,0.8908624432603118,1650
3060,0.9855198829134618,1650
111285,0.9855198829134618,1650
34597,0.9729318734793188,1650
89730,0.9855198829134618,1650
37270,0.8403336748134055,1650
98713,0.9855198829134618,1650
50070,0.9729318734793188,1650
25734,0.6086956521739131,1650
109118,0.9534913353720693,1650
99350,0.9855198829134618,1650
71774,0.9855198829134618,1650
88523,0.9534913353720693,1650
79063,0.468,1650
72677,0.9294968363965049,1650
74076,0.9855198829134618,1650
4447,0.9534913353720693,1650
7964,0.9855198829134618,1650
95170,0.9328165374677002,1650
61348,0.9855198829134618,1650
37309,0.9605658709106984,1650
63705,0.9729318734793188,1650
53840,0.8403336748134055,1650
3322,0.9855198829134618,1650
67073,0.9605658709106984,1650
28698,0.8403336748134055,1650
20326,0.9729318734793188,1650
30181,0.9605658709106984,1650
57912,0.8607594936708861,1650
37112,0.9855198829134618,1650
101879,0.9729318734793188,1650
44960,0.9729318734793188,1650
14564,0.9855198829134618,1650
54687,0.9855198829134618,1650
52445,0.9855198829134618,1650
26845,0.9855198829134618,1650
63356,0.9294968363965049,1650
25952,0.9855198829134618,1650
26535,0.8403336748134055,1650
80811,0.9855198829134618,1650
34309,0.9855198829134618,1650
101092,0.9855198829134618,1650
19402,0.9605658709106984,1650
47340,0.9534913353720693,1650
43516,0.9729318734793188,1650
16702,0.9855198829134618,1650
62077,0.878755364806867,1650
110405,0.9855198829134618,1650
28899,0.5986622073578596,1650
86979,0.9294968363965049,1650
33306,0.9729318734793188,1650
49960,0.9534913353720693,1650
11486,0.9328165374677002,1650
45184,0.9855198829134618,1650
79540,0.9605658709106984,1650
44422,0.9855198829134618,1650
11928,0.9855198829134618,1650
96611,0.9534913353720693,1650
70650,0.9729318734793188,1650
110138,0.9855198829134618,1650
92348,0.8263772954924875,1650
22999,0.8403336748134055,1650
72920,0.9855198829134618,1650
68559,0.9421383647798742,1650
13023,0.9605658709106984,1650
23031,0.9855198829134618,1650
28424,0.9855198829134618,1650
80039,0.9855198829134618,1650
63428,0.8403336748134055,1650
45707,0.9534913353720693,1650
74243,0.9855198829134618,1650
8387,0.9855198829134618,1650
210,0.9729318734793188,1650
77212,0.9855198829134618,1650
109688,0.9534913353720693,1650
47524,0.8403336748134055,1650
112001,0.9855198829134618,1650
95228,0.9855198829134618,1650
96495,0.8403336748134055,1650
99117,0.8908624432603118,1650
74357,0.9605658709106984,1650
7573,0.8908624432603118,1650
17922,0.9855198829134618,1650
2543,0.9534913353720693,1650
49674,0.9855198829134618,1650
51068,0.9729318734793188,1650
27555,0.9855198829134618,1650
49007,0.9855198829134618,1650
40388,0.9729318734793188,1650
26889,0.9294968363965049,1650
29959,0.878755364806867,1650
107839,0.8403336748134055,1650
58867,0.9328165374677002,1650
8051,0.9855198829134618,1650
47237,0.9421383647798742,1650
36779,0.9328165374677002,1650
66163,0.9855198829134618,1650
104210,0.5986622073578596,1650
9153,0.9729318734793188,1650
4895,0.8263772954924875,1650
91137,0.9855198829134618,1650
81620,0.9855198829134618,1650
71414,0.878755364806867,1650
21863,0.9729318734793188,1650
11639,0.9294968363965049,1650
104281,0.9855198829134618,1650
56186,0.8607594936708861,1650
85725,0.9855198829134618,1650
27953,0.9294968363965049,1650
918,0.8403336748134055,1650
94522,0.9855198829134618,1650
91243,0.9855198829134618,1650
7625,0.9855198829134618,1650
75492,0.9855198829134618,1650
16449,0.9729318734793188,1650
36376,0.9855198829134618,1650
68631,0.9855198829134618,1650
70435,0.8908624432603118,1650
25910,0.9855198829134618,1650
2378,0.9855198829134618,1650
44525,0.8908624432603118,1650
10476,0.9855198829134618,1650
111707,0.8908624432603118,1650
24103,0.9534913353720693,1650
56691,0.9294968363965049,1650
10132,0.9855198829134618,1650
105182,0.9855198829134618,1650
25834,0.9855198829134618,1650
56589,0.9294968363965049,1650
80825,0.9328165374677002,1650
83078,0.9729318734793188,1650
77664,0.9855198829134618,1650
37587,0.9855198829134618,1650
34052,0.9855198829134618,1650
9712,0.9855198829134618,1650
9145,0.8908624432603118,1650
8344,0.8908624432603118,1650
89322,0.9729318734793188,1650
72509,0.878755364806867,1650
38890,0.9855198829134618,1650
105377,0.8607594936708861,1650
77628,0.7601626016260162,1650
91294,0.8403336748134055,1650
61561,0.9328165374677002,1650
67477,0.9294968363965049,1650
67129,0.9855198829134618,1650
13338,0.8403336748134055,1650
32712,0.9855198829134618,1650
30266,0.7601626016260162,1650
21698,0.7140039447731755,1650
69324,0.9294968363965049,1650
36790,0.9605658709106984,1650
57635,0.9855198829134618,1650
3558,0.9605658709106984,1650
110841,0.9855198829134618,1650
72799,0.9328165374677002,1650
14469,0.8908624432603118,1650
97108,0.9855198829134618,1650
62617,0.9855198829134618,1650
86283,0.9855198829134618,1650
42205,0.9729318734793188,1650
110146,0.8263772954924875,1650
103455,0.9855198829134618,1650
38349,0.9605658709106984,1650
3155,0.9729318734793188,1650
72554,0.9855198829134618,1650
57510,0.9534913353720693,1650
9196,0.8403336748134055,1650
25597,0.8908624432603118,1650
112510,0.9605658709106984,1650
93720,0.9855198829134618,1650
49450,0.9855198829134618,1650
15374,0.9294968363965049,1650
94123,0.9855198829134618,1650
47134,0.9855198829134618,1650
40007,0.9855198829134618,1650
14044,0.7601626016260162,1650
31639,0.9855198829134618,1650
85063,0.8908624432603118,1650
28821,0.8403336748134055,1650
37841,0.9729318734793188,1650
50303,0.8908624432603118,1650
100977,0.8908624432603118,1650
19716,0.8908624432603118,1650
98392,0.8908624432603118,1650
4289,0.9855198829134618,1650
44045,0.8403336748134055,1650
102070,0.9294968363965049,1650
93335,0.7140039447731755,1650
80845,0.8908624432603118,1650
84192,0.9855198829134618,1650
34344,0.9855198829134618,1650
54648,0.9534913353720693,1650
59378,0.9855198829134618,1650
75443,0.8403336748134055,1650
89041,0.9729318734793188,1650
24027,0.8403336748134055,1650
40261,0.9729318734793188,1650
34863,0.9855198829134618,1650
93477,0.7140039447731755,1650
50595,0.9855198829134618,1650
88760,0.9605658709106984,1650
87954,0.08333333333333333,1650
10538,0.9855198829134618,1650
23086,0.9855198829134618,1650
53041,0.9855198829134618,1650
96193,0.8263772954924875,1650
71766,0.9729318734793188,1650
78663,0.9855198829134618,1650
78522,0.9534913353720693,1650
36746,0.8908624432603118,1650
82958,0.9534913353720693,1650
7410,0.9855198829134618,1650
102076,0.9855198829134618,1650
59182,0.9855198829134618,1650
935,0.9534913353720693,1650
110653,0.8403336748134055,1650
24918,0.9605658709106984,1650
47258,0.8403336748134055,1650
48516,0.9729318734793188,1650
74044,0.9729318734793188,1650
59701,0.9534913353720693,1650
3680,0.9534913353720693,1650
66708,0.9855198829134618,1650
41969,0.7116402116402116,1650
65879,0.9855198829134618,1650
37209,0.9729318734793188,1650
672,0.9855198829134618,1650
46946,0.9855198829134618,1650
85720,0.8403336748134055,1650
35304,0.9855198829134618,1650
65011,0.9729318734793188,1650
4193,0.9855198829134618,1650
19543,0.9534913353720693,1650
46132,0.8403336748134055,1650
21048,0.9294968363965049,1650
93437,0.9855198829134618,1650
63794,0.9855198829134618,1650
82226,0.9855198829134618,1650
62320,0.9855198829134618,1650
68271,0.9534913353720693,1650
37712,0.8403336748134055,1650
89989,0.9534913353720693,1650
108134,0.9729318734793188,1650
45075,0.9855198829134618,1650
36261,0.8403336748134055,1650
51715,0.9534913353720693,1650
19243,0.9855198829134618,1650
34299,0.9855198829134618,1650
26001,0.9605658709106984,1650
43889,0.9855198829134618,1650
52993,0.9294968363965049,1650
52081,0.9294968363965049,1650
95657,0.9855198829134618,1650
25722,0.8607594936708861,1650
78176,0.8908624432603118,1650
104112,0.9294968363965049,1650
47064,0.9729318734793188,1650
80741,0.8607594936708861,1650
103193,0.9855198829134618,1650
52543,0.9605658709106984,1650
22150,0.9605658709106984,1650
23536,0.9534913353720693,1650
7781,0.8403336748134055,1650
70942,0.9729318734793188,1650
14113,0.9328165374677002,1650
30169,0.8403336748134055,1650
21439,0.9855198829134618,1650
5901,0.9421383647798742,1650
11782,0.9729318734793188,1650
70579,0.9855198829134618,1650
1436,0.9729318734793188,1650
48800,0.9729318734793188,1650
16759,0.9855198829134618,1650
101495,0.9534913353720693,1650
74785,0.8908624432603118,1650
58671,0.9605658709106984,1650
27005,0.9605658709106984,1650
2455,0.9605658709106984,1650
88915,0.9605658709106984,1650
26493,0.9855198829134618,1650
84212,0.9534913353720693,1650
10557,0.8403336748134055,1650
38558,0.9294968363965049,1650
42601,0.8403336748134055,1650
18198,0.9855198829134618,1650
67609,0.9855198829134618,1650
98530,0.9855198829134618,1650
58371,0.9855198829134618,1650
93084,0.9534913353720693,1650
109370,0.9855198829134618,1650
43090,0.9855198829134618,1650
31440,0.9729318734793188,1650
112186,0.9855198829134618,1650
25296,0.9534913353720693,1650
6497,0.9855198829134618,1650
52799,0.8908624432603118,1650
59049,0.8908624432603118,1650
73235,0.9855198829134618,1650
88256,0.9855198829134618,1650
56176,0.9729318734793188,1650
44532,0.8908624432603118,1650
79599,0.9534913353720693,1650
28788,0.8908624432603118,1650
70022,0.9855198829134618,1650
31836,0.9855198829134618,1650
25883,0.9534913353720693,1650
54763,0.8607594936708861,1650
48788,0.8403336748134055,1650
59238,0.878755364806867,1650
37767,0.9534913353720693,1650
62875,0.8908624432603118,1650
70958,0.9729318734793188,1650
68791,0.9855198829134618,1650
76103,0.9855198829134618,1650
112189,0.8403336748134055,1650
35650,0.8908624432603118,1650
26031,0.9534913353720693,1650
47459,0.8403336748134055,1650
80989,0.9855198829134618,1650
39247,0.9729318734793188,1650
64184,0.9729318734793188,1650
84008,0.9855198829134618,1650
87791,0.9729318734793188,1650
5699,0.9605658709106984,1650
26133,0.9534913353720693,1650
13741,0.9729318734793188,1650
2304,0.9855198829134618,1650
44984,0.9855198829134618,1650
45379,0.9855198829134618,1650
103131,0.9534913353720693,1650
60382,0.9855198829134618,1650
60696,0.9855198829134618,1650
98656,0.9729318734793188,1650
54913,0.9855198829134618,1650
50532,0.8403336748134055,1650
15298,0.9855198829134618,1650
16930,0.8908624432603118,1650
63330,0.9855198829134618,1650
64612,0.9534913353720693,1650
70539,0.9855198829134618,1650
105751,0.9729318734793188,1650
88408,0.9729318734793188,1650
14612,0.8403336748134055,1650
33692,0.9605658709106984,1650
73545,0.9855198829134618,1650
108317,0.9855198829134618,1650
99424,0.8403336748134055,1650
90327,0.9855198829134618,1650
102783,0.6086956521739131,1650
113146,0.8908624432603118,1650
62608,0.9855198829134618,1650
68632,0.9729318734793188,1650
48189,0.9855198829134618,1650
109271,0.8403336748134055,1650
3070,0.7601626016260162,1650
59769,0.9855198829134618,1650
23446,0.8403336748134055,1650
87123,0.9534913353720693,1650
35915,0.9855198829134618,1650
4888,0.9605658709106984,1650
71786,0.9729318734793188,1650
65608,0.9294968363965049,1650
15537,0.9294968363965049,1650
98863,0.8607594936708861,1650
23622,0.9729318734793188,1650
73367,0.9855198829134618,1650
99370,0.8908624432603118,1650
18490,0.9534913353720693,1650
14378,0.9534913353720693,1650
100355,0.9729318734793188,1650
42787,0.9729318734793188,1650
69001,0.9534913353720693,1650
24928,0.9729318734793188,1650
31774,0.9729318734793188,1650
2962,0.8403336748134055,1650
108754,0.9605658709106984,1650
58744,0.9605658709106984,1650
9974,0.9855198829134618,1650
75530,0.9855198829134618,1650
30616,0.9855198829134618,1650
11735,0.9605658709106984,1650
39230,0.8403336748134055,1650
7804,0.9855198829134618,1650
50391,0.9855198829134618,1650
108780,0.8403336748134055,1650
7584,0.9328165374677002,1650
3337,0.9855198829134618,1650
16076,0.9534913353720693,1650
30116,0.9729318734793188,1650
112403,0.8908624432603118,1650
110281,0.8403336748134055,1650
60052,0.8263772954924875,1650
37804,0.8403336748134055,1650
22780,0.9855198829134618,1650
5851,0.9605658709106984,1650
92067,0.9855198829134618,1650
24253,0.9855198829134618,1650
20627,0.8403336748134055,1650
7396,0.9729318734793188,1650
76863,0.9855198829134618,1650
55701,0.9855198829134618,1650
64785,0.8908624432603118,1650
86533,0.8263772954924875,1650
19481,0.9294968363965049,1650
84478,0.9855198829134618,1650
69461,0.9328165374677002,1650
18495,0.7601626016260162,1650
54189,0.9729318734793188,1650
75738,0.9855198829134618,1650
28867,0.9294968363965049,1650
49091,0.9855198829134618,1650
16570,0.8403336748134055,1650
40941,0.9605658709106984,1650
69539,0.9855198829134618,1650
4311,0.9855198829134618,1650
110616,0.9534913353720693,1650
53066,0.9294968363965049,1650
101961,0.8263772954924875,1650
1478,0.9534913353720693,1650
60484,0.9855198829134618,1650
104018,0.9855198829134618,1650
53175,0.8908624432603118,1650
53323,0.9534913353720693,1650
104396,0.9855198829134618,1650
26192,0.8263772954924875,1650
28269,0.9855198829134618,1650
20481,0.9855198829134618,1650
63306,0.8403336748134055,1650
68602,0.9855198829134618,1650
89768,0.9855198829134618,1650
12218,0.9855198829134618,1650
13010,0.9855198829134618,1650
77161,0.9534913353720693,1650
93085,0.8403336748134055,1650
97571,0.9855198829134618,1650
3380,0.9855198829134618,1650
106601,0.8908624432603118,1650
104435,0.9855198829134618,1650
17738,0.9534913353720693,1650
34023,0.9729318734793188,1650
22149,0.9729318734793188,1650
61891,0.9605658709106984,1650
100505,0.9855198829134618,1650
74158,0.8908624432603118,1650
12145,0.9855198829134618,1650
109903,0.9855198829134618,1650
48047,0.9855198829134618,1650
28798,0.9855198829134618,1650
62849,0.7116402116402116,1650
65791,0.9855198829134618,1650
21119,0.8403336748134055,1650
18641,0.9729318734793188,1650
78685,0.9328165374677002,1650
63154,0.9855198829134618,1650
92569,0.0,1650
41267,0.9855198829134618,1650
29791,0.9294968363965049,1650
8712,0.9605658709106984,1650
14455,0.9294968363965049,1650
101776,0.9855198829134618,1650
113335,0.9605658709106984,1650
8186,0.8908624432603118,1650
28808,0.9855198829134618,1650
17390,0.8908624432603118,1650
61670,0.9855198829134618,1650
89008,0.8403336748134055,1650
92901,0.9729318734793188,1650
61983,0.9855198829134618,1650
6696,0.9729318734793188,1650
79619,0.9855198829134618,1650
107982,0.9855198829134618,1650
48673,0.9729318734793188,1650
33664,0.9729318734793188,1650
33866,0.9855198829134618,1650
46721,0.9605658709106984,1650
77025,0.8403336748134055,1650
72577,0.9605658709106984,1650
110733,0.9328165374677002,1650
43256,0.8908624432603118,1650
14499,0.9534913353720693,1650
67205,0.5986622073578596,1650
7850,0.9855198829134618,1650
8078,0.9729318734793188,1650
25563,0.9855198829134618,1650
33415,0.9729318734793188,1650
14943,0.9855198829134618,1650
107654,0.9855198829134618,1650
29876,0.878755364806867,1650
86661,0.8263772954924875,1650
51028,0.9855198829134618,1650
33246,0.9729318734793188,1650
3379,0.9855198829134618,1650
36566,0.9855198829134618,1650
95601,0.9328165374677002,1650
4689,0.9855198829134618,1650
80304,0.9294968363965049,1650
49899,0.9855198829134618,1650
17728,0.9729318734793188,1650
43961,0.9294968363965049,1650
88202,0.9855198829134618,1650
95510,0.9729318734793188,1650
17216,0.9605658709106984,1650
57955,0.9729318734793188,1650
17661,0.9729318734793188,1650
111635,0.9855198829134618,1650
35171,0.9855198829134618,1650
77748,0.9855198829134618,1650
61777,0.8908624432603118,1650
113397,0.9729318734793188,1650
79245,0.9855198829134618,1650
104846,0.8403336748134055,1650
42382,0.9421383647798742,1650
99501,0.9855198829134618,1650
69532,0.9534913353720693,1650
51822,0.8263772954924875,1650
57716,0.9855198829134618,1650
38599,0.9855198829134618,1650
51746,0.9605658709106984,1650
90537,0.9855198829134618,1650
90052,0.9855198829134618,1650
86038,0.9855198829134618,1650
41868,0.9855198829134618,1650
6798,0.9534913353720693,1650
40748,0.9534913353720693,1650
80127,0.9534913353720693,1650
90979,0.9855198829134618,1650
6087,0.8403336748134055,1650
77249,0.9729318734793188,1650
95077,0.9534913353720693,1650
78738,0.9534913353720693,1650
50542,0.9855198829134618,1650
67155,0.9729318734793188,1650
35665,0.9729318734793188,1650
8625,0.6086956521739131,1650
88433,0.9534913353720693,1650
70147,0.9855198829134618,1650
2644,0.8403336748134055,1650
54451,0.9855198829134618,1650
79676,0.9729318734793188,1650
66987,0.9855198829134618,1650
16431,0.8607594936708861,1650
6666,0.9534913353720693,1650
11007,0.9855198829134618,1650
7643,0.8403336748134055,1650
23848,0.9855198829134618,1650
32012,0.9855198829134618,1650
25021,0.9605658709106984,1650
41606,0.9729318734793188,1650
75140,0.8403336748134055,1650
52321,0.9294968363965049,1650
50330,0.08333333333333333,1650
103669,0.9855198829134618,1650
9353,0.9294968363965049,1650
102279,0.9855198829134618,1650
95177,0.9534913353720693,1650
65144,0.9855198829134618,1650
82355,0.9855198829134618,1650
48004,0.9855198829134618,1650
77210,0.8908624432603118,1650
97417,0.8403336748134055,1650
109361,0.9855198829134618,1650
13564,0.9855198829134618,1650
21114,0.9729318734793188,1650
54477,0.9855198829134618,1650
80661,0.9855198829134618,1650
57343,0.9729318734793188,1650
110966,0.9729318734793188,1650
81371,0.8403336748134055,1650
96654,0.9855198829134618,1650
72176,0.9855198829134618,1650
110525,0.9328165374677002,1650
112629,0.8263772954924875,1650
79017,0.8908624432603118,1650
19631,0.9855198829134618,1650
88117,0.9421383647798742,1650
21836,0.9328165374677002,1650
38051,0.9855198829134618,1650
95542,0.9534913353720693,1650
41466,0.8263772954924875,1650
52008,0.9534913353720693,1650
44901,0.9729318734793188,1650
64871,0.9855198829134618,1650
67547,0.9534913353720693,1650
25506,0.9855198829134618,1650
79825,0.9855198829134618,1650
56806,0.9855198829134618,1650
43928,0.9855198829134618,1650
66608,0.878755364806867,1650
86220,0.9534913353720693,1650
91375,0.8607594936708861,1650
47371,0.9729318734793188,1650
90092,0.9534913353720693,1650
68081,0.9534913353720693,1650
87223,0.9605658709106984,1650
109377,0.9328165374677002,1650
25606,0.9605658709106984,1650
90290,0.9534913353720693,1650
95030,0.9328165374677002,1650
33753,0.9729318734793188,1650
44909,0.9294968363965049,1650
72989,0.9729318734793188,1650
26794,0.9855198829134618,1650
86298,0.9855198829134618,1650
88434,0.9855198829134618,1650
90899,0.9605658709106984,1650
107349,0.9729318734793188,1650
41181,0.9855198829134618,1650
82585,0.9534913353720693,1650
54388,0.9855198829134618,1650
12997,0.9294968363965049,1650
20469,0.9855198829134618,1650
67953,0.9855198829134618,1650
87220,0.8908624432603118,1650
62102,0.8403336748134055,1650
61481,0.9534913353720693,1650
5098,0.9855198829134618,1650
46359,0.6086956521739131,1650
74052,0.9729318734793188,1650
50513,0.9328165374677002,1650
104854,0.9534913353720693,1650
58199,0.9605658709106984,1650
91657,0.9855198829134618,1650
22363,0.9855198829134618,1650
78825,0.9729318734793188,1650
113240,0.8908624432603118,1650
47370,0.9729318734793188,1650
23540,0.9605658709106984,1650
85403,0.9855198829134618,1650
58697,0.9534913353720693,1650
7374,0.9729318734793188,1650
24570,0.5986622073578596,1650
21489,0.9855198829134618,1650
105512,0.8263772954924875,1650
59424,0.8908624432603118,1650
101387,0.9729318734793188,1650
65948,0.9855198829134618,1650
6393,0.8263772954924875,1650
56227,0.9855198829134618,1650
82791,0.9729318734793188,1650
21127,0.9605658709106984,1650
37244,0.8908624432603118,1650
73211,0.8403336748134055,1650
46164,0.9855198829134618,1650
48038,0.8403336748134055,1650
22186,0.9855198829134618,1650
36752,0.9729318734793188,1650
9711,0.9855198829134618,1650
10506,0.9855198829134618,1650
50586,0.8403336748134055,1650
69689,0.7116402116402116,1650
64631,0.9729318734793188,1650
97512,0.9855198829134618,1650
75789,0.9855198829134618,1650
1864,0.8263772954924875,1650
22029,0.8908624432603118,1650
55294,0.9855198829134618,1650
1573,0.9605658709106984,1650
103496,0.9855198829134618,1650
28039,0.9855198829134618,1650
10600,0.9729318734793188,1650
108913,0.9729318734793188,1650
85944,0.6086956521739131,1650
112169,0.9534913353720693,1650
84103,0.9855198829134618,1650
15865,0.8403336748134055,1650
55237,0.8908624432603118,1650
17662,0.9605658709106984,1650
13254,0.9294968363965049,1650
105012,0.8607594936708861,1650
34286,0.9294968363965049,1650
67811,0.6086956521739131,1650
44803,0.9855198829134618,1650
94881,0.8403336748134055,1650
27332,0.9294968363965049,1650
62924,0.9855198829134618,1650
93218,0.9855198829134618,1650
15003,0.9421383647798742,1650
7429,0.8403336748134055,1650
66349,0.9855198829134618,1650
60409,0.8403336748134055,1650
30218,0.9534913353720693,1650
107938,0.9534913353720693,1650
102836,0.9729318734793188,1650
103849,0.9855198829134618,1650
68567,0.9855198829134618,1650
37168,0.9855198829134618,1650
74548,0.9855198829134618,1650
33953,0.8403336748134055,1650
74137,0.9855198829134618,1650
104347,0.9855198829134618,1650
96872,0.8403336748134055,1650
82976,0.9855198829134618,1650
32476,0.9855198829134618,1650
65005,0.7140039447731755,1650
99466,0.5986622073578596,1650
55652,0.9855198829134618,1650
42931,0.6086956521739131,1650
11432,0.8908624432603118,1650
65906,0.9605658709106984,1650
110927,0.9855198829134618,1650
28900,0.9729318734793188,1650
93219,0.8403336748134055,1650
12379,0.9605658709106984,1650
97605,0.9294968363965049,1650
5071,0.9855198829134618,1650
54099,0.9855198829134618,1650
55282,0.8403336748134055,1650
28855,0.9294968363965049,1650
57221,0.8263772954924875,1650
49474,0.9534913353720693,1650
53484,0.9855198829134618,1650
17419,0.9855198829134618,1650
83136,0.9294968363965049,1650
62521,0.9729318734793188,1650
57891,0.9855198829134618,1650
89764,0.9729318734793188,1650
27472,0.8403336748134055,1650
84667,0.7116402116402116,1650
89339,0.9855198829134618,1650
23266,0.9605658709106984,1650
94243,0.9605658709106984,1650
43743,0.9855198829134618,1650
102862,0.9855198829134618,1650
10943,0.9855198829134618,1650
13982,0.8908624432603118,1650
12449,0.9534913353720693,1650
22805,0.9729318734793188,1650
15794,0.9855198829134618,1650
45010,0.8908624432603118,1650
3593,0.9729318734793188,1650
274,0.9605658709106984,1650
79428,0.9729318734793188,1650
72931,0.8403336748134055,1650
20059,0.9855198829134618,1650
52878,0.9328165374677002,1650
47040,0.9855198829134618,1650
2248,0.9855198829134618,1650
113639,0.878755364806867,1650
1159,0.9534913353720693,1650
18519,0.9534913353720693,1650
46800,0.9855198829134618,1650
30311,0.8908624432603118,1650
113280,0.9534913353720693,1650
57487,0.9534913353720693,1650
40350,0.9855198829134618,1650
88351,0.9855198829134618,1650
7209,0.8908624432603118,1650
100823,0.9855198829134618,1650
28780,0.9855198829134618,1650
2661,0.9855198829134618,1650
46480,0.9421383647798742,1650
56295,0.9605658709106984,1650
63564,0.5784313725490197,1650
35925,0.9729318734793188,1650
12825,0.9855198829134618,1650
34763,0.8908624432603118,1650
91268,0.9855198829134618,1650
16057,0.8908624432603118,1650
91059,0.9855198829134618,1650
24051,0.9729318734793188,1650
47261,0.8461538461538461,1650
57374,0.9855198829134618,1650
536,0.9855198829134618,1650
77053,0.9855198829134618,1650
46515,0.9421383647798742,1650
12868,0.8908624432603118,1650
112350,0.9855198829134618,1650
58269,0.9855198829134618,1650
4091,0.8908624432603118,1650
40385,0.8403336748134055,1650
57236,0.9855198829134618,1650
33282,0.9729318734793188,1650
32606,0.9294968363965049,1650
24512,0.9855198829134618,1650
102583,0.9605658709106984,1650
1244,0.9855198829134618,1650
100451,0.9855198829134618,1650
47345,0.9855198829134618,1650
112641,0.9855198829134618,1650
61029,0.9855198829134618,1650
364,0.9729318734793188,1650
42618,0.9605658709106984,1650
15968,0.9855198829134618,1650
29369,0.9534913353720693,1650
110463,0.8403336748134055,1650
76113,0.9855198829134618,1650
11888,0.9605658709106984,1650
3467,0.9855198829134618,1650
49623,0.9855198829134618,1650
65523,0.9855198829134618,1650
3811,0.9294968363965049,1650
8561,0.9534913353720693,1650
32062,0.9855198829134618,1650
74090,0.9605658709106984,1650
52320,0.9855198829134618,1650
19668,0.9294968363965049,1650
112410,0.9855198829134618,1650
35892,0.9855198829134618,1650
59823,0.9855198829134618,1650
5471,0.9605658709106984,1650
80833,0.9729318734793188,1650
53158,0.9855198829134618,1650
69832,0.9855198829134618,1650
29673,0.9855198829134618,1650
91636,0.9855198829134618,1650
54817,0.9855198829134618,1650
42851,0.9855198829134618,1650
112489,0.8403336748134055,1650
107495,0.9855198829134618,1650
43784,0.9534913353720693,1650
106535,0.9729318734793188,1650
73499,0.9855198829134618,1650
60181,0.9855198829134618,1650
99805,0.9855198829134618,1650
5305,0.8908624432603118,1650
94317,0.8908624432603118,1650
52258,0.9855198829134618,1650
13156,0.9855198829134618,1650
107231,0.9855198829134618,1650
87377,0.9855198829134618,1650
58281,0.9534913353720693,1650
54857,0.9855198829134618,1650
71069,0.9729318734793188,1650
42546,0.9855198829134618,1650
14174,0.8908624432603118,1650
15279,0.9729318734793188,1650
46102,0.9855198829134618,1650
23916,0.9855198829134618,1650
86716,0.9855198829134618,1650
48578,0.8403336748134055,1650
35936,0.9328165374677002,1650
95419,0.9534913353720693,1650
2592,0.9855198829134618,1650
84702,0.7140039447731755,1650
33697,0.8263772954924875,1650
11422,0.9855198829134618,1650
49637,0.9855198829134618,1650
49600,0.9855198829134618,1650
90872,0.9534913353720693,1650
69584,0.9855198829134618,1650
68925,0.9855198829134618,1650
53248,0.9855198829134618,1650
87979,0.9855198829134618,1650
109814,0.9605658709106984,1650
25598,0.9294968363965049,1650
51464,0.9855198829134618,1650
105440,0.8908624432603118,1650
19696,0.9729318734793188,1650
9001,0.9855198829134618,1650
111738,0.9855198829134618,1650
65110,0.9328165374677002,1650
106017,0.9328165374677002,1650
53144,0.9605658709106984,1650
108384,0.9855198829134618,1650
100124,0.468,1650
41113,0.9855198829134618,1650
62854,0.9855198829134618,1650
65172,0.9534913353720693,1650
81647,0.9855198829134618,1650
25880,0.9855198829134618,1650
83872,0.9855198829134618,1650
20685,0.9855198829134618,1650
100509,0.8908624432603118,1650
7940,0.9855198829134618,1650
81499,0.9855198829134618,1650
99326,0.9855198829134618,1650
85106,0.9534913353720693,1650
104085,0.9605658709106984,1650
24733,0.9294968363965049,1650
76809,0.8908624432603118,1650
29231,0.9855198829134618,1650
82914,0.9855198829134618,1650
9483,0.9855198829134618,1650
22350,0.9855198829134618,1650
108159,0.9855198829134618,1650
37207,0.9729318734793188,1650
9165,0.9534913353720693,1650
97502,0.9855198829134618,1650
35860,0.9855198829134618,1650
65445,0.9534913353720693,1650
618,0.9534913353720693,1650
111586,0.9855198829134618,1650
16094,0.8403336748134055,1650
107599,0.9729318734793188,1650
20663,0.9855198829134618,1650
92729,0.9534913353720693,1650
84772,0.8403336748134055,1650
81987,0.8403336748134055,1650
51440,0.9855198829134618,1650
68319,0.9605658709106984,1650
90713,0.9855198829134618,1650
109728,0.9294968363965049,1650
34639,0.9729318734793188,1650
17306,0.9855198829134618,1650
56302,0.9534913353720693,1650
75264,0.9855198829134618,1650
16536,0.9328165374677002,1650
84816,0.9729318734793188,1650
84229,0.9605658709106984,1650
98889,0.9605658709106984,1650
69909,0.6086956521739131,1650
67899,0.9855198829134618,1650
53794,0.8403336748134055,1650
49323,0.8908624432603118,1650
31072,0.9855198829134618,1650
74462,0.8908624432603118,1650
58989,0.9294968363965049,1650
70403,0.9855198829134618,1650
69917,0.8403336748134055,1650
43914,0.9855198829134618,1650
37504,0.8908624432603118,1650
41643,0.9534913353720693,1650
15125,0.9729318734793188,1650
86262,0.9534913353720693,1650
7333,0.9534913353720693,1650
108593,0.8263772954924875,1650
78864,0.9605658709106984,1650
17803,0.9729318734793188,1650
2743,0.9855198829134618,1650
40366,0.9729318734793188,1650
38562,0.9534913353720693,1650
46061,0.9605658709106984,1650
111924,0.5986622073578596,1650
3124,0.8263772954924875,1650
56957,0.9855198829134618,1650
29248,0.9855198829134618,1650
34461,0.5373831775700935,1650
108575,0.9729318734793188,1650
103700,0.9855198829134618,1650
43225,0.8263772954924875,1650
43204,0.9534913353720693,1650
97743,0.8403336748134055,1650
36775,0.9294968363965049,1650
17543,0.9855198829134618,1650
59252,0.9534913353720693,1650
60627,0.9534913353720693,1650
106747,0.9855198829134618,1650
1057,0.8403336748134055,1650
13423,0.8908624432603118,1650
84961,0.9729318734793188,1650
100806,0.8908624432603118,1650
86729,0.8403336748134055,1650
107624,0.9855198829134618,1650
1313,0.9605658709106984,1650
74938,0.9855198829134618,1650
39505,0.8908624432603118,1650
13969,0.9729318734793188,1650
95730,0.9855198829134618,1650
24344,0.9855198829134618,1650
11243,0.9855198829134618,1650
50447,0.9729318734793188,1650
103156,0.9855198829134618,1650
93133,0.9605658709106984,1650
95445,0.9328165374677002,1650
43202,0.9328165374677002,1650
52669,0.9855198829134618,1650
52195,0.8908624432603118,1650
99488,0.9729318734793188,1650
64664,0.9855198829134618,1650
34683,0.9047619047619048,1650
7894,0.9605658709106984,1650
45640,0.9855198829134618,1650
85602,0.9605658709106984,1650
98980,0.9855198829134618,1650
17991,0.9855198829134618,1650
91598,0.9855198829134618,1650
110076,0.9605658709106984,1650
97105,0.9855198829134618,1650
65411,0.9855198829134618,1650
96296,0.9729318734793188,1650
53648,0.9855198829134618,1650
19116,0.8908624432603118,1650
14814,0.9605658709106984,1650
18170,0.9855198829134618,1650
67632,0.9534913353720693,1650
96717,0.9855198829134618,1650
78924,0.9729318734793188,1650
67089,0.9729318734793188,1650
19635,0.8403336748134055,1650
57041,0.9729318734793188,1650
57308,0.9855198829134618,1650
63142,0.9605658709106984,1650
21902,0.9855198829134618,1650
9188,0.9855198829134618,1650
98375,0.9855198829134618,1650
94227,0.9855198829134618,1650
44741,0.9855198829134618,1650
48474,0.9294968363965049,1650
85775,0.9855198829134618,1650
48204,0.9729318734793188,1650
20907,0.9605658709106984,1650
29976,0.9855198829134618,1650
21679,0.9855198829134618,1650
67103,0.9605658709106984,1650
17184,0.9605658709106984,1650
22446,0.9855198829134618,1650
75801,0.9855198829134618,1650
23130,0.9855198829134618,1650
49094,0.9855198829134618,1650
100566,0.9294968363965049,1650
68175,0.9605658709106984,1650
25875,0.9855198829134618,1650
8569,0.9605658709106984,1650
19584,0.9855198829134618,1650
100235,0.9534913353720693,1650
70915,0.7116402116402116,1650
108800,0.9605658709106984,1650
68943,0.8403336748134055,1650
64544,0.7140039447731755,1650
85982,0.8403336748134055,1650
94026,0.8908624432603118,1650
39114,0.9855198829134618,1650
73442,0.9855198829134618,1650
110362,0.9729318734793188,1650
2600,0.9855198829134618,1650
66889,0.9855198829134618,1650
95409,0.8607594936708861,1650
68327,0.9855198829134618,1650
17586,0.7601626016260162,1650
3437,0.8403336748134055,1650
60782,0.9855198829134618,1650
84172,0.9855198829134618,1650
83108,0.9855198829134618,1650
54108,0.8403336748134055,1650
108547,0.9605658709106984,1650
71517,0.9534913353720693,1650
22306,0.9855198829134618,1650
24303,0.9729318734793188,1650
16922,0.8403336748134055,1650
27742,0.9605658709106984,1650
57778,0.9729318734793188,1650
98357,0.8403336748134055,1650
38417,0.9855198829134618,1650
99090,0.9534913353720693,1650
96507,0.9855198829134618,1650
64475,0.9328165374677002,1650
39369,0.9294968363965049,1650
34779,0.8263772954924875,1650
86236,0.9534913353720693,1650
11346,0.9855198829134618,1650
41533,0.9294968363965049,1650
113567,0.9855198829134618,1650
92018,0.8607594936708861,1650
71064,0.9855198829134618,1650
7507,0.8908624432603118,1650
9889,0.9855198829134618,1650
91323,0.9729318734793188,1650
50546,0.8403336748134055,1650
21917,0.9534913353720693,1650
65398,0.9855198829134618,1650
23314,0.9729318734793188,1650
84341,0.9855198829134618,1650
7368,0.9729318734793188,1650
12737,0.9855198829134618,1650
15937,0.9294968363965049,1650
5938,0.9855198829134618,1650
101293,0.9855198829134618,1650
97670,0.9729318734793188,1650
49349,0.9855198829134618,1650
9652,0.8403336748134055,1650
86173,0.9855198829134618,1650
99232,0.9855198829134618,1650
39762,0.9534913353720693,1650
25637,0.9534913353720693,1650
103715,0.9855198829134618,1650
79308,0.8403336748134055,1650
81463,0.8403336748134055,1650
79358,0.9855198829134618,1650
75856,0.8908624432603118,1650
23464,0.8403336748134055,1650
101517,0.9855198829134618,1650
41946,0.9605658709106984,1650
75567,0.7601626016260162,1650
100081,0.9534913353720693,1650
96560,0.9534913353720693,1650
46559,0.9729318734793188,1650
50462,0.9855198829134618,1650
33829,0.8403336748134055,1650
8223,0.9729318734793188,1650
4468,0.9855198829134618,1650
36948,0.9294968363965049,1650
51747,0.9294968363965049,1650
77350,0.9729318734793188,1650
13662,0.9855198829134618,1650
101093,0.8403336748134055,1650
64351,0.9729318734793188,1650
63011,0.9855198829134618,1650
21728,0.9855198829134618,1650
89499,0.9855198829134618,1650
114052,0.8908624432603118,1650
51770,0.9605658709106984,1650
72885,0.9855198829134618,1650
66051,0.9534913353720693,1650
66678,0.9855198829134618,1650
4305,0.9605658709106984,1650
91976,0.9605658709106984,1650
16103,0.9855198829134618,1650
9525,0.9729318734793188,1650
84403,0.5373831775700935,1650
112325,0.8403336748134055,1650
8372,0.9729318734793188,1650
11861,0.8403336748134055,1650
84410,0.9855198829134618,1650
44753,0.9855198829134618,1650
64353,0.9855198829134618,1650
22696,0.9729318734793188,1650
86478,0.8263772954924875,1650
45959,0.9855198829134618,1650
100911,0.9605658709106984,1650
30980,0.9855198829134618,1650
5094,0.9855198829134618,1650
59064,0.9855198829134618,1650
77575,0.9534913353720693,1650
72400,0.9534913353720693,1650
19057,0.8403336748134055,1650
26931,0.9855198829134618,1650
58600,0.9855198829134618,1650
64116,0.9855198829134618,1650
74710,0.7140039447731755,1650
14573,0.9729318734793188,1650
11267,0.9855198829134618,1650
8310,0.9855198829134618,1650
20405,0.9605658709106984,1650
87402,0.08333333333333333,1650
52896,0.9855198829134618,1650
63733,0.9605658709106984,1650
99784,0.9855198829134618,1650
47681,0.8908624432603118,1650
19866,0.9294968363965049,1650
98963,0.9855198829134618,1650
103833,0.9855198829134618,1650
80140,0.9855198829134618,1650
6975,0.9855198829134618,1650
96369,0.7116402116402116,1650
90346,0.9729318734793188,1650
108209,0.9855198829134618,1650
54376,0.9534913353720693,1650
27138,0.9855198829134618,1650
167,0.9421383647798742,1650
12033,0.9855198829134618,1650
43096,0.9534913353720693,1650
98862,0.9605658709106984,1650
41577,0.9729318734793188,1650
33999,0.9328165374677002,1650
112675,0.8403336748134055,1650
83966,0.9855198829134618,1650
49211,0.9855198829134618,1650
81343,0.9855198829134618,1650
42268,0.9294968363965049,1650
36312,0.9855198829134618,1650
23764,0.9605658709106984,1650
61202,0.9605658709106984,1650
85241,0.7601626016260162,1650
110445,0.9729318734793188,1650
103919,0.9855198829134618,1650
62350,0.8908624432603118,1650
16699,0.8908624432603118,1650
8937,0.9534913353720693,1650
82532,0.9855198829134618,1650
75218,0.9294968363965049,1650
50073,0.9729318734793188,1650
105838,0.9855198829134618,1650
39048,0.9605658709106984,1650
104178,0.9855198829134618,1650
32650,0.9855198829134618,1650
63020,0.878755364806867,1650
26505,0.8908624432603118,1650
60765,0.8908624432603118,1650
61886,0.9421383647798742,1650
32782,0.8403336748134055,1650
92979,0.8908624432603118,1650
13960,0.8908624432603118,1650
90873,0.9855198829134618,1650
9070,0.9855198829134618,1650
95500,0.9855198829134618,1650
74287,0.9855198829134618,1650
10517,0.9855198829134618,1650
45568,0.8403336748134055,1650
44592,0.9605658709106984,1650
2064,0.9534913353720693,1650
99165,0.9729318734793188,1650
40067,0.8908624432603118,1650
44198,0.9855198829134618,1650
111739,0.8403336748134055,1650
60168,0.8908624432603118,1650
80174,0.9729318734793188,1650
26308,0.8908624432603118,1650
62491,0.9855198829134618,1650
67125,0.9855198829134618,1650
111907,0.9855198829134618,1650
56301,0.9855198829134618,1650
6512,0.9855198829134618,1650
35330,0.9855198829134618,1650
88125,0.8908624432603118,1650
63577,0.9855198829134618,1650
55151,0.9328165374677002,1650
51366,0.9328165374677002,1650
38713,0.7140039447731755,1650
79836,0.9855198829134618,1650
76345,0.9855198829134618,1650
52370,0.9421383647798742,1650
61629,0.9855198829134618,1650
43963,0.9729318734793188,1650
88696,0.9729318734793188,1650
83640,0.9855198829134618,1650
43364,0.9855198829134618,1650
26178,0.9534913353720693,1650
9661,0.8908624432603118,1650
8133,0.9729318734793188,1650
23235,0.9605658709106984,1650
19593,0.9729318734793188,1650
12138,0.8403336748134055,1650
78121,0.9855198829134618,1650
67164,0.6086956521739131,1650
48366,0.9855198829134618,1650
69580,0.9855198829134618,1650
85364,0.8908624432603118,1650
12984,0.8403336748134055,1650
105599,0.9855198829134618,1650
94484,0.9855198829134618,1650
74841,0.9605658709106984,1650
39879,0.9855198829134618,1650
60272,0.9729318734793188,1650
8971,0.9534913353720693,1650
54742,0.8908624432603118,1650
6275,0.8908624432603118,1650
88738,0.9855198829134618,1650
92111,0.9421383647798742,1650
2745,0.9605658709106984,1650
44512,0.9855198829134618,1650
68489,0.8403336748134055,1650
72719,0.9855198829134618,1650
10909,0.9605658709106984,1650
75359,0.8403336748134055,1650
35435,0.9855198829134618,1650
72847,0.9534913353720693,1650
69666,0.9855198829134618,1650
15103,0.9328165374677002,1650
27454,0.9855198829134618,1650
73152,0.8908624432603118,1650
27073,0.9294968363965049,1650
6288,0.9729318734793188,1650
71662,0.9855198829134618,1650
16314,0.9294968363965049,1650
7386,0.9534913353720693,1650
36303,0.9855198829134618,1650
94832,0.9605658709106984,1650
40213,0.9855198829134618,1650
101998,0.9534913353720693,1650
93118,0.9855198829134618,1650
1196,0.9729318734793188,1650
57512,0.9328165374677002,1650
43402,0.9534913353720693,1650
39436,0.9855198829134618,1650
28974,0.8908624432603118,1650
43003,0.9729318734793188,1650
3964,0.9729318734793188,1650
65118,0.5784313725490197,1650
1144,0.9855198829134618,1650
40793,0.9855198829134618,1650
2102,0.9855198829134618,1650
36585,0.9294968363965049,1650
70444,0.9855198829134618,1650
14658,0.8908624432603118,1650
69330,0.9534913353720693,1650
46503,0.9328165374677002,1650
47920,0.9328165374677002,1650
7691,0.9855198829134618,1650
20144,0.9855198829134618,1650
55577,0.9294968363965049,1650
30807,0.9729318734793188,1650
111759,0.9729318734793188,1650
58533,0.468,1650
43962,0.9855198829134618,1650
26108,0.8908624432603118,1650
83750,0.9855198829134618,1650
17618,0.9605658709106984,1650
91360,0.9729318734793188,1650
41695,0.9855198829134618,1650
96145,0.9855198829134618,1650
66613,0.9605658709106984,1650
50988,0.9855198829134618,1650
12807,0.878755364806867,1650
87512,0.9729318734793188,1650
20312,0.9855198829134618,1650
18215,0.8908624432603118,1650
8403,0.8403336748134055,1650
1993,0.8403336748134055,1650
75393,0.9534913353720693,1650
78,0.9729318734793188,1650
76083,0.8403336748134055,1650
58845,0.9605658709106984,1650
69527,0.9855198829134618,1650
21232,0.9729318734793188,1650
106341,0.9605658709106984,1650
85457,0.9855198829134618,1650
86255,0.9855198829134618,1650
59067,0.8908624432603118,1650
109854,0.9855198829134618,1650
49671,0.9855198829134618,1650
109975,0.9855198829134618,1650
50197,0.9534913353720693,1650
81668,0.9729318734793188,1650
13312,0.9729318734793188,1650
78368,0.9855198829134618,1650
108910,0.8403336748134055,1650
70775,0.9729318734793188,1650
6463,0.8403336748134055,1650
105200,0.9855198829134618,1650
40698,0.9855198829134618,1650
95383,0.9729318734793188,1650
94248,0.9855198829134618,1650
111141,0.9294968363965049,1650
64161,0.9729318734793188,1650
70009,0.9855198829134618,1650
97038,0.9605658709106984,1650
49646,0.8403336748134055,1650
25726,0.9294968363965049,1650
64808,0.9328165374677002,1650
35020,0.8403336748134055,1650
81407,0.9855198829134618,1650
95362,0.9855198829134618,1650
31592,0.9534913353720693,1650
1466,0.8403336748134055,1650
49138,0.9328165374677002,1650
29749,0.9328165374677002,1650
28053,0.8403336748134055,1650
75871,0.9605658709106984,1650
49128,0.9534913353720693,1650
86955,0.9421383647798742,1650
108262,0.9534913353720693,1650
17333,0.9534913353720693,1650
90895,0.9729318734793188,1650
97400,0.9729318734793188,1650
35356,0.9855198829134618,1650
16263,0.9534913353720693,1650
66023,0.9855198829134618,1650
4922,0.9534913353720693,1650
20946,0.8908624432603118,1650
11943,0.9855198829134618,1650
55308,0.8908624432603118,1650
112483,0.9855198829134618,1650
10186,0.9534913353720693,1650
113658,0.9855198829134618,1650
85772,0.9534913353720693,1650
102587,0.9855198829134618,1650
58753,0.9855198829134618,1650
14457,0.9534913353720693,1650
86958,0.9421383647798742,1650
48761,0.8403336748134055,1650
56286,0.8403336748134055,1650
50679,0.8263772954924875,1650
5203,0.9855198829134618,1650
14370,0.7116402116402116,1650
24078,0.9855198829134618,1650
98339,0.8403336748134055,1650
113224,0.9605658709106984,1650
52361,0.9605658709106984,1650
43201,0.9855198829134618,1650
76732,0.9855198829134618,1650
6005,0.8403336748134055,1650
32885,0.9855198829134618,1650
79875,0.9855198829134618,1650
25675,0.9855198829134618,1650
82953,0.9855198829134618,1650
32168,0.9855198829134618,1650
88339,0.9855198829134618,1650
87124,0.9855198829134618,1650
77713,0.9855198829134618,1650
107130,0.9294968363965049,1650
25335,0.9855198829134618,1650
22679,0.9855198829134618,1650
74803,0.9855198829134618,1650
67979,0.9534913353720693,1650
100174,0.8403336748134055,1650
31168,0.9855198829134618,1650
63087,0.9855198829134618,1650
61496,0.8263772954924875,1650
75706,0.9328165374677002,1650
14742,0.9421383647798742,1650
44945,0.9855198829134618,1650
32005,0.8403336748134055,1650
27771,0.9855198829134618,1650
104689,0.9294968363965049,1650
50834,0.9534913353720693,1650
95530,0.9534913353720693,1650
24594,0.9605658709106984,1650
60576,0.9729318734793188,1650
61800,0.9605658709106984,1650
90445,0.9729318734793188,1650
50410,0.8908624432603118,1650
18606,0.9855198829134618,1650
42846,0.9729318734793188,1650
24787,0.9534913353720693,1650
24526,0.8403336748134055,1650
103601,0.9855198829134618,1650
113131,0.9855198829134618,1650
79839,0.8263772954924875,1650
66334,0.9855198829134618,1650
106969,0.9729318734793188,1650
15268,0.9729318734793188,1650
72953,0.9534913353720693,1650
104352,0.9729318734793188,1650
2066,0.8403336748134055,1650
30645,0.9729318734793188,1650
10821,0.9855198829134618,1650
61135,0.6086956521739131,1650
48691,0.8908624432603118,1650
1577,0.9855198829134618,1650
83998,0.8263772954924875,1650
89638,0.8403336748134055,1650
8304,0.8403336748134055,1650
70149,0.8263772954924875,1650
50562,0.7140039447731755,1650
97577,0.9605658709106984,1650
12076,0.9605658709106984,1650
99221,0.8263772954924875,1650
107054,0.9855198829134618,1650
109082,0.9294968363965049,1650
107287,0.9855198829134618,1650
80310,0.9855198829134618,1650
481,0.9855198829134618,1650
108300,0.9294968363965049,1650
91378,0.878755364806867,1650
30587,0.9855198829134618,1650
25872,0.7601626016260162,1650
65081,0.878755364806867,1650
87262,0.9605658709106984,1650
11966,0.9729318734793188,1650
20681,0.9855198829134618,1650
60794,0.8403336748134055,1650
79539,0.8403336748134055,1650
88309,0.9605658709106984,1650
108513,0.9855198829134618,1650
41834,0.9729318734793188,1650
20753,0.9855198829134618,1650
75246,0.9729318734793188,1650
30784,0.9855198829134618,1650
78668,0.9855198829134618,1650
24602,0.9729318734793188,1650
54923,0.8403336748134055,1650
65091,0.9855198829134618,1650
69311,0.3236994219653179,1650
106774,0.9294968363965049,1650
113893,0.9534913353720693,1650
34969,0.9855198829134618,1650
89539,0.8403336748134055,1650
85850,0.9855198829134618,1650
110358,0.9855198829134618,1650
101407,0.8263772954924875,1650
43295,0.8403336748134055,1650
95747,0.9855198829134618,1650
83799,0.9294968363965049,1650
60895,0.9855198829134618,1650
51785,0.9294968363965049,1650
68989,0.8403336748134055,1650
109202,0.9855198829134618,1650
73362,0.9729318734793188,1650
52392,0.9534913353720693,1650
21027,0.9421383647798742,1650
12909,0.9605658709106984,1650
10356,0.9328165374677002,1650
29575,0.9855198829134618,1650
27113,0.9855198829134618,1650
36940,0.9534913353720693,1650
13450,0.8403336748134055,1650
94667,0.9605658709106984,1650
8210,0.8908624432603118,1650
102162,0.878755364806867,1650
19580,0.9855198829134618,1650
22028,0.9294968363965049,1650
32639,0.9294968363965049,1650
110869,0.9729318734793188,1650
95211,0.9855198829134618,1650
26432,0.9855198829134618,1650
60784,0.8908624432603118,1650
105312,0.9534913353720693,1650
40771,0.9534913353720693,1650
74966,0.8908624432603118,1650
59800,0.9855198829134618,1650
24144,0.9605658709106984,1650
89634,0.9855198829134618,1650
3596,0.9534913353720693,1650
70968,0.8607594936708861,1650
55936,0.8403336748134055,1650
12397,0.8908624432603118,1650
90091,0.9855198829134618,1650
3816,0.8403336748134055,1650
93541,0.9855198829134618,1650
46973,0.9855198829134618,1650
113200,0.8403336748134055,1650
12862,0.9605658709106984,1650
74142,0.9855198829134618,1650
75223,0.9855198829134618,1650
93986,0.9855198829134618,1650
34736,0.9534913353720693,1650
87947,0.9855198829134618,1650
65385,0.9605658709106984,1650
55624,0.9855198829134618,1650
5143,0.5986622073578596,1650
81408,0.9605658709106984,1650
98240,0.9729318734793188,1650
48382,0.8403336748134055,1650
65646,0.9294968363965049,1650
106677,0.9855198829134618,1650
1703,0.9855198829134618,1650
92071,0.9855198829134618,1650
98441,0.9855198829134618,1650
28709,0.9605658709106984,1650
59548,0.9855198829134618,1650
107675,0.8403336748134055,1650
60324,0.9855198829134618,1650
11221,0.9855198829134618,1650
94828,0.9855198829134618,1650
17814,0.9855198829134618,1650
71924,0.9534913353720693,1650
50390,0.9855198829134618,1650
27068,0.9328165374677002,1650
55148,0.9855198829134618,1650
99154,0.9534913353720693,1650
30318,0.8908624432603118,1650
101082,0.9729318734793188,1650
88252,0.9605658709106984,1650
98921,0.9534913353720693,1650
5066,0.9855198829134618,1650
28852,0.9855198829134618,1650
108760,0.9855198829134618,1650
32659,0.9855198829134618,1650
43004,0.9855198829134618,1650
7183,0.9855198829134618,1650
25767,0.6086956521739131,1650
6653,0.9855198829134618,1650
2531,0.8403336748134055,1650
58877,0.8403336748134055,1650
75332,0.9855198829134618,1650
21266,0.9534913353720693,1650
38498,0.9855198829134618,1650
19979,0.9855198829134618,1650
31248,0.9294968363965049,1650
89113,0.9729318734793188,1650
73791,0.8403336748134055,1650
97840,0.9729318734793188,1650
61281,0.9729318734793188,1650
83464,0.9855198829134618,1650
84316,0.9421383647798742,1650
74749,0.9729318734793188,1650
2898,0.9855198829134618,1650
21536,0.8403336748134055,1650
50216,0.9729318734793188,1650
2653,0.9534913353720693,1650
57529,0.9855198829134618,1650
22922,0.9534913353720693,1650
33668,0.8908624432603118,1650
106702,0.9328165374677002,1650
20790,0.9729318734793188,1650
85012,0.9294968363965049,1650
40054,0.6086956521739131,1650
20761,0.9328165374677002,1650
80519,0.9605658709106984,1650
57467,0.5373831775700935,1650
31125,0.9855198829134618,1650
51877,0.9534913353720693,1650
80209,0.9855198829134618,1650
33288,0.9855198829134618,1650
30417,0.9729318734793188,1650
4164,0.9855198829134618,1650
39612,0.9534913353720693,1650
41770,0.9328165374677002,1650
50021,0.878755364806867,1650
77718,0.9855198829134618,1650
103731,0.8908624432603118,1650
46727,0.9855198829134618,1650
8961,0.9605658709106984,1650
22382,0.9855198829134618,1650
32262,0.9534913353720693,1650
82129,0.9855198829134618,1650
36933,0.9855198829134618,1650
45035,0.9729318734793188,1650
23397,0.8403336748134055,1650
57173,0.9855198829134618,1650
29019,0.9729318734793188,1650
23143,0.7140039447731755,1650
86833,0.9855198829134618,1650
68329,0.9855198829134618,1650
31148,0.9855198829134618,1650
36163,0.9534913353720693,1650
87608,0.9855198829134618,1650
112627,0.8403336748134055,1650
23403,0.9729318734793188,1650
107291,0.9855198829134618,1650
99369,0.8403336748134055,1650
52587,0.9328165374677002,1650
34748,0.8403336748134055,1650
112847,0.9855198829134618,1650
20156,0.9729318734793188,1650
56514,0.9855198829134618,1650
1425,0.8403336748134055,1650
69630,0.9534913353720693,1650
103227,0.7601626016260162,1650
11836,0.9855198829134618,1650
88965,0.9729318734793188,1650
66375,0.9855198829134618,1650
105506,0.9855198829134618,1650
112563,0.9328165374677002,1650
5267,0.9855198829134618,1650
35815,0.9855198829134618,1650
67243,0.8403336748134055,1650
29388,0.9855198829134618,1650
4156,0.9855198829134618,1650
25004,0.9729318734793188,1650
96914,0.9855198829134618,1650
67802,0.9729318734793188,1650
74344,0.9729318734793188,1650
109141,0.9855198829134618,1650
16607,0.9729318734793188,1650
14984,0.9605658709106984,1650
547,0.9534913353720693,1650
10426,0.9855198829134618,1650
109476,0.9294968363965049,1650
54065,0.9534913353720693,1650
74495,0.9534913353720693,1650
98581,0.9605658709106984,1650
16211,0.9855198829134618,1650
107465,0.8403336748134055,1650
113776,0.8403336748134055,1650
31788,0.9855198829134618,1650
57859,0.9855198829134618,1650
77117,0.8607594936708861,1650
2055,0.9605658709106984,1650
42525,0.9729318734793188,1650
71203,0.9855198829134618,1650
9930,0.9855198829134618,1650
64868,0.8403336748134055,1650
1133,0.9605658709106984,1650
30492,0.9855198829134618,1650
63814,0.9855198829134618,1650
102147,0.9855198829134618,1650
98602,0.9534913353720693,1650
25583,0.9729318734793188,1650
112577,0.9855198829134618,1650
24620,0.9729318734793188,1650
22421,0.8263772954924875,1650
20688,0.9855198829134618,1650
101996,0.878755364806867,1650
39287,0.9855198829134618,1650
18400,0.9855198829134618,1650
2198,0.9855198829134618,1650
113111,0.9855198829134618,1650
104403,0.8263772954924875,1650
2894,0.9605658709106984,1650
102171,0.9294968363965049,1650
28930,0.9855198829134618,1650
22929,0.9855198829134618,1650
79670,0.9294968363965049,1650
29631,0.9294968363965049,1650
107480,0.9534913353720693,1650
43893,0.9729318734793188,1650
19793,0.9855198829134618,1650
9284,0.9605658709106984,1650
57132,0.9729318734793188,1650
56885,0.9729318734793188,1650
12558,0.9534913353720693,1650
3931,0.5986622073578596,1650
71998,0.9855198829134618,1650
50247,0.9729318734793188,1650
50312,0.9729318734793188,1650
53746,0.9534913353720693,1650
68434,0.9294968363965049,1650
27340,0.8403336748134055,1650
22260,0.9855198829134618,1650
86913,0.9855198829134618,1650
93495,0.9421383647798742,1650
6381,0.878755364806867,1650
93250,0.8263772954924875,1650
98407,0.9534913353720693,1650
29172,0.9855198829134618,1650
31982,0.9605658709106984,1650
25757,0.9855198829134618,1650
66999,0.8403336748134055,1650
104870,0.9729318734793188,1650
49025,0.9605658709106984,1650
18374,0.9855198829134618,1650
57673,0.9855198829134618,1650
80313,0.9294968363965049,1650
47831,0.9605658709106984,1650
42804,0.9855198829134618,1650
99682,0.9605658709106984,1650
106414,0.9855198829134618,1650
39998,0.9294968363965049,1650
93604,0.9855198829134618,1650
75203,0.9855198829134618,1650
28395,0.8403336748134055,1650
100073,0.6086956521739131,1650
19094,0.9421383647798742,1650
106993,0.9294968363965049,1650
70855,0.9855198829134618,1650
89089,0.9534913353720693,1650
82172,0.8403336748134055,1650
13619,0.8403336748134055,1650
68894,0.9421383647798742,1650
71706,0.9855198829134618,1650
43847,0.9294968363965049,1650
89601,0.9855198829134618,1650
77007,0.9328165374677002,1650
30254,0.9729318734793188,1650
32091,0.8403336748134055,1650
17699,0.9534913353720693,1650
30494,0.9855198829134618,1650
52806,0.9855198829134618,1650
17188,0.9855198829134618,1650
53513,0.7116402116402116,1650
3805,0.9855198829134618,1650
62184,0.9605658709106984,1650
3548,0.9294968363965049,1650
47672,0.9729318734793188,1650
26056,0.9729318734793188,1650
110568,0.8403336748134055,1650
59524,0.9729318734793188,1650
24756,0.8908624432603118,1650
76626,0.9855198829134618,1650
62607,0.9605658709106984,1650
74345,0.9729318734793188,1650
63451,0.9855198829134618,1650
66312,0.9729318734793188,1650
51076,0.9855198829134618,1650
51327,0.9855198829134618,1650
66631,0.9729318734793188,1650
76708,0.9855198829134618,1650
39619,0.9855198829134618,1650
16684,0.9855198829134618,1650
101983,0.9729318734793188,1650
3445,0.9855198829134618,1650
47293,0.8908624432603118,1650
13288,0.9729318734793188,1650
97083,0.8908624432603118,1650
95375,0.9605658709106984,1650
17368,0.9729318734793188,1650
102814,0.9729318734793188,1650
28526,0.9855198829134618,1650
91231,0.9855198829134618,1650
51932,0.9294968363965049,1650
95646,0.8263772954924875,1650
107556,0.9294968363965049,1650
113914,0.9855198829134618,1650
112687,0.9855198829134618,1650
12039,0.9729318734793188,1650
51310,0.9729318734793188,1650
95090,0.9855198829134618,1650
74023,0.9855198829134618,1650
113992,0.9534913353720693,1650
98948,0.9855198829134618,1650
27204,0.9534913353720693,1650
12199,0.9855198829134618,1650
5310,0.9534913353720693,1650
99252,0.9855198829134618,1650
49374,0.9047619047619048,1650
100160,0.8908624432603118,1650
92810,0.878755364806867,1650
35256,0.9534913353720693,1650
93605,0.9534913353720693,1650
29064,0.9605658709106984,1650
5551,0.9855198829134618,1650
42652,0.9855198829134618,1650
42048,0.9729318734793188,1650
24832,0.9294968363965049,1650
101171,0.8908624432603118,1650
31099,0.9855198829134618,1650
75489,0.9605658709106984,1650
20686,0.9605658709106984,1650
59197,0.9855198829134618,1650
95763,0.9855198829134618,1650
30649,0.9855198829134618,1650
24094,0.9729318734793188,1650
94545,0.9729318734793188,1650
56904,0.9855198829134618,1650
26843,0.9855198829134618,1650
5682,0.9855198829134618,1650
89144,0.9534913353720693,1650
64057,0.9855198829134618,1650
71845,0.9328165374677002,1650
105549,0.9534913353720693,1650
102708,0.9729318734793188,1650
40536,0.9605658709106984,1650
70096,0.9294968363965049,1650
18446,0.9855198829134618,1650
74295,0.9534913353720693,1650
100707,0.9855198829134618,1650
32194,0.9855198829134618,1650
2465,0.9855198829134618,1650
20709,0.9855198829134618,1650
65960,0.9534913353720693,1650
16462,0.8403336748134055,1650
30105,0.9855198829134618,1650
94800,0.878755364806867,1650
13184,0.9328165374677002,1650
80506,0.6086956521739131,1650
105911,0.9855198829134618,1650
48436,0.7140039447731755,1650
52538,0.9855198829134618,1650
54403,0.9855198829134618,1650
82076,0.9421383647798742,1650
21992,0.8908624432603118,1650
51972,0.8263772954924875,1650
94128,0.9855198829134618,1650
64757,0.9855198829134618,1650
83217,0.9534913353720693,1650
85744,0.9855198829134618,1650
57383,0.9855198829134618,1650
28140,0.7601626016260162,1650
55963,0.9421383647798742,1650
53553,0.9534913353720693,1650
109285,0.9855198829134618,1650
31549,0.9729318734793188,1650
102027,0.9534913353720693,1650
102281,0.9605658709106984,1650
33372,0.9855198829134618,1650
110270,0.9855198829134618,1650
30451,0.878755364806867,1650
33879,0.7140039447731755,1650
110706,0.9534913353720693,1650
66391,0.9855198829134618,1650
17287,0.9605658709106984,1650
69184,0.9855198829134618,1650
93117,0.9855198829134618,1650
57953,0.9534913353720693,1650
56872,0.9855198829134618,1650
93657,0.8403336748134055,1650
41119,0.9605658709106984,1650
64395,0.9605658709106984,1650
66407,0.9605658709106984,1650
104652,0.9855198829134618,1650
101663,0.9855198829134618,1650
15542,0.9729318734793188,1650
32434,0.8403336748134055,1650
48344,0.9855198829134618,1650
1804,0.9855198829134618,1650
103326,0.9855198829134618,1650
71633,0.9855198829134618,1650
13228,0.9855198829134618,1650
14388,0.9605658709106984,1650
19825,0.9534913353720693,1650
48327,0.8908624432603118,1650
100668,0.9729318734793188,1650
100118,0.9729318734793188,1650
11235,0.9855198829134618,1650
50759,0.9855198829134618,1650
84115,0.5986622073578596,1650
97118,0.9421383647798742,1650
82567,0.8908624432603118,1650
104423,0.9729318734793188,1650
40727,0.8403336748134055,1650
106066,0.9534913353720693,1650
30027,0.9729318734793188,1650
972,0.9855198829134618,1650
25040,0.5784313725490197,1650
93670,0.9855198829134618,1650
107887,0.9855198829134618,1650
41987,0.9855198829134618,1650
70534,0.9534913353720693,1650
20641,0.9855198829134618,1650
102295,0.8403336748134055,1650
83674,0.9605658709106984,1650
113025,0.9855198829134618,1650
78942,0.9328165374677002,1650
71034,0.8403336748134055,1650
36040,0.9729318734793188,1650
27685,0.9855198829134618,1650
55796,0.9855198829134618,1650
91693,0.9855198829134618,1650
48457,0.8403336748134055,1650
73451,0.9855198829134618,1650
45986,0.8908624432603118,1650
87619,0.9855198829134618,1650
110952,0.9605658709106984,1650
73104,0.9855198829134618,1650
43796,0.9855198829134618,1650
105733,0.9729318734793188,1650
91844,0.9855198829134618,1650
18658,0.9534913353720693,1650
66474,0.9855198829134618,1650
77197,0.8403336748134055,1650
2396,0.9855198829134618,1650
72516,0.9855198829134618,1650
89906,0.9729318734793188,1650
102458,0.9294968363965049,1650
3468,0.9534913353720693,1650
100975,0.9855198829134618,1650
52784,0.7116402116402116,1650
30135,0.9328165374677002,1650
113671,0.7601626016260162,1650
3346,0.9855198829134618,1650
58999,0.9294968363965049,1650
11162,0.9855198829134618,1650
21996,0.9855198829134618,1650
109866,0.8263772954924875,1650
11297,0.9729318734793188,1650
11727,0.9855198829134618,1650
37759,0.9855198829134618,1650
5263,0.9534913353720693,1650
22837,0.9534913353720693,1650
93025,0.9294968363965049,1650
2683,0.9605658709106984,1650
97144,0.9855198829134618,1650
52257,0.9328165374677002,1650
60683,0.9855198829134618,1650
89876,0.9534913353720693,1650
101796,0.9729318734793188,1650
25723,0.8908624432603118,1650
46565,0.8403336748134055,1650
107432,0.9855198829134618,1650
28454,0.9855198829134618,1650
61217,0.9855198829134618,1650
61300,0.9855198829134618,1650
6399,0.8908624432603118,1650
24021,0.9855198829134618,1650
30043,0.9855198829134618,1650
96112,0.9855198829134618,1650
2612,0.9534913353720693,1650
74149,0.9855198829134618,1650
90649,0.9855198829134618,1650
64976,0.9294968363965049,1650
95154,0.8403336748134055,1650
91254,0.8908624432603118,1650
44924,0.8403336748134055,1650
10937,0.5784313725490197,1650
107451,0.9729318734793188,1650
22472,0.8263772954924875,1650
51360,0.9729318734793188,1650
76262,0.9855198829134618,1650
32141,0.9855198829134618,1650
95276,0.9855198829134618,1650
39117,0.9855198829134618,1650
108811,0.9729318734793188,1650
61193,0.9729318734793188,1650
111541,0.9605658709106984,1650
87426,0.9605658709106984,1650
102016,0.9855198829134618,1650
69675,0.9855198829134618,1650
65586,0.9729318734793188,1650
80739,0.9328165374677002,1650
109096,0.8908624432603118,1650
60165,0.9855198829134618,1650
43596,0.9855198829134618,1650
105185,0.9294968363965049,1650
113760,0.9855198829134618,1650
88953,0.9534913353720693,1650
66720,0.9605658709106984,1650
48073,0.9855198829134618,1650
40681,0.9855198829134618,1650
52604,0.9855198829134618,1650
25102,0.9534913353720693,1650
102759,0.9855198829134618,1650
88019,0.9855198829134618,1650
113702,0.878755364806867,1650
66931,0.9855198829134618,1650
30979,0.9855198829134618,1650
15217,0.9855198829134618,1650
51524,0.9294968363965049,1650
21244,0.9855198829134618,1650
111726,0.9855198829134618,1650
47978,0.9534913353720693,1650
25622,0.9294968363965049,1650
66077,0.9855198829134618,1650
47455,0.9855198829134618,1650
102617,0.8908624432603118,1650
66628,0.9605658709106984,1650
18915,0.9855198829134618,1650
43233,0.9534913353720693,1650
9822,0.9855198829134618,1650
41116,0.9534913353720693,1650
73937,0.9729318734793188,1650
62535,0.9534913353720693,1650
5925,0.9534913353720693,1650
86775,0.8908624432603118,1650
8300,0.9294968363965049,1650
99747,0.8403336748134055,1650
4177,0.9855198829134618,1650
26367,0.8403336748134055,1650
61898,0.9729318734793188,1650
20081,0.9421383647798742,1650
46460,0.8403336748134055,1650
6180,0.9855198829134618,1650
70006,0.9047619047619048,1650
78009,0.9855198829134618,1650
58925,0.9534913353720693,1650
34296,0.9534913353720693,1650
24376,0.8403336748134055,1650
53135,0.9855198829134618,1650
45673,0.9729318734793188,1650
27827,0.9855198829134618,1650
14796,0.9534913353720693,1650
13369,0.9534913353720693,1650
45536,0.9421383647798742,1650
33720,0.9534913353720693,1650
6895,0.9855198829134618,1650
11636,0.9855198829134618,1650
105563,0.9855198829134618,1650
43084,0.9534913353720693,1650
104054,0.9855198829134618,1650
39147,0.9729318734793188,1650
9475,0.9421383647798742,1650
69481,0.9729318734793188,1650
105401,0.8908624432603118,1650
82845,0.9729318734793188,1650
5763,0.9855198829134618,1650
56261,0.9534913353720693,1650
64334,0.6086956521739131,1650
88358,0.8403336748134055,1650
104793,0.9855198829134618,1650
81788,0.9855198829134618,1650
37386,0.8908624432603118,1650
74775,0.8403336748134055,1650
44232,0.878755364806867,1650
67901,0.9729318734793188,1650
72282,0.9534913353720693,1650
56246,0.9729318734793188,1650
26834,0.9729318734793188,1650
17325,0.9605658709106984,1650
26297,0.9855198829134618,1650
67756,0.9855198829134618,1650
34986,0.9534913353720693,1650
81829,0.9855198829134618,1650
98616,0.9855198829134618,1650
7443,0.9729318734793188,1650
41948,0.9328165374677002,1650
89111,0.8908624432603118,1650
21886,0.9294968363965049,1650
59320,0.9729318734793188,1650
38518,0.9855198829134618,1650
79762,0.9855198829134618,1650
34374,0.9729318734793188,1650
39026,0.9534913353720693,1650
32187,0.9855198829134618,1650
56344,0.9855198829134618,1650
92760,0.9534913353720693,1650
90377,0.9605658709106984,1650
4683,0.9855198829134618,1650
92995,0.878755364806867,1650
3919,0.9855198829134618,1650
84329,0.9855198829134618,1650
95810,0.9605658709106984,1650
26974,0.9855198829134618,1650
63467,0.8908624432603118,1650
4607,0.9729318734793188,1650
836,0.7140039447731755,1650
96726,0.9855198829134618,1650
895,0.9855198829134618,1650
163,0.9855198829134618,1650
25394,0.9855198829134618,1650
89400,0.8403336748134055,1650
111243,0.9729318734793188,1650
3711,0.9855198829134618,1650
98535,0.9855198829134618,1650
77278,0.9534913353720693,1650
23015,0.9855198829134618,1650
32614,0.9729318734793188,1650
92163,0.8263772954924875,1650
35907,0.9534913353720693,1650
81660,0.9729318734793188,1650
2436,0.9729318734793188,1650
103487,0.9855198829134618,1650
1870,0.8908624432603118,1650
80799,0.9605658709106984,1650
10554,0.9855198829134618,1650
59936,0.9855198829134618,1650
66852,0.9605658709106984,1650
23712,0.9534913353720693,1650
75375,0.9855198829134618,1650
1526,0.9605658709106984,1650
81614,0.9294968363965049,1650
42564,0.8908624432603118,1650
10941,0.9855198829134618,1650
93817,0.8908624432603118,1650
14565,0.9855198829134618,1650
69028,0.9729318734793188,1650
102755,0.9855198829134618,1650
69625,0.9729318734793188,1650
97397,0.9534913353720693,1650
17311,0.8908624432603118,1650
2986,0.9534913353720693,1650
60208,0.9534913353720693,1650
97163,0.8403336748134055,1650
24418,0.9534913353720693,1650
31593,0.8908624432603118,1650
18931,0.9729318734793188,1650
37131,0.9855198829134618,1650
8823,0.9855198829134618,1650
86453,0.6086956521739131,1650
81587,0.9855198829134618,1650
5773,0.8403336748134055,1650
82164,0.8908624432603118,1650
14432,0.8263772954924875,1650
91709,0.9855198829134618,1650
105316,0.9534913353720693,1650
62695,0.9855198829134618,1650
97256,0.8908624432603118,1650
78237,0.9855198829134618,1650
13085,0.9534913353720693,1650
105228,0.9294968363965049,1650
106734,0.9855198829134618,1650
62052,0.8263772954924875,1650
98295,0.9855198829134618,1650
86326,0.8908624432603118,1650
102133,0.9534913353720693,1650
81401,0.9855198829134618,1650
32720,0.9855198829134618,1650
36685,0.9855198829134618,1650
61833,0.9855198829134618,1650
22534,0.8908624432603118,1650
41690,0.7116402116402116,1650
19272,0.9729318734793188,1650
5199,0.9855198829134618,1650
1015,0.9855198829134618,1650
81731,0.9855198829134618,1650
27413,0.9855198829134618,1650
69505,0.9729318734793188,1650
56779,0.7601626016260162,1650
19881,0.9855198829134618,1650
91774,0.9294968363965049,1650
81901,0.9855198829134618,1650
80166,0.9855198829134618,1650
249,0.9855198829134618,1650
18660,0.8403336748134055,1650
41511,0.9729318734793188,1650
20263,0.9855198829134618,1650
84392,0.9855198829134618,1650
31333,0.9855198829134618,1650
60164,0.9729318734793188,1650
53022,0.9605658709106984,1650
100446,0.9855198829134618,1650
75007,0.9294968363965049,1650
72641,0.9855198829134618,1650
5799,0.8908624432603118,1650
33849,0.9294968363965049,1650
18381,0.9729318734793188,1650
47220,0.9855198829134618,1650
14956,0.9855198829134618,1650
42704,0.9605658709106984,1650
15012,0.9855198829134618,1650
105835,0.9729318734793188,1650
65733,0.9605658709106984,1650
84013,0.9855198829134618,1650
57749,0.9855198829134618,1650
9962,0.8403336748134055,1650
18187,0.9855198829134618,1650
45146,0.9855198829134618,1650
95013,0.9534913353720693,1650
65448,0.8403336748134055,1650
43062,0.9855198829134618,1650
108540,0.9729318734793188,1650
96062,0.9421383647798742,1650
110399,0.9294968363965049,1650
92873,0.9855198829134618,1650
11386,0.9855198829134618,1650
92528,0.9855198829134618,1650
86764,0.9855198829134618,1650
93262,0.9729318734793188,1650
107082,0.9855198829134618,1650
94891,0.9855198829134618,1650
82052,0.9534913353720693,1650
37040,0.9294968363965049,1650
81195,0.9855198829134618,1650
65825,0.9855198829134618,1650
19817,0.9855198829134618,1650
2847,0.9534913353720693,1650
20371,0.8908624432603118,1650
17434,0.9855198829134618,1650
67166,0.9328165374677002,1650
14885,0.8908624432603118,1650
98099,0.9855198829134618,1650
34279,0.8607594936708861,1650
107596,0.9729318734793188,1650
73701,0.9729318734793188,1650
6150,0.9855198829134618,1650
66207,0.9855198829134618,1650
87671,0.9855198829134618,1650
1514,0.9534913353720693,1650
91333,0.8908624432603118,1650
47539,0.9855198829134618,1650
68505,0.9534913353720693,1650
30310,0.9855198829134618,1650
49455,0.9605658709106984,1650
110382,0.878755364806867,1650
101540,0.9855198829134618,1650
46387,0.9534913353720693,1650
84033,0.9534913353720693,1650
68223,0.9729318734793188,1650
75021,0.9328165374677002,1650
98447,0.9605658709106984,1650
25750,0.8403336748134055,1650
94688,0.9534913353720693,1650
110052,0.9294968363965049,1650
51125,0.9855198829134618,1650
90864,0.9855198829134618,1650
12257,0.8908624432603118,1650
47948,0.8263772954924875,1650
49744,0.9729318734793188,1650
92727,0.9855198829134618,1650
80318,0.9855198829134618,1650
86342,0.8403336748134055,1650
59180,0.8263772954924875,1650
41685,0.9855198829134618,1650
41021,0.9855198829134618,1650
80747,0.9855198829134618,1650
42238,0.9855198829134618,1650
1676,0.9729318734793188,1650
43834,0.9855198829134618,1650
11786,0.9855198829134618,1650
110896,0.9729318734793188,1650
44586,0.9855198829134618,1650
22321,0.9729318734793188,1650
16944,0.9729318734793188,1650
27586,0.9534913353720693,1650
17701,0.9855198829134618,1650
38120,0.8403336748134055,1650
89100,0.9855198829134618,1650
110972,0.9855198829134618,1650
25418,0.9729318734793188,1650
32429,0.9855198829134618,1650
74005,0.9729318734793188,1650
107236,0.9855198829134618,1650
79203,0.9855198829134618,1650
72816,0.9855198829134618,1650
112282,0.9855198829134618,1650
101646,0.9534913353720693,1650
66667,0.8403336748134055,1650
103218,0.9855198829134618,1650
26530,0.9534913353720693,1650
51817,0.9534913353720693,1650
79745,0.878755364806867,1650
68444,0.9605658709106984,1650
41756,0.7601626016260162,1650
27767,0.9855198829134618,1650
57626,0.9855198829134618,1650
50500,0.9855198829134618,1650
80665,0.9855198829134618,1650
105489,0.9534913353720693,1650
92499,0.9855198829134618,1650
27970,0.8908624432603118,1650
92120,0.9729318734793188,1650
29079,0.9855198829134618,1650
19163,0.878755364806867,1650
93906,0.9421383647798742,1650
63715,0.9729318734793188,1650
102706,0.8403336748134055,1650
110214,0.9534913353720693,1650
32016,0.9855198829134618,1650
31687,0.9855198829134618,1650
20773,0.878755364806867,1650
50347,0.9294968363965049,1650
94113,0.9855198829134618,1650
15100,0.9729318734793188,1650
8389,0.9729318734793188,1650
27314,0.9855198829134618,1650
73131,0.9855198829134618,1650
27912,0.9729318734793188,1650
54674,0.9855198829134618,1650
5176,0.8908624432603118,1650
94467,0.9855198829134618,1650
62104,0.9855198829134618,1650
631,0.9605658709106984,1650
74381,0.9605658709106984,1650
5554,0.9729318734793188,1650
41072,0.9855198829134618,1650
82732,0.9605658709106984,1650
33507,0.9729318734793188,1650
84364,0.9729318734793188,1650
52149,0.8263772954924875,1650
391,0.9729318734793188,1650
53546,0.9421383647798742,1650
25165,0.9855198829134618,1650
33660,0.9855198829134618,1650
37885,0.9855198829134618,1650
32115,0.9855198829134618,1650
112734,0.9729318734793188,1650
19908,0.9855198829134618,1650
61340,0.9855198829134618,1650
50028,0.8908624432603118,1650
45141,0.9729318734793188,1650
36030,0.9729318734793188,1650
12911,0.8908624432603118,1650
43793,0.9855198829134618,1650
23632,0.7140039447731755,1650
16804,0.9855198829134618,1650
75259,0.8908624432603118,1650
42100,0.878755364806867,1650
48059,0.8263772954924875,1650
13524,0.9294968363965049,1650
58519,0.9534913353720693,1650
106703,0.9534913353720693,1650
36947,0.9534913353720693,1650
69428,0.9855198829134618,1650
56496,0.8403336748134055,1650
57193,0.9047619047619048,1650
43501,0.9855198829134618,1650
58531,0.9729318734793188,1650
74405,0.9534913353720693,1650
61690,0.9294968363965049,1650
49463,0.8403336748134055,1650
17021,0.8403336748134055,1650
16871,0.8908624432603118,1650
16078,0.9729318734793188,1650
9784,0.9729318734793188,1650
98796,0.9855198829134618,1650
77504,0.468,1650
28832,0.9534913353720693,1650
74316,0.9729318734793188,1650
6536,0.9729318734793188,1650
101773,0.9328165374677002,1650
48417,0.9534913353720693,1650
70459,0.8908624432603118,1650
94271,0.9855198829134618,1650
705,0.9534913353720693,1650
2696,0.8908624432603118,1650
57271,0.9855198829134618,1650
8968,0.9855198829134618,1650
23513,0.9855198829134618,1650
45677,0.9421383647798742,1650
103258,0.9328165374677002,1650
35249,0.9729318734793188,1650
33055,0.9855198829134618,1650
10512,0.9855198829134618,1650
41748,0.9605658709106984,1650
12896,0.9855198829134618,1650
56524,0.9855198829134618,1650
14219,0.8908624432603118,1650
19567,0.9534913353720693,1650
51083,0.9855198829134618,1650
31682,0.8263772954924875,1650
105578,0.9855198829134618,1650
104710,0.9855198829134618,1650
63027,0.9855198829134618,1650
58703,0.9534913353720693,1650
89369,0.9855198829134618,1650
19804,0.9855198829134618,1650
6872,0.9729318734793188,1650
31453,0.9855198829134618,1650
23381,0.9294968363965049,1650
74105,0.9855198829134618,1650
16180,0.9855198829134618,1650
49380,0.878755364806867,1650
97997,0.9855198829134618,1650
6559,0.9605658709106984,1650
75111,0.9605658709106984,1650
65400,0.8403336748134055,1650
68003,0.9729318734793188,1650
31763,0.7601626016260162,1650
77100,0.9855198829134618,1650
84374,0.9855198829134618,1650
32908,0.8908624432603118,1650
34911,0.9855198829134618,1650
3951,0.8263772954924875,1650
74041,0.9855198829134618,1650
1273,0.9294968363965049,1650
113698,0.9855198829134618,1650
90754,0.8403336748134055,1650
56325,0.9855198829134618,1650
45827,0.9294968363965049,1650
12580,0.9855198829134618,1650
71577,0.9855198829134618,1650
102965,0.9855198829134618,1650
11898,0.7140039447731755,1650
61501,0.9534913353720693,1650
1504,0.9729318734793188,1650
106525,0.8607594936708861,1650
83908,0.9855198829134618,1650
42662,0.9534913353720693,1650
30302,0.9855198829134618,1650
4718,0.8908624432603118,1650
60545,0.9855198829134618,1650
96366,0.9855198829134618,1650
71181,0.9855198829134618,1650
88769,0.8403336748134055,1650
96251,0.8403336748134055,1650
87730,0.9855198829134618,1650
4181,0.9855198829134618,1650
77519,0.7116402116402116,1650
36849,0.8908624432603118,1650
60920,0.5373831775700935,1650
29022,0.9855198829134618,1650
84047,0.7140039447731755,1650
23828,0.9855198829134618,1650
75454,0.9729318734793188,1650
23263,0.9855198829134618,1650
42626,0.9534913353720693,1650
57386,0.7116402116402116,1650
68325,0.9855198829134618,1650
354,0.9328165374677002,1650
100106,0.9328165374677002,1650
65804,0.8403336748134055,1650
75347,0.9855198829134618,1650
72898,0.9534913353720693,1650
31292,0.9729318734793188,1650
68280,0.8403336748134055,1650
56178,0.8403336748134055,1650
54028,0.9855198829134618,1650
39509,0.878755364806867,1650
87574,0.9729318734793188,1650
80457,0.9605658709106984,1650
34266,0.14285714285714285,1650
17310,0.9294968363965049,1650
38366,0.9328165374677002,1650
18191,0.9294968363965049,1650
98703,0.9855198829134618,1650
41682,0.9729318734793188,1650
103097,0.9855198829134618,1650
78384,0.9729318734793188,1650
56221,0.9855198829134618,1650
75091,0.9534913353720693,1650
34791,0.9605658709106984,1650
64420,0.9855198829134618,1650
108377,0.9855198829134618,1650
109012,0.9855198829134618,1650
18865,0.9855198829134618,1650
68666,0.9534913353720693,1650
40680,0.9534913353720693,1650
61539,0.9729318734793188,1650
58912,0.9855198829134618,1650
1102,0.9855198829134618,1650
85081,0.8908624432603118,1650
36665,0.8908624432603118,1650
46935,0.9855198829134618,1650
109300,0.9729318734793188,1650
2808,0.9729318734793188,1650
96709,0.9855198829134618,1650
7947,0.9729318734793188,1650
13729,0.9855198829134618,1650
75792,0.9855198829134618,1650
33293,0.8403336748134055,1650
96399,0.8403336748134055,1650
90314,0.6086956521739131,1650
55004,0.8908624432603118,1650
59389,0.9605658709106984,1650
74569,0.8403336748134055,1650
35871,0.9855198829134618,1650
40412,0.8908624432603118,1650
84780,0.9534913353720693,1650
94017,0.8908624432603118,1650
74795,0.8908624432603118,1650
29035,0.9855198829134618,1650
94353,0.9729318734793188,1650
9297,0.8403336748134055,1650
50187,0.9855198829134618,1650
28704,0.9855198829134618,1650
88284,0.9605658709106984,1650
53095,0.9534913353720693,1650
53170,0.9855198829134618,1650
71165,0.8403336748134055,1650
46949,0.9729318734793188,1650
92484,0.9855198829134618,1650
59921,0.8263772954924875,1650
88082,0.9855198829134618,1650
891,0.9855198829134618,1650
28390,0.9534913353720693,1650
24555,0.9855198829134618,1650
62652,0.8908624432603118,1650
94310,0.9534913353720693,1650
35181,0.9729318734793188,1650
113454,0.9729318734793188,1650
8765,0.9534913353720693,1650
71074,0.9294968363965049,1650
105153,0.8403336748134055,1650
108886,0.9534913353720693,1650
57604,0.9294968363965049,1650
40616,0.8908624432603118,1650
91290,0.8263772954924875,1650
102353,0.8403336748134055,1650
85786,0.9855198829134618,1650
81568,0.9605658709106984,1650
4986,0.9855198829134618,1650
86133,0.9855198829134618,1650
77072,0.9534913353720693,1650
69935,0.9855198829134618,1650
60596,0.9729318734793188,1650
39966,0.9855198829134618,1650
35780,0.9294968363965049,1650
70933,0.9534913353720693,1650
94886,0.9605658709106984,1650
23854,0.9328165374677002,1650
7681,0.9729318734793188,1650
48230,0.878755364806867,1650
32663,0.6086956521739131,1650
24717,0.9534913353720693,1650
27089,0.9605658709106984,1650
70215,0.9855198829134618,1650
63684,0.8403336748134055,1650
52136,0.9534913353720693,1650
51294,0.9534913353720693,1650
32276,0.9534913353720693,1650
101570,0.9855198829134618,1650
52183,0.9534913353720693,1650
104543,0.9605658709106984,1650
1985,0.9855198829134618,1650
76441,0.9855198829134618,1650
18688,0.878755364806867,1650
17900,0.8908624432603118,1650
7357,0.8403336748134055,1650
36217,0.8403336748134055,1650
76636,0.9855198829134618,1650
17655,0.9855198829134618,1650
104629,0.9855198829134618,1650
58220,0.9605658709106984,1650
59607,0.9729318734793188,1650
27048,0.8607594936708861,1650
2506,0.9729318734793188,1650
34689,0.9855198829134618,1650
36331,0.9855198829134618,1650
43341,0.9534913353720693,1650
85024,0.9855198829134618,1650
69600,0.9855198829134618,1650
86733,0.9294968363965049,1650
47198,0.9534913353720693,1650
4042,0.9294968363965049,1650
26358,0.9534913353720693,1650
22392,0.9729318734793188,1650
107023,0.9855198829134618,1650
19329,0.9534913353720693,1650
1245,0.8908624432603118,1650
85233,0.9855198829134618,1650
58761,0.9855198829134618,1650
82531,0.8403336748134055,1650
87881,0.8403336748134055,1650
59423,0.8263772954924875,1650
58593,0.8403336748134055,1650
45165,0.9729318734793188,1650
108005,0.9294968363965049,1650
56037,0.8403336748134055,1650
105187,0.8403336748134055,1650
55857,0.9729318734793188,1650
106298,0.9729318734793188,1650
4335,0.3236994219653179,1650
48409,0.8908624432603118,1650
55699,0.6086956521739131,1650
88974,0.9534913353720693,1650
68166,0.9855198829134618,1650
103987,0.9534913353720693,1650
86056,0.9855198829134618,1650
74737,0.9294968363965049,1650
89847,0.8607594936708861,1650
26737,0.7140039447731755,1650
5145,0.9855198829134618,1650
39414,0.9729318734793188,1650
75944,0.9855198829134618,1650
31433,0.9729318734793188,1650
59813,0.8403336748134055,1650
69749,0.9534913353720693,1650
41940,0.9855198829134618,1650
60534,0.9855198829134618,1650
2614,0.9855198829134618,1650
6750,0.9855198829134618,1650
89468,0.9534913353720693,1650
13025,0.9328165374677002,1650
63747,0.9729318734793188,1650
79234,0.9534913353720693,1650
69421,0.9729318734793188,1650
12901,0.8908624432603118,1650
52036,0.9729318734793188,1650
77226,0.9855198829134618,1650
83332,0.8908624432603118,1650
14204,0.9855198829134618,1650
91972,0.9534913353720693,1650
65905,0.8403336748134055,1650
22722,0.9855198829134618,1650
71489,0.9855198829134618,1650
63300,0.9855198829134618,1650
109521,0.9421383647798742,1650
9499,0.9534913353720693,1650
4628,0.9855198829134618,1650
94485,0.9855198829134618,1650
47958,0.8403336748134055,1650
8738,0.9855198829134618,1650
69607,0.9534913353720693,1650
74230,0.8908624432603118,1650
99574,0.9855198829134618,1650
82225,0.9855198829134618,1650
56644,0.9855198829134618,1650
102331,0.878755364806867,1650
1342,0.8403336748134055,1650
100700,0.9855198829134618,1650
52539,0.9534913353720693,1650
3022,0.9328165374677002,1650
81505,0.8403336748134055,1650
54122,0.9294968363965049,1650
69918,0.6086956521739131,1650
13513,0.9328165374677002,1650
525,0.9729318734793188,1650
76606,0.8403336748134055,1650
95662,0.9534913353720693,1650
111818,0.9855198829134618,1650
107371,0.9328165374677002,1650
34657,0.9421383647798742,1650
100138,0.9328165374677002,1650
37050,0.9855198829134618,1650
14880,0.9855198829134618,1650
37441,0.8403336748134055,1650
88016,0.9855198829134618,1650
43078,0.9855198829134618,1650
28651,0.9855198829134618,1650
96728,0.9855198829134618,1650
96964,0.9855198829134618,1650
65297,0.8403336748134055,1650
66197,0.9855198829134618,1650
37165,0.9855198829134618,1650
30906,0.9855198829134618,1650
10129,0.9855198829134618,1650
22351,0.9855198829134618,1650
95496,0.8908624432603118,1650
26214,0.8403336748134055,1650
53433,0.9729318734793188,1650
20146,0.9729318734793188,1650
59517,0.8403336748134055,1650
23926,0.9855198829134618,1650
72514,0.9534913353720693,1650
97398,0.9855198829134618,1650
93122,0.9855198829134618,1650
16772,0.9855198829134618,1650
42142,0.9855198829134618,1650
28319,0.9534913353720693,1650
84938,0.878755364806867,1650
59709,0.9855198829134618,1650
86408,0.9855198829134618,1650
60047,0.8263772954924875,1650
24202,0.9855198829134618,1650
82517,0.9855198829134618,1650
13875,0.9855198829134618,1650
103190,0.8403336748134055,1650
38,0.9855198829134618,1650
105888,0.9729318734793188,1650
19388,0.9729318734793188,1650
58459,0.9534913353720693,1650
101516,0.9855198829134618,1650
9752,0.9855198829134618,1650
21646,0.8403336748134055,1650
6874,0.8403336748134055,1650
17179,0.9729318734793188,1650
25338,0.9855198829134618,1650
68780,0.9855198829134618,1650
5847,0.9855198829134618,1650
38220,0.9328165374677002,1650
60522,0.9855198829134618,1650
39155,0.9605658709106984,1650
92515,0.9729318734793188,1650
92372,0.8403336748134055,1650
98199,0.9294968363965049,1650
102183,0.9855198829134618,1650
17726,0.9605658709106984,1650
13772,0.8403336748134055,1650
67978,0.8403336748134055,1650
31945,0.9605658709106984,1650
55697,0.8403336748134055,1650
80821,0.8908624432603118,1650
36502,0.8403336748134055,1650
84377,0.9605658709106984,1650
10508,0.9421383647798742,1650
33919,0.9534913353720693,1650
71812,0.9855198829134618,1650
43422,0.9855198829134618,1650
15549,0.9855198829134618,1650
82243,0.9534913353720693,1650
53358,0.8403336748134055,1650
86603,0.8908624432603118,1650
100350,0.9729318734793188,1650
1232,0.8403336748134055,1650
9155,0.9855198829134618,1650
87086,0.9855198829134618,1650
19840,0.9729318734793188,1650
77442,0.9605658709106984,1650
106464,0.9729318734793188,1650
80047,0.9729318734793188,1650
99760,0.9855198829134618,1650
97608,0.9729318734793188,1650
88172,0.9855198829134618,1650
864,0.9855198829134618,1650
25922,0.9294968363965049,1650
106215,0.8908624432603118,1650
75963,0.9855198829134618,1650
75251,0.9729318734793188,1650
25519,0.9294968363965049,1650
76078,0.9855198829134618,1650
82774,0.9605658709106984,1650
9879,0.9534913353720693,1650
63960,0.9855198829134618,1650
69569,0.9729318734793188,1650
76919,0.9855198829134618,1650
23800,0.8403336748134055,1650
41315,0.8403336748134055,1650
49179,0.9855198829134618,1650
6010,0.9855198829134618,1650
100927,0.8908624432603118,1650
4401,0.9855198829134618,1650
38620,0.9855198829134618,1650
1923,0.9855198829134618,1650
58837,0.9855198829134618,1650
52641,0.8403336748134055,1650
14788,0.9855198829134618,1650
25511,0.8403336748134055,1650
96587,0.9855198829134618,1650
38508,0.9534913353720693,1650
56879,0.8403336748134055,1650
79470,0.878755364806867,1650
53970,0.9855198829134618,1650
79508,0.8461538461538461,1650
38866,0.9855198829134618,1650
52307,0.9729318734793188,1650
100031,0.9855198829134618,1650
100051,0.878755364806867,1650
44638,0.5986622073578596,1650
108977,0.9855198829134618,1650
82844,0.9534913353720693,1650
55392,0.9729318734793188,1650
51575,0.8403336748134055,1650
58983,0.9729318734793188,1650
100187,0.9855198829134618,1650
99142,0.9855198829134618,1650
22021,0.9855198829134618,1650
100214,0.9534913353720693,1650
43103,0.9605658709106984,1650
61317,0.9855198829134618,1650
78267,0.9605658709106984,1650
61906,0.9729318734793188,1650
45024,0.8908624432603118,1650
42420,0.9729318734793188,1650
52095,0.9855198829134618,1650
56697,0.8607594936708861,1650
58588,0.9534913353720693,1650
104238,0.9729318734793188,1650
47417,0.9855198829134618,1650
29366,0.9855198829134618,1650
86799,0.9729318734793188,1650
43098,0.9855198829134618,1650
29715,0.9855198829134618,1650
41955,0.9855198829134618,1650
79325,0.9534913353720693,1650
85143,0.9605658709106984,1650
52670,0.9855198829134618,1650
49565,0.9855198829134618,1650
60039,0.8908624432603118,1650
75679,0.9855198829134618,1650
71304,0.9534913353720693,1650
35166,0.9855198829134618,1650
11417,0.9534913353720693,1650
24096,0.9729318734793188,1650
70088,0.8263772954924875,1650
39749,0.9855198829134618,1650
91045,0.8403336748134055,1650
9099,0.9855198829134618,1650
71739,0.9534913353720693,1650
41187,0.9605658709106984,1650
44084,0.8263772954924875,1650
59777,0.9328165374677002,1650
67817,0.8403336748134055,1650
960,0.9605658709106984,1650
54613,0.9605658709106984,1650
58988,0.9855198829134618,1650
108326,0.9855198829134618,1650
4855,0.8908624432603118,1650
35257,0.9855198829134618,1650
15640,0.9605658709106984,1650
55348,0.9605658709106984,1650
86332,0.9605658709106984,1650
101267,0.9855198829134618,1650
66082,0.9729318734793188,1650
49145,0.8403336748134055,1650
103558,0.9294968363965049,1650
48153,0.9855198829134618,1650
9776,0.9855198829134618,1650
29401,0.9534913353720693,1650
103761,0.8403336748134055,1650
10829,0.9855198829134618,1650
5484,0.878755364806867,1650
79169,0.9855198829134618,1650
49743,0.9855198829134618,1650
32420,0.9294968363965049,1650
72902,0.9729318734793188,1650
99901,0.9534913353720693,1650
70473,0.9855198829134618,1650
77520,0.9855198829134618,1650
88849,0.878755364806867,1650
24527,0.9534913353720693,1650
25763,0.9294968363965049,1650
29957,0.878755364806867,1650
71234,0.9605658709106984,1650
35131,0.9534913353720693,1650
75130,0.9855198829134618,1650
85659,0.9855198829134618,1650
81265,0.9534913353720693,1650
22158,0.8403336748134055,1650
63242,0.8403336748134055,1650
61897,0.8908624432603118,1650
67097,0.9534913353720693,1650
1276,0.9855198829134618,1650
56745,0.9328165374677002,1650
66724,0.5373831775700935,1650
17677,0.9855198829134618,1650
52423,0.9855198829134618,1650
108470,0.9855198829134618,1650
17358,0.9421383647798742,1650
54787,0.9855198829134618,1650
86641,0.9855198829134618,1650
58502,0.8908624432603118,1650
65430,0.9534913353720693,1650
30188,0.8908624432603118,1650
85777,0.8403336748134055,1650
20244,0.878755364806867,1650
50367,0.9855198829134618,1650
76627,0.9855198829134618,1650
44620,0.9855198829134618,1650
90270,0.8908624432603118,1650
11429,0.9729318734793188,1650
53640,0.9534913353720693,1650
71716,0.9855198829134618,1650
13495,0.8908624432603118,1650
20899,0.9855198829134618,1650
94927,0.878755364806867,1650
94648,0.9855198829134618,1650
16089,0.9729318734793188,1650
104253,0.8908624432603118,1650
112250,0.9534913353720693,1650
98726,0.9328165374677002,1650
61223,0.8908624432603118,1650
7239,0.9855198829134618,1650
37069,0.9605658709106984,1650
86155,0.9605658709106984,1650
100320,0.9605658709106984,1650
81961,0.9855198829134618,1650
13414,0.9534913353720693,1650
93771,0.9855198829134618,1650
53747,0.9729318734793188,1650
93793,0.6086956521739131,1650
25911,0.9855198829134618,1650
87353,0.9855198829134618,1650
30183,0.9605658709106984,1650
86490,0.9855198829134618,1650
93784,0.9534913353720693,1650
27069,0.9605658709106984,1650
45339,0.8403336748134055,1650
41552,0.9328165374677002,1650
9898,0.9534913353720693,1650
109983,0.9605658709106984,1650
109159,0.9605658709106984,1650
61802,0.468,1650
111095,0.9855198829134618,1650
6159,0.878755364806867,1650
74998,0.9729318734793188,1650
51654,0.9855198829134618,1650
57299,0.9855198829134618,1650
38765,0.9855198829134618,1650
31107,0.8607594936708861,1650
49821,0.9605658709106984,1650
101737,0.878755364806867,1650
37986,0.8908624432603118,1650
56307,0.6086956521739131,1650
93184,0.9855198829134618,1650
31888,0.9534913353720693,1650
15854,0.9729318734793188,1650
10178,0.9855198829134618,1650
81061,0.9855198829134618,1650
84580,0.9421383647798742,1650
19564,0.9294968363965049,1650
26914,0.9855198829134618,1650
33433,0.9855198829134618,1650
22928,0.9855198829134618,1650
89182,0.9605658709106984,1650
37019,0.9729318734793188,1650
110357,0.9855198829134618,1650
3069,0.9605658709106984,1650
26966,0.9855198829134618,1650
1979,0.8403336748134055,1650
3730,0.9855198829134618,1650
96373,0.9855198829134618,1650
34980,0.9855198829134618,1650
8547,0.9855198829134618,1650
73796,0.9855198829134618,1650
57168,0.9294968363965049,1650
26083,0.9421383647798742,1650
61664,0.9855198829134618,1650
56359,0.8908624432603118,1650
26190,0.9855198829134618,1650
64847,0.9534913353720693,1650
106375,0.9855198829134618,1650
9865,0.9855198829134618,1650
83297,0.8908624432603118,1650
108868,0.9729318734793188,1650
23676,0.6086956521739131,1650
23144,0.9605658709106984,1650
12511,0.9294968363965049,1650
46805,0.878755364806867,1650
100952,0.9855198829134618,1650
83588,0.8403336748134055,1650
100627,0.9605658709106984,1650
21534,0.9534913353720693,1650
48826,0.9855198829134618,1650
75791,0.9729318734793188,1650
23165,0.878755364806867,1650
61197,0.9855198829134618,1650
105612,0.9605658709106984,1650
67336,0.9855198829134618,1650
15985,0.9534913353720693,1650
108232,0.9855198829134618,1650
45992,0.9729318734793188,1650
39869,0.9855198829134618,1650
95260,0.8908624432603118,1650
5771,0.8908624432603118,1650
54074,0.9534913353720693,1650
9359,0.9534913353720693,1650
109322,0.9855198829134618,1650
47115,0.9855198829134618,1650
110579,0.9855198829134618,1650
69432,0.9855198829134618,1650
4845,0.9855198829134618,1650
12248,0.8908624432603118,1650
70628,0.8908624432603118,1650
42251,0.9855198829134618,1650
60986,0.3236994219653179,1650
46671,0.9605658709106984,1650
91905,0.9855198829134618,1650
46136,0.9855198829134618,1650
81374,0.9605658709106984,1650
69593,0.8403336748134055,1650
46652,0.9729318734793188,1650
50732,0.9729318734793188,1650
11716,0.9328165374677002,1650
39828,0.8263772954924875,1650
100061,0.8403336748134055,1650
45747,0.9729318734793188,1650
82542,0.9855198829134618,1650
16828,0.7116402116402116,1650
29042,0.9729318734793188,1650
69503,0.8403336748134055,1650
68348,0.7601626016260162,1650
8392,0.9855198829134618,1650
75653,0.9605658709106984,1650
18856,0.9534913353720693,1650
106053,0.8403336748134055,1650
109732,0.8403336748134055,1650
112876,0.9294968363965049,1650
65374,0.9855198829134618,1650
31661,0.9729318734793188,1650
84653,0.9855198829134618,1650
59476,0.9294968363965049,1650
67141,0.9855198829134618,1650
22486,0.9855198829134618,1650
79571,0.9729318734793188,1650
113828,0.9855198829134618,1650
103182,0.8908624432603118,1650
101767,0.9855198829134618,1650
69046,0.8908624432603118,1650
105617,0.9855198829134618,1650
15367,0.9729318734793188,1650
106880,0.7601626016260162,1650
15962,0.9328165374677002,1650
82876,0.9729318734793188,1650
60664,0.9729318734793188,1650
88344,0.9328165374677002,1650
66634,0.9294968363965049,1650
14243,0.9421383647798742,1650
62704,0.9855198829134618,1650
9272,0.6086956521739131,1650
110450,0.9855198829134618,1650
71006,0.8908624432603118,1650
43301,0.9855198829134618,1650
64861,0.8908624432603118,1650
29454,0.9729318734793188,1650
53651,0.9534913353720693,1650
18600,0.8403336748134055,1650
46873,0.9605658709106984,1650
28327,0.9855198829134618,1650
97035,0.9855198829134618,1650
86866,0.8908624432603118,1650
17259,0.7140039447731755,1650
98430,0.9855198829134618,1650
59285,0.9605658709106984,1650
94516,0.9855198829134618,1650
55594,0.9855198829134618,1650
21194,0.9855198829134618,1650
45160,0.9328165374677002,1650
110438,0.9855198829134618,1650
89577,0.9855198829134618,1650
57060,0.9855198829134618,1650
87368,0.9855198829134618,1650
1356,0.9855198829134618,1650
72297,0.9534913353720693,1650
70798,0.9534913353720693,1650
43208,0.9605658709106984,1650
93012,0.9855198829134618,1650
75685,0.9729318734793188,1650
108991,0.9855198829134618,1650
31908,0.9605658709106984,1650
17338,0.9534913353720693,1650
108541,0.9855198829134618,1650
45776,0.9534913353720693,1650
65250,0.9855198829134618,1650
36993,0.8908624432603118,1650
76982,0.9855198829134618,1650
929,0.9855198829134618,1650
113581,0.9605658709106984,1650
102478,0.9605658709106984,1650
100846,0.8908624432603118,1650
19023,0.9855198829134618,1650
29487,0.14285714285714285,1650
19341,0.9729318734793188,1650
42859,0.7140039447731755,1650
103622,0.9855198829134618,1650
102545,0.9294968363965049,1650
107751,0.9729318734793188,1650
23678,0.9729318734793188,1650
113669,0.9855198829134618,1650
66903,0.9729318734793188,1650
106831,0.9729318734793188,1650
12015,0.9855198829134618,1650
4850,0.9729318734793188,1650
19313,0.9855198829134618,1650
37611,0.9855198829134618,1650
36380,0.8403336748134055,1650
101259,0.9534913353720693,1650
55494,0.878755364806867,1650
67838,0.9855198829134618,1650
23820,0.8263772954924875,1650
30247,0.8403336748134055,1650
16477,0.9534913353720693,1650
43199,0.7222222222222222,1650
40538,0.9855198829134618,1650
53574,0.9855198829134618,1650
87351,0.9729318734793188,1650
30428,0.9534913353720693,1650
10708,0.8908624432603118,1650
77812,0.9534913353720693,1650
61491,0.9855198829134618,1650
38767,0.9855198829134618,1650
67375,0.7222222222222222,1650
85552,0.9534913353720693,1650
50244,0.8908624432603118,1650
19188,0.9855198829134618,1650
108799,0.9421383647798742,1650
46633,0.9855198829134618,1650
51515,0.9855198829134618,1650
97190,0.9855198829134618,1650
18392,0.9855198829134618,1650
85021,0.8403336748134055,1650
50030,0.8403336748134055,1650
94884,0.9294968363965049,1650
17302,0.9729318734793188,1650
77193,0.9855198829134618,1650
73436,0.9855198829134618,1650
45116,0.9855198829134618,1650
21647,0.9534913353720693,1650
23267,0.9729318734793188,1650
23698,0.8263772954924875,1650
40098,0.8403336748134055,1650
11440,0.878755364806867,1650
41738,0.9855198829134618,1650
106507,0.9605658709106984,1650
63573,0.9729318734793188,1650
98320,0.9855198829134618,1650
1796,0.8403336748134055,1650
11295,0.9729318734793188,1650
102656,0.9729318734793188,1650
103981,0.9605658709106984,1650
64500,0.9729318734793188,1650
427,0.9729318734793188,1650
60180,0.9855198829134618,1650
75604,0.8908624432603118,1650
51171,0.9534913353720693,1650
103658,0.9729318734793188,1650
17853,0.9855198829134618,1650
7515,0.7116402116402116,1650
14906,0.9729318734793188,1650
25960,0.9605658709106984,1650
10625,0.9855198829134618,1650
21444,0.9729318734793188,1650
83020,0.9855198829134618,1650
4533,0.8403336748134055,1650
48317,0.9047619047619048,1650
87920,0.8403336748134055,1650
24167,0.9855198829134618,1650
1284,0.9328165374677002,1650
94117,0.9421383647798742,1650
71995,0.9855198829134618,1650
112805,0.9534913353720693,1650
65163,0.8403336748134055,1650
98310,0.9729318734793188,1650
88969,0.9855198829134618,1650
95886,0.9729318734793188,1650
26309,0.8607594936708861,1650
67820,0.8908624432603118,1650
35669,0.9534913353720693,1650
104703,0.9855198829134618,1650
47334,0.9729318734793188,1650
40100,0.9855198829134618,1650
56121,0.9729318734793188,1650
61600,0.9534913353720693,1650
51377,0.9729318734793188,1650
42191,0.6086956521739131,1650
67472,0.9729318734793188,1650
5753,0.9855198829134618,1650
29106,0.9855198829134618,1650
52778,0.9855198829134618,1650
1513,0.9421383647798742,1650
68917,0.8403336748134055,1650
12957,0.9605658709106984,1650
96125,0.9605658709106984,1650
83476,0.9855198829134618,1650
103583,0.9328165374677002,1650
94133,0.9855198829134618,1650
87751,0.9855198829134618,1650
15108,0.9605658709106984,1650
71621,0.8908624432603118,1650
98885,0.9855198829134618,1650
100782,0.9855198829134618,1650
99323,0.9605658709106984,1650
100435,0.8908624432603118,1650
86375,0.8908624432603118,1650
64147,0.9855198829134618,1650
52230,0.8263772954924875,1650
68174,0.9855198829134618,1650
100851,0.9855198829134618,1650
20485,0.8403336748134055,1650
37895,0.878755364806867,1650
51251,0.9855198829134618,1650
43694,0.9534913353720693,1650
87803,0.9855198829134618,1650
93617,0.9855198829134618,1650
71937,0.9729318734793188,1650
59826,0.8403336748134055,1650
102384,0.9534913353720693,1650
68373,0.9855198829134618,1650
93758,0.9855198829134618,1650
107012,0.9534913353720693,1650
80142,0.9729318734793188,1650
111196,0.9855198829134618,1650
112958,0.9294968363965049,1650
29691,0.9855198829134618,1650
17148,0.8403336748134055,1650
68866,0.8263772954924875,1650
84635,0.9855198829134618,1650
92398,0.878755364806867,1650
74683,0.8403336748134055,1650
27996,0.9855198829134618,1650
37673,0.8403336748134055,1650
4868,0.9729318734793188,1650
66352,0.9534913353720693,1650
45982,0.9855198829134618,1650
36484,0.9855198829134618,1650
37089,0.9855198829134618,1650
24191,0.9605658709106984,1650
75431,0.9855198829134618,1650
23360,0.8908624432603118,1650
6300,0.8908624432603118,1650
76995,0.9729318734793188,1650
64146,0.8607594936708861,1650
82112,0.9534913353720693,1650
88980,0.8908624432603118,1650
109842,0.9294968363965049,1650
45628,0.9729318734793188,1650
65123,0.9729318734793188,1650
39750,0.9855198829134618,1650
26874,0.9855198829134618,1650
28926,0.9855198829134618,1650
77553,0.8607594936708861,1650
82984,0.9534913353720693,1650
55651,0.878755364806867,1650
68688,0.9855198829134618,1650
105881,0.9534913353720693,1650
93810,0.7140039447731755,1650
35720,0.9855198829134618,1650
5095,0.9328165374677002,1650
76623,0.8908624432603118,1650
86821,0.9855198829134618,1650
28059,0.9855198829134618,1650
61210,0.9855198829134618,1650
70482,0.9855198829134618,1650
19001,0.9605658709106984,1650
107396,0.9855198829134618,1650
40076,0.9534913353720693,1650
99523,0.9855198829134618,1650
28868,0.9855198829134618,1650
40908,0.8403336748134055,1650
16505,0.9855198829134618,1650
106826,0.8607594936708861,1650
99378,0.878755364806867,1650
73237,0.9855198829134618,1650
41810,0.9855198829134618,1650
100922,0.9855198829134618,1650
105532,0.9729318734793188,1650
57180,0.9729318734793188,1650
42190,0.9855198829134618,1650
9047,0.9855198829134618,1650
102259,0.8263772954924875,1650
99902,0.9855198829134618,1650
14740,0.8403336748134055,1650
99067,0.9855198829134618,1650
96613,0.9855198829134618,1650
73503,0.8403336748134055,1650
86409,0.9534913353720693,1650
45469,0.9855198829134618,1650
44511,0.9605658709106984,1650
55598,0.9421383647798742,1650
76125,0.9534913353720693,1650
64806,0.9855198829134618,1650
113936,0.878755364806867,1650
55750,0.9047619047619048,1650
2594,0.9855198829134618,1650
21246,0.9855198829134618,1650
52122,0.7601626016260162,1650
19538,0.9855198829134618,1650
87046,0.8403336748134055,1650
39257,0.9855198829134618,1650
96228,0.9294968363965049,1650
35237,0.8263772954924875,1650
5578,0.9328165374677002,1650
113079,0.9605658709106984,1650
11604,0.9328165374677002,1650
23542,0.9534913353720693,1650
25971,0.9855198829134618,1650
62622,0.9855198829134618,1650
9831,0.9729318734793188,1650
45657,0.9855198829134618,1650
88132,0.9855198829134618,1650
65232,0.9534913353720693,1650
74282,0.9294968363965049,1650
69964,0.8403336748134055,1650
34282,0.9855198829134618,1650
108808,0.8607594936708861,1650
26267,0.9855198829134618,1650
10767,0.9855198829134618,1650
92805,0.9855198829134618,1650
21230,0.9534913353720693,1650
25120,0.9729318734793188,1650
81223,0.9729318734793188,1650
83549,0.9605658709106984,1650
51716,0.9534913353720693,1650
107560,0.8403336748134055,1650
80773,0.9534913353720693,1650
95936,0.9421383647798742,1650
87378,0.9534913353720693,1650
75313,0.9729318734793188,1650
104139,0.9855198829134618,1650
41565,0.9855198829134618,1650
112095,0.9729318734793188,1650
72171,0.9855198829134618,1650
51583,0.9534913353720693,1650
74054,0.9534913353720693,1650
101203,0.8403336748134055,1650
20573,0.9605658709106984,1650
46403,0.9729318734793188,1650
109518,0.9855198829134618,1650
31016,0.9605658709106984,1650
112443,0.9855198829134618,1650
101349,0.9855198829134618,1650
51260,0.9855198829134618,1650
24387,0.9605658709106984,1650
100231,0.9534913353720693,1650
65177,0.9328165374677002,1650
98782,0.9534913353720693,1650
42464,0.8403336748134055,1650
90470,0.9855198829134618,1650
110681,0.9855198829134618,1650
50288,0.8908624432603118,1650
48733,0.9855198829134618,1650
91963,0.9855198829134618,1650
104851,0.9855198829134618,1650
11628,0.9855198829134618,1650
14771,0.9534913353720693,1650
58874,0.9855198829134618,1650
38034,0.9729318734793188,1650
60438,0.9534913353720693,1650
98952,0.878755364806867,1650
61122,0.9855198829134618,1650
73543,0.8908624432603118,1650
113759,0.9294968363965049,1650
24166,0.9328165374677002,1650
111663,0.9534913353720693,1650
34332,0.9855198829134618,1650
74346,0.9855198829134618,1650
58928,0.9855198829134618,1650
12681,0.8403336748134055,1650
43060,0.9855198829134618,1650
109910,0.9855198829134618,1650
78487,0.9328165374677002,1650
47145,0.9534913353720693,1650
20921,0.8908624432603118,1650
33373,0.8908624432603118,1650
51267,0.9534913353720693,1650
64124,0.8403336748134055,1650
15016,0.9855198829134618,1650
80341,0.9534913353720693,1650
93241,0.9534913353720693,1650
53654,0.8908624432603118,1650
23835,0.9855198829134618,1650
63549,0.878755364806867,1650
31986,0.9534913353720693,1650
14655,0.6086956521739131,1650
15307,0.9534913353720693,1650
56406,0.8263772954924875,1650
113803,0.9855198829134618,1650
41328,0.7140039447731755,1650
22800,0.9855198829134618,1650
81254,0.9855198829134618,1650
34617,0.9855198829134618,1650
9549,0.9855198829134618,1650
113277,0.9855198829134618,1650
45683,0.9729318734793188,1650
35040,0.9534913353720693,1650
47541,0.8403336748134055,1650
68460,0.9729318734793188,1650
92533,0.9855198829134618,1650
70278,0.9855198829134618,1650
43826,0.5986622073578596,1650
108647,0.8263772954924875,1650
43280,0.9855198829134618,1650
65930,0.9855198829134618,1650
100325,0.8908624432603118,1650
14237,0.8403336748134055,1650
13482,0.9729318734793188,1650
72913,0.8403336748134055,1650
44331,0.9605658709106984,1650
60280,0.9605658709106984,1650
52234,0.9855198829134618,1650
48235,0.9855198829134618,1650
75638,0.9605658709106984,1650
57815,0.9534913353720693,1650
20868,0.9855198829134618,1650
23207,0.9605658709106984,1650
100076,0.9294968363965049,1650
107290,0.9855198829134618,1650
7071,0.9294968363965049,1650
5684,0.9605658709106984,1650
48704,0.5986622073578596,1650
25255,0.9729318734793188,1650
68616,0.8403336748134055,1650
61725,0.8908624432603118,1650
48903,0.9729318734793188,1650
34175,0.9294968363965049,1650
8231,0.9855198829134618,1650
49538,0.9605658709106984,1650
68102,0.9534913353720693,1650
107064,0.8908624432603118,1650
65898,0.9534913353720693,1650
100824,0.9855198829134618,1650
16111,0.8403336748134055,1650
49880,0.9605658709106984,1650
61877,0.9294968363965049,1650
34217,0.8403336748134055,1650
10681,0.9855198829134618,1650
6881,0.8908624432603118,1650
93809,0.9855198829134618,1650
96153,0.9534913353720693,1650
98155,0.9605658709106984,1650
15436,0.9421383647798742,1650
64131,0.9855198829134618,1650
66802,0.7116402116402116,1650
7748,0.8607594936708861,1650
31667,0.9729318734793188,1650
108892,0.9855198829134618,1650
38523,0.9729318734793188,1650
104443,0.9855198829134618,1650
46165,0.9729318734793188,1650
2588,0.9729318734793188,1650
75355,0.9534913353720693,1650
5001,0.9729318734793188,1650
21121,0.8403336748134055,1650
82413,0.9855198829134618,1650
33062,0.9729318734793188,1650
100282,0.9855198829134618,1650
46771,0.9855198829134618,1650
3700,0.9729318734793188,1650
37348,0.9294968363965049,1650
47634,0.9855198829134618,1650
25649,0.9605658709106984,1650
51283,0.9534913353720693,1650
23694,0.9855198829134618,1650
39829,0.9534913353720693,1650
50108,0.9855198829134618,1650
74732,0.9605658709106984,1650
104169,0.9855198829134618,1650
106589,0.9855198829134618,1650
53392,0.8403336748134055,1650
103445,0.9534913353720693,1650
28823,0.9729318734793188,1650
104204,0.8403336748134055,1650
1886,0.9855198829134618,1650
77320,0.9534913353720693,1650
61797,0.8908624432603118,1650
102113,0.9855198829134618,1650
87731,0.9729318734793188,1650
19851,0.9534913353720693,1650
1925,0.9605658709106984,1650
101645,0.9729318734793188,1650
80141,0.9534913353720693,1650
82238,0.9855198829134618,1650
3823,0.9328165374677002,1650
61376,0.9855198829134618,1650
88774,0.9855198829134618,1650
106761,0.9729318734793188,1650
45262,0.9605658709106984,1650
61836,0.9534913353720693,1650
80551,0.9855198829134618,1650
90139,0.9855198829134618,1650
18389,0.9855198829134618,1650
39291,0.9605658709106984,1650
29804,0.9294968363965049,1650
103078,0.9855198829134618,1650
76452,0.9294968363965049,1650
19864,0.9855198829134618,1650
108010,0.8403336748134055,1650
55067,0.9534913353720693,1650
86827,0.9855198829134618,1650
26851,0.9855198829134618,1650
24610,0.9855198829134618,1650
75256,0.9729318734793188,1650
52552,0.9855198829134618,1650
14985,0.9855198829134618,1650
71243,0.8403336748134055,1650
84250,0.9855198829134618,1650
67301,0.9855198829134618,1650
19439,0.9534913353720693,1650
15815,0.9855198829134618,1650
57011,0.8403336748134055,1650
111959,0.9729318734793188,1650
74085,0.5373831775700935,1650
37564,0.9855198829134618,1650
45746,0.9855198829134618,1650
61959,0.9855198829134618,1650
40731,0.9294968363965049,1650
22872,0.5373831775700935,1650
14440,0.9534913353720693,1650
46527,0.9855198829134618,1650
72668,0.9855198829134618,1650
101039,0.9855198829134618,1650
34439,0.9855198829134618,1650
18992,0.9855198829134618,1650
6570,0.9855198829134618,1650
74477,0.9534913353720693,1650
12051,0.9855198829134618,1650
54167,0.9855198829134618,1650
74855,0.9855198829134618,1650
34474,0.9855198829134618,1650
112743,0.9855198829134618,1650
44011,0.9605658709106984,1650
43035,0.9855198829134618,1650
94044,0.9605658709106984,1650
54965,0.9729318734793188,1650
495,0.9534913353720693,1650
17696,0.9855198829134618,1650
97878,0.9534913353720693,1650
42195,0.9855198829134618,1650
113864,0.8403336748134055,1650
102218,0.9855198829134618,1650
99462,0.9855198829134618,1650
111546,0.9729318734793188,1650
42697,0.9534913353720693,1650
62665,0.8403336748134055,1650
63637,0.9855198829134618,1650
916,0.878755364806867,1650
36008,0.8607594936708861,1650
1459,0.8908624432603118,1650
88411,0.9855198829134618,1650
80322,0.9605658709106984,1650
86073,0.9855198829134618,1650
82399,0.8908624432603118,1650
78512,0.9855198829134618,1650
67439,0.8908624432603118,1650
11465,0.7601626016260162,1650
56398,0.9729318734793188,1650
5010,0.9855198829134618,1650
6342,0.8263772954924875,1650
60267,0.9855198829134618,1650
37110,0.8908624432603118,1650
64652,0.9855198829134618,1650
29051,0.9534913353720693,1650
89533,0.9855198829134618,1650
78641,0.8403336748134055,1650
45044,0.9855198829134618,1650
11946,0.9855198829134618,1650
24038,0.9328165374677002,1650
43259,0.9534913353720693,1650
3938,0.9729318734793188,1650
50095,0.8403336748134055,1650
17023,0.9855198829134618,1650
54995,0.9534913353720693,1650
99260,0.9605658709106984,1650
35494,0.878755364806867,1650
97153,0.9855198829134618,1650
112656,0.9729318734793188,1650
13505,0.7140039447731755,1650
47526,0.9855198829134618,1650
40127,0.9855198829134618,1650
110069,0.9855198829134618,1650
104322,0.9855198829134618,1650
65928,0.9855198829134618,1650
41115,0.8908624432603118,1650
73280,0.9294968363965049,1650
55444,0.5986622073578596,1650
21701,0.9328165374677002,1650
35682,0.9855198829134618,1650
65151,0.9855198829134618,1650
59616,0.9855198829134618,1650
60916,0.9855198829134618,1650
65819,0.8403336748134055,1650
106887,0.9855198829134618,1650
41095,0.8607594936708861,1650
66370,0.9534913353720693,1650
64099,0.9855198829134618,1650
13833,0.8403336748134055,1650
73705,0.9605658709106984,1650
57430,0.9729318734793188,1650
31409,0.8908624432603118,1650
61589,0.9855198829134618,1650
107029,0.9855198829134618,1650
46212,0.9421383647798742,1650
98879,0.9534913353720693,1650
12918,0.9729318734793188,1650
106788,0.9605658709106984,1650
33460,0.9328165374677002,1650
98145,0.9729318734793188,1650
19398,0.9855198829134618,1650
40523,0.9855198829134618,1650
19037,0.9534913353720693,1650
11740,0.9855198829134618,1650
101709,0.9855198829134618,1650
70416,0.9729318734793188,1650
67866,0.9855198829134618,1650
43220,0.8403336748134055,1650
74630,0.8908624432603118,1650
528,0.8403336748134055,1650
91619,0.9605658709106984,1650
74051,0.9855198829134618,1650
41034,0.9328165374677002,1650
109408,0.8908624432603118,1650
88170,0.9294968363965049,1650
22283,0.9729318734793188,1650
106871,0.9855198829134618,1650
111913,0.5986622073578596,1650
69105,0.9729318734793188,1650
62013,0.9855198829134618,1650
41065,0.9855198829134618,1650
2832,0.9855198829134618,1650
11305,0.9855198829134618,1650
83979,0.9855198829134618,1650
42516,0.9855198829134618,1650
38102,0.8263772954924875,1650
36998,0.9534913353720693,1650
67440,0.9534913353720693,1650
108984,0.9855198829134618,1650
77410,0.8263772954924875,1650
55094,0.9855198829134618,1650
71520,0.9855198829134618,1650
77569,0.9855198829134618,1650
52834,0.9729318734793188,1650
51623,0.9729318734793188,1650
8324,0.8403336748134055,1650
82573,0.9855198829134618,1650
37952,0.9729318734793188,1650
22718,0.9729318734793188,1650
12916,0.9294968363965049,1650
66389,0.9855198829134618,1650
97689,0.8908624432603118,1650
19673,0.8908624432603118,1650
18236,0.9855198829134618,1650
82120,0.9729318734793188,1650
25604,0.9605658709106984,1650
44176,0.9729318734793188,1650
9333,0.9605658709106984,1650
3546,0.9855198829134618,1650
56200,0.8263772954924875,1650
7969,0.8403336748134055,1650
92747,0.8908624432603118,1650
17385,0.9294968363965049,1650
87234,0.9534913353720693,1650
104646,0.8908624432603118,1650
44476,0.8263772954924875,1650
80324,0.9855198829134618,1650
90156,0.9855198829134618,1650
46712,0.9855198829134618,1650
43625,0.7140039447731755,1650
67656,0.8908624432603118,1650
31445,0.9855198829134618,1650
37493,0.8908624432603118,1650
15450,0.9855198829134618,1650
27389,0.8263772954924875,1650
71108,0.9855198829134618,1650
28743,0.8908624432603118,1650
54917,0.9729318734793188,1650
63267,0.9855198829134618,1650
43474,0.8403336748134055,1650
82813,0.9729318734793188,1650
91847,0.9855198829134618,1650
10313,0.9534913353720693,1650
77594,0.7601626016260162,1650
54554,0.9729318734793188,1650
72314,0.9855198829134618,1650
68431,0.7140039447731755,1650
46832,0.8403336748134055,1650
78045,0.8403336748134055,1650
96854,0.9294968363965049,1650
19024,0.9534913353720693,1650
40864,0.9534913353720693,1650
94827,0.8908624432603118,1650
94466,0.9855198829134618,1650
60971,0.9855198829134618,1650
105232,0.9421383647798742,1650
35594,0.8403336748134055,1650
49080,0.9855198829134618,1650
94325,0.9855198829134618,1650
68067,0.8403336748134055,1650
97930,0.9605658709106984,1650
33801,0.9855198829134618,1650
111802,0.9605658709106984,1650
56782,0.9855198829134618,1650
108051,0.8403336748134055,1650
60149,0.8263772954924875,1650
83105,0.9855198829134618,1650
2211,0.9855198829134618,1650
40068,0.9729318734793188,1650
29833,0.9605658709106984,1650
17805,0.9855198829134618,1650
3403,0.9855198829134618,1650
17480,0.9855198829134618,1650
44930,0.3236994219653179,1650
54508,0.9605658709106984,1650
79773,0.9855198829134618,1650
93761,0.9855198829134618,1650
83326,0.9855198829134618,1650
39954,0.9855198829134618,1650
9808,0.9855198829134618,1650
60173,0.9855198829134618,1650
72992,0.8908624432603118,1650
27609,0.9855198829134618,1650
65884,0.8908624432603118,1650
46183,0.878755364806867,1650
104604,0.9534913353720693,1650
31323,0.9855198829134618,1650
41112,0.9328165374677002,1650
91121,0.8908624432603118,1650
55662,0.9855198829134618,1650
99884,0.8908624432603118,1650
29116,0.9855198829134618,1650
43403,0.9855198829134618,1650
105170,0.8403336748134055,1650
6301,0.8908624432603118,1650
16641,0.9855198829134618,1650
15749,0.8908624432603118,1650
22968,0.9328165374677002,1650
59118,0.8908624432603118,1650
103806,0.878755364806867,1650
62990,0.9605658709106984,1650
8590,0.8403336748134055,1650
98456,0.9855198829134618,1650
68438,0.8263772954924875,1650
23592,0.9294968363965049,1650
78556,0.9855198829134618,1650
106932,0.9729318734793188,1650
98612,0.9855198829134618,1650
32235,0.8908624432603118,1650
109183,0.9534913353720693,1650
68658,0.9855198829134618,1650
27319,0.9855198829134618,1650
111516,0.8908624432603118,1650
95603,0.9855198829134618,1650
56416,0.9855198829134618,1650
89663,0.9605658709106984,1650
83568,0.9855198829134618,1650
96941,0.7222222222222222,1650
36307,0.8908624432603118,1650
81862,0.9855198829134618,1650
52379,0.9328165374677002,1650
27587,0.8607594936708861,1650
21552,0.9534913353720693,1650
61172,0.9534913353720693,1650
26112,0.9534913353720693,1650
34188,0.8403336748134055,1650
65768,0.9605658709106984,1650
100415,0.9855198829134618,1650
79024,0.9855198829134618,1650
199,0.9855198829134618,1650
61824,0.9729318734793188,1650
71171,0.8263772954924875,1650
80510,0.9605658709106984,1650
3801,0.9855198829134618,1650
7310,0.9855198829134618,1650
112315,0.8263772954924875,1650
15983,0.9328165374677002,1650
58936,0.9855198829134618,1650
30992,0.5373831775700935,1650
82710,0.8908624432603118,1650
97161,0.9855198829134618,1650
87977,0.7140039447731755,1650
108637,0.9855198829134618,1650
31677,0.9294968363965049,1650
101497,0.9855198829134618,1650
84991,0.9855198829134618,1650
33715,0.9855198829134618,1650
42660,0.9729318734793188,1650
82383,0.9855198829134618,1650
20924,0.9729318734793188,1650
51114,0.8403336748134055,1650
57879,0.9534913353720693,1650
17841,0.8908624432603118,1650
9569,0.9605658709106984,1650
67529,0.9855198829134618,1650
98695,0.9534913353720693,1650
18432,0.9729318734793188,1650
97177,0.9534913353720693,1650
36766,0.9855198829134618,1650
37939,0.9605658709106984,1650
97980,0.8403336748134055,1650
81322,0.8263772954924875,1650
113004,0.9855198829134618,1650
46458,0.9294968363965049,1650
34684,0.9729318734793188,1650
12285,0.9605658709106984,1650
39248,0.9855198829134618,1650
88734,0.9534913353720693,1650
44827,0.9855198829134618,1650
11390,0.9855198829134618,1650
79734,0.9328165374677002,1650
43451,0.9855198829134618,1650
39271,0.8908624432603118,1650
50724,0.9729318734793188,1650
74439,0.9534913353720693,1650
36374,0.9534913353720693,1650
85161,0.9729318734793188,1650
5104,0.9855198829134618,1650
52166,0.8403336748134055,1650
47693,0.9534913353720693,1650
17581,0.8403336748134055,1650
94701,0.9855198829134618,1650
77456,0.8403336748134055,1650
4334,0.9855198829134618,1650
78648,0.9855198829134618,1650
53172,0.9605658709106984,1650
30693,0.8908624432603118,1650
107626,0.8263772954924875,1650
95232,0.9855198829134618,1650
106444,0.8403336748134055,1650
108054,0.9534913353720693,1650
19257,0.9855198829134618,1650
28227,0.9534913353720693,1650
36894,0.9855198829134618,1650
25205,0.9855198829134618,1650
52023,0.9534913353720693,1650
67664,0.8908624432603118,1650
107635,0.9855198829134618,1650
35359,0.8908624432603118,1650
12889,0.9855198829134618,1650
56850,0.9855198829134618,1650
94525,0.9534913353720693,1650
33027,0.9534913353720693,1650
53477,0.8607594936708861,1650
78674,0.878755364806867,1650
54207,0.9855198829134618,1650
17275,0.8403336748134055,1650
5476,0.9729318734793188,1650
112851,0.9729318734793188,1650
79066,0.9855198829134618,1650
35903,0.9855198829134618,1650
18903,0.9605658709106984,1650
61549,0.9729318734793188,1650
76832,0.9534913353720693,1650
85146,0.8403336748134055,1650
76757,0.9855198829134618,1650
38295,0.9855198829134618,1650
14501,0.9328165374677002,1650
65410,0.9605658709106984,1650
40602,0.9605658709106984,1650
16249,0.8403336748134055,1650
27213,0.9855198829134618,1650
99036,0.9605658709106984,1650
24579,0.8403336748134055,1650
78324,0.8908624432603118,1650
65592,0.9855198829134618,1650
102283,0.9534913353720693,1650
19999,0.9855198829134618,1650
57816,0.9855198829134618,1650
11452,0.9534913353720693,1650
36406,0.9294968363965049,1650
63088,0.9328165374677002,1650
28481,0.8263772954924875,1650
97860,0.8607594936708861,1650
60257,0.9729318734793188,1650
653,0.9534913353720693,1650
57660,0.9855198829134618,1650
1216,0.8403336748134055,1650
98768,0.9855198829134618,1650
47041,0.9534913353720693,1650
53891,0.9855198829134618,1650
48591,0.9729318734793188,1650
112639,0.9605658709106984,1650
92269,0.8908624432603118,1650
12394,0.8403336748134055,1650
20149,0.9605658709106984,1650
82885,0.9294968363965049,1650
77541,0.8403336748134055,1650
99582,0.9855198829134618,1650
64921,0.9294968363965049,1650
74507,0.9534913353720693,1650
62057,0.8908624432603118,1650
101037,0.9534913353720693,1650
87174,0.9855198829134618,1650
58321,0.9328165374677002,1650
78038,0.9855198829134618,1650
21779,0.9855198829134618,1650
100238,0.9855198829134618,1650
113223,0.9855198829134618,1650
98514,0.9855198829134618,1650
2226,0.9855198829134618,1650
112759,0.9855198829134618,1650
64354,0.8908624432603118,1650
69094,0.8908624432603118,1650
41468,0.9855198829134618,1650
75790,0.9729318734793188,1650
26603,0.72,1650
53096,0.9605658709106984,1650
49256,0.9534913353720693,1650
48536,0.9855198829134618,1650
42522,0.9729318734793188,1650
73719,0.9328165374677002,1650
7814,0.9605658709106984,1650
31056,0.8908624432603118,1650
41612,0.9855198829134618,1650
103590,0.9855198829134618,1650
66173,0.9855198829134618,1650
72199,0.9855198829134618,1650
25864,0.9855198829134618,1650
57224,0.8908624432603118,1650
11361,0.8403336748134055,1650
53849,0.9294968363965049,1650
93399,0.9855198829134618,1650
25831,0.9605658709106984,1650
23809,0.8908624432603118,1650
19340,0.9855198829134618,1650
67235,0.9855198829134618,1650
108402,0.9534913353720693,1650
99437,0.9855198829134618,1650
35385,0.9855198829134618,1650
83881,0.9605658709106984,1650
30243,0.9855198829134618,1650
27221,0.9328165374677002,1650
92956,0.8908624432603118,1650
42339,0.9855198829134618,1650
85621,0.9855198829134618,1650
10960,0.8461538461538461,1650
69141,0.9855198829134618,1650
28697,0.9729318734793188,1650
79659,0.8403336748134055,1650
18106,0.7140039447731755,1650
52425,0.9534913353720693,1650
104119,0.9855198829134618,1650
79164,0.9855198829134618,1650
104118,0.9855198829134618,1650
20466,0.8403336748134055,1650
85028,0.9855198829134618,1650
6951,0.7601626016260162,1650
80627,0.9855198829134618,1650
94567,0.9534913353720693,1650
24524,0.9855198829134618,1650
57781,0.9534913353720693,1650
85843,0.9855198829134618,1650
60152,0.9855198829134618,1650
81486,0.9534913353720693,1650
94482,0.9855198829134618,1650
54427,0.9729318734793188,1650
73851,0.9855198829134618,1650
21727,0.9855198829134618,1650
1293,0.9855198829134618,1650
12495,0.8403336748134055,1650
6866,0.8403336748134055,1650
30408,0.9328165374677002,1650
21799,0.9855198829134618,1650
16810,0.8263772954924875,1650
70549,0.8403336748134055,1650
94664,0.9855198829134618,1650
104419,0.878755364806867,1650
94997,0.8908624432603118,1650
3732,0.9855198829134618,1650
71981,0.3236994219653179,1650
6950,0.9729318734793188,1650
68046,0.9729318734793188,1650
101522,0.9855198829134618,1650
51224,0.9855198829134618,1650
12712,0.8403336748134055,1650
36643,0.9855198829134618,1650
9465,0.9729318734793188,1650
74304,0.9855198829134618,1650
98107,0.9534913353720693,1650
98431,0.9328165374677002,1650
699,0.9294968363965049,1650
111167,0.9855198829134618,1650
113029,0.9855198829134618,1650
35601,0.9729318734793188,1650
102079,0.6086956521739131,1650
26703,0.9855198829134618,1650
46847,0.9729318734793188,1650
41097,0.9855198829134618,1650
25715,0.9605658709106984,1650
72762,0.9855198829134618,1650
104860,0.9855198829134618,1650
82910,0.3236994219653179,1650
67352,0.9855198829134618,1650
77368,0.9729318734793188,1650
95854,0.9855198829134618,1650
26754,0.5784313725490197,1650
48697,0.8908624432603118,1650
49857,0.9421383647798742,1650
26904,0.9855198829134618,1650
75715,0.8403336748134055,1650
15615,0.9605658709106984,1650
80368,0.9855198829134618,1650
91405,0.8403336748134055,1650
58395,0.9855198829134618,1650
55761,0.9729318734793188,1650
33942,0.9605658709106984,1650
50155,0.9729318734793188,1650
48472,0.9294968363965049,1650
86859,0.9328165374677002,1650
42812,0.9729318734793188,1650
66027,0.9855198829134618,1650
72236,0.8403336748134055,1650
10388,0.9855198829134618,1650
16691,0.9729318734793188,1650
64175,0.9729318734793188,1650
70068,0.9855198829134618,1650
80881,0.9729318734793188,1650
111583,0.8908624432603118,1650
75333,0.9855198829134618,1650
88640,0.9855198829134618,1650
92154,0.9855198829134618,1650
109166,0.9729318734793188,1650
54378,0.9855198829134618,1650
70490,0.8403336748134055,1650
90504,0.9855198829134618,1650
57631,0.9855198829134618,1650
48648,0.9855198829134618,1650
52328,0.9729318734793188,1650
11913,0.8403336748134055,1650
66423,0.8403336748134055,1650
101855,0.8908624432603118,1650
109861,0.9605658709106984,1650
44131,0.9855198829134618,1650
102002,0.7140039447731755,1650
69842,0.9855198829134618,1650
65538,0.9534913353720693,1650
113033,0.9729318734793188,1650
75568,0.9855198829134618,1650
61812,0.9855198829134618,1650
21660,0.9855198829134618,1650
22457,0.9855198829134618,1650
87522,0.9855198829134618,1650
64265,0.9294968363965049,1650
96713,0.9729318734793188,1650
105789,0.9855198829134618,1650
109368,0.9855198829134618,1650
73883,0.9729318734793188,1650
91515,0.9855198829134618,1650
36588,0.9855198829134618,1650
70973,0.9855198829134618,1650
60194,0.9605658709106984,1650
73249,0.9605658709106984,1650
37834,0.9855198829134618,1650
25414,0.8908624432603118,1650
46545,0.9855198829134618,1650
48481,0.9605658709106984,1650
104147,0.8403336748134055,1650
94617,0.8403336748134055,1650
66686,0.9534913353720693,1650
4002,0.9534913353720693,1650
24909,0.9855198829134618,1650
39988,0.9855198829134618,1650
52471,0.9855198829134618,1650
103547,0.9855198829134618,1650
37596,0.9855198829134618,1650
15061,0.9729318734793188,1650
13296,0.9855198829134618,1650
6470,0.9855198829134618,1650
36939,0.9855198829134618,1650
91209,0.9855198829134618,1650
20029,0.9294968363965049,1650
18742,0.9605658709106984,1650
105849,0.9534913353720693,1650
104622,0.8403336748134055,1650
110029,0.8403336748134055,1650
4410,0.9294968363965049,1650
29418,0.9605658709106984,1650
15728,0.9855198829134618,1650
87473,0.9855198829134618,1650
100740,0.9855198829134618,1650
193,0.9294968363965049,1650
20943,0.9855198829134618,1650
70778,0.9294968363965049,1650
88229,0.9534913353720693,1650
28267,0.9534913353720693,1650
42010,0.9534913353720693,1650
78456,0.9855198829134618,1650
96873,0.878755364806867,1650
96229,0.9729318734793188,1650
1706,0.9729318734793188,1650
52383,0.9855198829134618,1650
69899,0.9605658709106984,1650
19029,0.9855198829134618,1650
113683,0.8403336748134055,1650
72091,0.9855198829134618,1650
34406,0.9534913353720693,1650
66244,0.9855198829134618,1650
76352,0.9855198829134618,1650
36786,0.9855198829134618,1650
95248,0.8403336748134055,1650
110134,0.878755364806867,1650
28617,0.9605658709106984,1650
39265,0.9534913353720693,1650
47527,0.9855198829134618,1650
84170,0.9855198829134618,1650
91321,0.8403336748134055,1650
95480,0.9729318734793188,1650
44994,0.9855198829134618,1650
52452,0.9729318734793188,1650
27397,0.8403336748134055,1650
38362,0.8403336748134055,1650
113435,0.9729318734793188,1650
12502,0.9534913353720693,1650
30753,0.9855198829134618,1650
85183,0.8403336748134055,1650
51841,0.9855198829134618,1650
57379,0.9729318734793188,1650
101680,0.9855198829134618,1650
45372,0.9534913353720693,1650
63071,0.8908624432603118,1650
4119,0.8607594936708861,1650
10845,0.9729318734793188,1650
60677,0.9855198829134618,1650
111841,0.9729318734793188,1650
95789,0.8908624432603118,1650
111834,0.9855198829134618,1650
41551,0.9855198829134618,1650
112072,0.9605658709106984,1650
80608,0.9729318734793188,1650
14235,0.8908624432603118,1650
101107,0.8908624432603118,1650
48651,0.3236994219653179,1650
81364,0.9729318734793188,1650
24225,0.878755364806867,1650
10113,0.9855198829134618,1650
56833,0.9605658709106984,1650
25134,0.9855198829134618,1650
61660,0.9855198829134618,1650
28650,0.9855198829134618,1650
93571,0.9729318734793188,1650
48328,0.8908624432603118,1650
51957,0.9605658709106984,1650
21495,0.9855198829134618,1650
56386,0.9855198829134618,1650
100992,0.9421383647798742,1650
22742,0.8908624432603118,1650
1748,0.9729318734793188,1650
89760,0.9534913353720693,1650
14116,0.9855198829134618,1650
99581,0.9855198829134618,1650
9635,0.9534913353720693,1650
53557,0.9855198829134618,1650
56959,0.9729318734793188,1650
99266,0.9855198829134618,1650
76030,0.9855198829134618,1650
39226,0.9855198829134618,1650
53639,0.8908624432603118,1650
98020,0.9855198829134618,1650
49079,0.8607594936708861,1650
105409,0.9534913353720693,1650
106200,0.9855198829134618,1650
78633,0.8403336748134055,1650
151,0.9729318734793188,1650
18636,0.9729318734793188,1650
112982,0.9855198829134618,1650
66465,0.9534913353720693,1650
57153,0.9729318734793188,1650
90627,0.9855198829134618,1650
112456,0.9534913353720693,1650
18752,0.9855198829134618,1650
30702,0.9729318734793188,1650
68377,0.9855198829134618,1650
76776,0.9855198829134618,1650
58525,0.9328165374677002,1650
46682,0.9294968363965049,1650
3111,0.9729318734793188,1650
4840,0.9855198829134618,1650
84732,0.9605658709106984,1650
78945,0.9855198829134618,1650
104903,0.9855198829134618,1650
95082,0.9855198829134618,1650
15449,0.9534913353720693,1650
51242,0.5784313725490197,1650
50403,0.9855198829134618,1650
47819,0.9729318734793188,1650
2335,0.9534913353720693,1650
4329,0.9534913353720693,1650
77621,0.9855198829134618,1650
98336,0.9855198829134618,1650
56930,0.8607594936708861,1650
108437,0.9855198829134618,1650
55465,0.9534913353720693,1650
14288,0.9855198829134618,1650
60247,0.9855198829134618,1650
11862,0.9855198829134618,1650
111781,0.9855198829134618,1650
112219,0.8263772954924875,1650
68365,0.9534913353720693,1650
59036,0.9855198829134618,1650
55667,0.9421383647798742,1650
40814,0.9729318734793188,1650
48994,0.9855198829134618,1650
80509,0.8908624432603118,1650
45624,0.9729318734793188,1650
100466,0.8908624432603118,1650
69309,0.9855198829134618,1650
35189,0.9605658709106984,1650
71176,0.8607594936708861,1650
73981,0.9729318734793188,1650
10451,0.8263772954924875,1650
42435,0.9605658709106984,1650
4786,0.9855198829134618,1650
73741,0.9855198829134618,1650
83865,0.9729318734793188,1650
99657,0.9328165374677002,1650
99419,0.9855198829134618,1650
15149,0.878755364806867,1650
77561,0.9534913353720693,1650
19757,0.9294968363965049,1650
51607,0.9855198829134618,1650
43770,0.9328165374677002,1650
55779,0.9855198829134618,1650
29362,0.9605658709106984,1650
98405,0.9855198829134618,1650
97431,0.9534913353720693,1650
8745,0.9855198829134618,1650
18124,0.9534913353720693,1650
75849,0.9855198829134618,1650
46991,0.9855198829134618,1650
50942,0.8263772954924875,1650
88017,0.8403336748134055,1650
61733,0.9855198829134618,1650
6351,0.9729318734793188,1650
30375,0.8908624432603118,1650
9478,0.9328165374677002,1650
32381,0.9421383647798742,1650
38758,0.9534913353720693,1650
39144,0.9605658709106984,1650
19319,0.9855198829134618,1650
85188,0.9855198829134618,1650
10808,0.9729318734793188,1650
99573,0.9855198829134618,1650
6328,0.9855198829134618,1650
18766,0.9605658709106984,1650
29198,0.9605658709106984,1650
45448,0.5986622073578596,1650
28746,0.9855198829134618,1650
88173,0.9534913353720693,1650
2993,0.9605658709106984,1650
34820,0.9534913353720693,1650
30775,0.9855198829134618,1650
113690,0.9534913353720693,1650
85662,0.9855198829134618,1650
30335,0.9855198829134618,1650
112746,0.9855198829134618,1650
77414,0.9855198829134618,1650
18979,0.9855198829134618,1650
31927,0.9855198829134618,1650
25819,0.9855198829134618,1650
87675,0.9855198829134618,1650
76167,0.9534913353720693,1650
64160,0.9855198829134618,1650
21792,0.8908624432603118,1650
34411,0.9855198829134618,1650
106291,0.9855198829134618,1650
22375,0.9729318734793188,1650
2666,0.9855198829134618,1650
97318,0.9855198829134618,1650
90002,0.8403336748134055,1650
105211,0.9855198829134618,1650
23508,0.9855198829134618,1650
73468,0.9729318734793188,1650
75291,0.8908624432603118,1650
56279,0.9605658709106984,1650
105141,0.8461538461538461,1650
46894,0.9855198829134618,1650
77271,0.9855198829134618,1650
17511,0.9855198829134618,1650
32416,0.5784313725490197,1650
33041,0.8403336748134055,1650
112829,0.8908624432603118,1650
68364,0.9534913353720693,1650
93961,0.9534913353720693,1650
61469,0.9855198829134618,1650
23163,0.9855198829134618,1650
84570,0.9605658709106984,1650
15355,0.9855198829134618,1650
17621,0.9534913353720693,1650
31069,0.9855198829134618,1650
111341,0.9534913353720693,1650
78226,0.9855198829134618,1650
64988,0.9855198829134618,1650
55031,0.9534913353720693,1650
46766,0.9534913353720693,1650
2044,0.9729318734793188,1650
55762,0.9855198829134618,1650
89477,0.9855198829134618,1650
88676,0.9534913353720693,1650
32039,0.9855198829134618,1650
48304,0.9855198829134618,1650
49446,0.9855198829134618,1650
20577,0.9855198829134618,1650
39165,0.9855198829134618,1650
3363,0.8403336748134055,1650
98081,0.9855198829134618,1650
73148,0.9605658709106984,1650
49775,0.9534913353720693,1650
88219,0.9855198829134618,1650
37956,0.9294968363965049,1650
106025,0.9605658709106984,1650
51246,0.9855198829134618,1650
13714,0.9855198829134618,1650
5222,0.9855198829134618,1650
56910,0.9855198829134618,1650
34022,0.9855198829134618,1650
22190,0.9855198829134618,1650
92792,0.9328165374677002,1650
90117,0.9855198829134618,1650
2374,0.8403336748134055,1650
55976,0.9855198829134618,1650
54513,0.9855198829134618,1650
60472,0.9855198829134618,1650
13971,0.9729318734793188,1650
29208,0.9534913353720693,1650
13315,0.9855198829134618,1650
73322,0.9855198829134618,1650
3386,0.9729318734793188,1650
98330,0.9855198829134618,1650
4247,0.9729318734793188,1650
34011,0.9855198829134618,1650
88376,0.9328165374677002,1650
15257,0.8403336748134055,1650
36646,0.9605658709106984,1650
100841,0.8908624432603118,1650
91566,0.9855198829134618,1650
97315,0.9855198829134618,1650
33881,0.9855198829134618,1650
29343,0.9605658709106984,1650
80770,0.9729318734793188,1650
101101,0.9855198829134618,1650
80556,0.9729318734793188,1650
57434,0.9729318734793188,1650
57615,0.8263772954924875,1650
32731,0.9534913353720693,1650
14997,0.9534913353720693,1650
81821,0.9534913353720693,1650
94022,0.9855198829134618,1650
84366,0.9855198829134618,1650
54822,0.9605658709106984,1650
83089,0.9421383647798742,1650
27659,0.9855198829134618,1650
65795,0.9294968363965049,1650
39900,0.8607594936708861,1650
91387,0.9855198829134618,1650
27417,0.9294968363965049,1650
36241,0.9328165374677002,1650
110078,0.9605658709106984,1650
57491,0.9534913353720693,1650
8838,0.9855198829134618,1650
84492,0.8403336748134055,1650
77480,0.9855198829134618,1650
92094,0.9855198829134618,1650
54469,0.8908624432603118,1650
26621,0.9855198829134618,1650
78789,0.9328165374677002,1650
89839,0.8908624432603118,1650
75102,0.9729318734793188,1650
108945,0.9855198829134618,1650
83508,0.6086956521739131,1650
25358,0.878755364806867,1650
72388,0.9534913353720693,1650
6673,0.9534913353720693,1650
43168,0.9729318734793188,1650
106105,0.7601626016260162,1650
88177,0.9605658709106984,1650
35117,0.9294968363965049,1650
59730,0.9855198829134618,1650
71118,0.9855198829134618,1650
84344,0.9605658709106984,1650
17334,0.9855198829134618,1650
81597,0.9534913353720693,1650
10578,0.7116402116402116,1650
100770,0.9855198829134618,1650
96712,0.9855198829134618,1650
71242,0.8263772954924875,1650
34822,0.9534913353720693,1650
99493,0.9855198829134618,1650
7306,0.9729318734793188,1650
108489,0.9534913353720693,1650
1046,0.8263772954924875,1650
1252,0.8908624432603118,1650
80609,0.9534913353720693,1650
98594,0.8403336748134055,1650
22093,0.9855198829134618,1650
95201,0.9534913353720693,1650
52659,0.9534913353720693,1650
56518,0.9855198829134618,1650
38956,0.9605658709106984,1650
74197,0.9855198829134618,1650
88130,0.8908624432603118,1650
102308,0.8403336748134055,1650
43561,0.8403336748134055,1650
37261,0.8403336748134055,1650
106259,0.9855198829134618,1650
87523,0.9534913353720693,1650
77841,0.9855198829134618,1650
83836,0.9855198829134618,1650
16307,0.9855198829134618,1650
98425,0.8263772954924875,1650
12331,0.8403336748134055,1650
86639,0.9855198829134618,1650
19025,0.9855198829134618,1650
91392,0.8403336748134055,1650
3086,0.9729318734793188,1650
22787,0.9855198829134618,1650
67932,0.8908624432603118,1650
57623,0.9294968363965049,1650
21776,0.8403336748134055,1650
63431,0.9855198829134618,1650
36496,0.9534913353720693,1650
82142,0.9855198829134618,1650
82039,0.9534913353720693,1650
29453,0.9855198829134618,1650
55321,0.8908624432603118,1650
23904,0.8908624432603118,1650
112968,0.9729318734793188,1650
71974,0.9729318734793188,1650
94865,0.9421383647798742,1650
49430,0.8403336748134055,1650
47560,0.9855198829134618,1650
78736,0.9729318734793188,1650
80857,0.9855198829134618,1650
110168,0.8908624432603118,1650
106852,0.9421383647798742,1650
84526,0.8263772954924875,1650
102203,0.9534913353720693,1650
42581,0.8403336748134055,1650
99397,0.9534913353720693,1650
64446,0.9729318734793188,1650
7419,0.8263772954924875,1650
83759,0.7140039447731755,1650
1075,0.9534913353720693,1650
22947,0.9605658709106984,1650
93270,0.9855198829134618,1650
24259,0.9729318734793188,1650
17134,0.9729318734793188,1650
112539,0.9328165374677002,1650
27162,0.9605658709106984,1650
113540,0.9421383647798742,1650
100561,0.9855198829134618,1650
47381,0.9855198829134618,1650
87243,0.9855198829134618,1650
81290,0.9294968363965049,1650
77470,0.9855198829134618,1650
32392,0.9855198829134618,1650
110949,0.9855198829134618,1650
77409,0.9729318734793188,1650
43670,0.9855198829134618,1650
68288,0.8908624432603118,1650
27197,0.3236994219653179,1650
64890,0.9855198829134618,1650
93185,0.9855198829134618,1650
68687,0.9729318734793188,1650
5669,0.8403336748134055,1650
8384,0.9855198829134618,1650
44801,0.9855198829134618,1650
51619,0.9855198829134618,1650
59940,0.8403336748134055,1650
3195,0.9534913353720693,1650
27539,0.8403336748134055,1650
105331,0.9855198829134618,1650
43015,0.9855198829134618,1650
98825,0.9729318734793188,1650
105443,0.9729318734793188,1650
62894,0.8403336748134055,1650
5174,0.9729318734793188,1650
73350,0.9855198829134618,1650
92240,0.9605658709106984,1650
83968,0.9855198829134618,1650
49574,0.8403336748134055,1650
77949,0.9855198829134618,1650
104184,0.9855198829134618,1650
46556,0.9729318734793188,1650
11275,0.9328165374677002,1650
40660,0.9294968363965049,1650
18029,0.8908624432603118,1650
2796,0.9855198829134618,1650
91664,0.9855198829134618,1650
6922,0.9855198829134618,1650
110261,0.9855198829134618,1650
51979,0.9855198829134618,1650
21953,0.8403336748134055,1650
66775,0.9729318734793188,1650
50948,0.9855198829134618,1650
111386,0.9729318734793188,1650
100253,0.9855198829134618,1650
110205,0.9855198829134618,1650
8390,0.9294968363965049,1650
10139,0.8908624432603118,1650
14921,0.9294968363965049,1650
37858,0.8403336748134055,1650
42503,0.9855198829134618,1650
106422,0.9855198829134618,1650
42922,0.9328165374677002,1650
72630,0.9534913353720693,1650
96573,0.9855198829134618,1650
40247,0.9855198829134618,1650
55166,0.8403336748134055,1650
14990,0.878755364806867,1650
30271,0.8403336748134055,1650
78337,0.8403336748134055,1650
46679,0.8403336748134055,1650
29712,0.8403336748134055,1650
89110,0.9855198829134618,1650
6831,0.8403336748134055,1650
106730,0.8908624432603118,1650
60018,0.9534913353720693,1650
110381,0.9729318734793188,1650
30483,0.7140039447731755,1650
87277,0.9855198829134618,1650
59847,0.9855198829134618,1650
23717,0.6086956521739131,1650
97356,0.9605658709106984,1650
101508,0.5986622073578596,1650
105833,0.9855198829134618,1650
113431,0.9855198829134618,1650
85811,0.9534913353720693,1650
62436,0.878755364806867,1650
103514,0.9729318734793188,1650
65231,0.9294968363965049,1650
108614,0.8263772954924875,1650
72390,0.9855198829134618,1650
85960,0.9729318734793188,1650
78437,0.5986622073578596,1650
44591,0.9855198829134618,1650
43966,0.9729318734793188,1650
24893,0.9605658709106984,1650
56940,0.9855198829134618,1650
46160,0.9855198829134618,1650
88736,0.9729318734793188,1650
28183,0.9534913353720693,1650
101512,0.468,1650
70893,0.8908624432603118,1650
102634,0.8403336748134055,1650
5164,0.9294968363965049,1650
63171,0.9855198829134618,1650
70511,0.9328165374677002,1650
18190,0.8403336748134055,1650
21736,0.9605658709106984,1650
73799,0.3236994219653179,1650
62450,0.9534913353720693,1650
73696,0.9729318734793188,1650
87489,0.9605658709106984,1650
77911,0.8908624432603118,1650
66365,0.9855198829134618,1650
77407,0.8403336748134055,1650
67,0.9855198829134618,1650
5532,0.9605658709106984,1650
89646,0.9855198829134618,1650
110892,0.9855198829134618,1650
96354,0.9605658709106984,1650
19179,0.878755364806867,1650
70736,0.9855198829134618,1650
43410,0.8403336748134055,1650
7005,0.9729318734793188,1650
45524,0.9534913353720693,1650
99284,0.9855198829134618,1650
57834,0.9855198829134618,1650
47992,0.9534913353720693,1650
42532,0.9855198829134618,1650
51060,0.9855198829134618,1650
97944,0.7140039447731755,1650
52944,0.9855198829134618,1650
87656,0.8908624432603118,1650
52515,0.9855198829134618,1650
69652,0.9855198829134618,1650
53336,0.9729318734793188,1650
11880,0.9855198829134618,1650
54288,0.9605658709106984,1650
78106,0.9855198829134618,1650
35461,0.8403336748134055,1650
74234,0.8908624432603118,1650
62972,0.8908624432603118,1650
3987,0.9855198829134618,1650
35909,0.9855198829134618,1650
62869,0.9855198829134618,1650
10843,0.9294968363965049,1650
73961,0.9729318734793188,1650
72046,0.9534913353720693,1650
105552,0.9855198829134618,1650
34929,0.9855198829134618,1650
98503,0.8403336748134055,1650
33789,0.9855198829134618,1650
105410,0.9855198829134618,1650
72545,0.9855198829134618,1650
21732,0.9294968363965049,1650
12037,0.9855198829134618,1650
105061,0.9534913353720693,1650
108524,0.8403336748134055,1650
4944,0.9729318734793188,1650
102975,0.9605658709106984,1650
80670,0.9729318734793188,1650
13047,0.9729318734793188,1650
54077,0.9855198829134618,1650
2360,0.9855198829134618,1650
55630,0.9855198829134618,1650
94570,0.9534913353720693,1650
92020,0.9534913353720693,1650
21681,0.9605658709106984,1650
28529,0.9534913353720693,1650
63582,0.9729318734793188,1650
25942,0.8403336748134055,1650
107655,0.9855198829134618,1650
42270,0.9855198829134618,1650
84246,0.8908624432603118,1650
33530,0.9855198829134618,1650
18035,0.9855198829134618,1650
13745,0.9855198829134618,1650
40479,0.9855198829134618,1650
18118,0.9294968363965049,1650
112915,0.9605658709106984,1650
17648,0.9729318734793188,1650
75696,0.9534913353720693,1650
10910,0.9855198829134618,1650
85670,0.9605658709106984,1650
88564,0.8403336748134055,1650
67435,0.7116402116402116,1650
71322,0.9855198829134618,1650
53319,0.8461538461538461,1650
20727,0.468,1650
11145,0.9294968363965049,1650
70505,0.9855198829134618,1650
76610,0.9855198829134618,1650
63892,0.8908624432603118,1650
48864,0.9855198829134618,1650
2609,0.9729318734793188,1650
5099,0.8403336748134055,1650
48253,0.8403336748134055,1650
54845,0.8403336748134055,1650
81043,0.9534913353720693,1650
83889,0.9729318734793188,1650
51984,0.9855198829134618,1650
79999,0.9534913353720693,1650
50691,0.9855198829134618,1650
37949,0.9729318734793188,1650
107280,0.9534913353720693,1650
61943,0.9855198829134618,1650
34808,0.9729318734793188,1650
96003,0.9855198829134618,1650
54315,0.9047619047619048,1650
106465,0.9855198829134618,1650
65466,0.9421383647798742,1650
90580,0.9729318734793188,1650
83386,0.9855198829134618,1650
21012,0.8403336748134055,1650
23866,0.9855198829134618,1650
72233,0.9855198829134618,1650
67916,0.9605658709106984,1650
77726,0.9855198829134618,1650
2541,0.9534913353720693,1650
36657,0.9294968363965049,1650
53322,0.9855198829134618,1650
10548,0.9855198829134618,1650
38989,0.9855198829134618,1650
100560,0.9605658709106984,1650
104029,0.8403336748134055,1650
11399,0.9328165374677002,1650
40314,0.8403336748134055,1650
48173,0.9855198829134618,1650
110581,0.9534913353720693,1650
81928,0.8403336748134055,1650
69615,0.9534913353720693,1650
50407,0.9855198829134618,1650
22823,0.9534913353720693,1650
77264,0.9855198829134618,1650
65816,0.9729318734793188,1650
33585,0.9605658709106984,1650
23307,0.9855198829134618,1650
107621,0.9729318734793188,1650
54229,0.9534913353720693,1650
31278,0.9729318734793188,1650
2537,0.9855198829134618,1650
9264,0.9855198829134618,1650
25728,0.8403336748134055,1650
20498,0.9534913353720693,1650
92866,0.8403336748134055,1650
59897,0.9729318734793188,1650
16831,0.9729318734793188,1650
35845,0.9855198829134618,1650
44251,0.9855198829134618,1650
31052,0.9855198829134618,1650
112524,0.9294968363965049,1650
99459,0.9729318734793188,1650
12177,0.9421383647798742,1650
44551,0.9605658709106984,1650
60690,0.8263772954924875,1650
64714,0.9534913353720693,1650
86975,0.9855198829134618,1650
57103,0.9605658709106984,1650
14720,0.9855198829134618,1650
14454,0.9855198829134618,1650
48730,0.8403336748134055,1650
43953,0.8403336748134055,1650
78925,0.9855198829134618,1650
83519,0.9605658709106984,1650
94934,0.9729318734793188,1650
27349,0.9328165374677002,1650
89579,0.9855198829134618,1650
86973,0.9605658709106984,1650
77791,0.9855198829134618,1650
53442,0.9855198829134618,1650
54661,0.9421383647798742,1650
66959,0.9855198829134618,1650
93059,0.9729318734793188,1650
39887,0.8908624432603118,1650
45316,0.9729318734793188,1650
59160,0.9729318734793188,1650
34611,0.6086956521739131,1650
55772,0.8403336748134055,1650
45154,0.878755364806867,1650
102716,0.9729318734793188,1650
109195,0.9729318734793188,1650
33148,0.9855198829134618,1650
13878,0.9855198829134618,1650
83621,0.9855198829134618,1650
83445,0.9729318734793188,1650
87940,0.9855198829134618,1650
30630,0.9729318734793188,1650
78419,0.8908624432603118,1650
2099,0.9729318734793188,1650
1583,0.9855198829134618,1650
69089,0.9855198829134618,1650
97548,0.9605658709106984,1650
82875,0.8403336748134055,1650
69978,0.8403336748134055,1650
1833,0.9855198829134618,1650
106877,0.8403336748134055,1650
73038,0.9729318734793188,1650
16521,0.9855198829134618,1650
112225,0.9294968363965049,1650
1228,0.9534913353720693,1650
30478,0.9534913353720693,1650
29905,0.7601626016260162,1650
2357,0.9729318734793188,1650
80784,0.9421383647798742,1650
13328,0.9328165374677002,1650
25128,0.8403336748134055,1650
41094,0.9605658709106984,1650
9777,0.9855198829134618,1650
89068,0.8908624432603118,1650
19225,0.8607594936708861,1650
104148,0.9605658709106984,1650
107989,0.9855198829134618,1650
26581,0.9729318734793188,1650
1713,0.5373831775700935,1650
44335,0.8607594936708861,1650
112478,0.8908624432603118,1650
856,0.9855198829134618,1650
5542,0.9855198829134618,1650
14595,0.9294968363965049,1650
95809,0.9855198829134618,1650
90499,0.9855198829134618,1650
13742,0.9605658709106984,1650
20423,0.9855198829134618,1650
56931,0.8908624432603118,1650
21986,0.9294968363965049,1650
9396,0.9729318734793188,1650
89657,0.9534913353720693,1650
98306,0.9534913353720693,1650
25364,0.9729318734793188,1650
43572,0.9855198829134618,1650
5451,0.8607594936708861,1650
8164,0.9534913353720693,1650
75208,0.9605658709106984,1650
51897,0.9605658709106984,1650
53025,0.9605658709106984,1650
82373,0.9855198829134618,1650
85566,0.9605658709106984,1650
106642,0.9855198829134618,1650
39330,0.9729318734793188,1650
15132,0.9855198829134618,1650
59509,0.72,1650
95642,0.9729318734793188,1650
46068,0.9855198829134618,1650
84327,0.9729318734793188,1650
91090,0.8908624432603118,1650
97592,0.9534913353720693,1650
72698,0.9855198829134618,1650
32746,0.9605658709106984,1650
14358,0.9855198829134618,1650
110963,0.9855198829134618,1650
54328,0.9855198829134618,1650
71135,0.9294968363965049,1650
107646,0.8908624432603118,1650
13087,0.9855198829134618,1650
38764,0.9855198829134618,1650
20176,0.8908624432603118,1650
35213,0.9729318734793188,1650
60007,0.9855198829134618,1650
40604,0.9534913353720693,1650
75289,0.5986622073578596,1650
44882,0.9855198829134618,1650
78816,0.9605658709106984,1650
70569,0.9855198829134618,1650
28300,0.9855198829134618,1650
88199,0.9855198829134618,1650
77411,0.9855198829134618,1650
5732,0.9534913353720693,1650
12139,0.8403336748134055,1650
21135,0.9729318734793188,1650
94534,0.9605658709106984,1650
52263,0.8403336748134055,1650
15083,0.9855198829134618,1650
98750,0.7116402116402116,1650
43029,0.9855198829134618,1650
25437,0.8403336748134055,1650
7568,0.8607594936708861,1650
16877,0.9605658709106984,1650
2687,0.9855198829134618,1650
30567,0.9855198829134618,1650
37457,0.9855198829134618,1650
29055,0.9534913353720693,1650
34757,0.9855198829134618,1650
42954,0.9855198829134618,1650
45258,0.9328165374677002,1650
87882,0.9294968363965049,1650
85410,0.8403336748134055,1650
88998,0.8403336748134055,1650
90086,0.8403336748134055,1650
27684,0.9729318734793188,1650
104970,0.9855198829134618,1650
100626,0.9729318734793188,1650
57530,0.9855198829134618,1650
79069,0.9729318734793188,1650
98979,0.9729318734793188,1650
39217,0.9855198829134618,1650
44284,0.08333333333333333,1650
34455,0.9855198829134618,1650
27749,0.9855198829134618,1650
47980,0.9855198829134618,1650
87343,0.9855198829134618,1650
34009,0.9855198829134618,1650
19005,0.9855198829134618,1650
74095,0.9855198829134618,1650
58468,0.9729318734793188,1650
13446,0.8403336748134055,1650
54623,0.9328165374677002,1650
4965,0.9855198829134618,1650
52890,0.9729318734793188,1650
38131,0.9729318734793188,1650
43137,0.9729318734793188,1650
80445,0.9855198829134618,1650
91745,0.9855198829134618,1650
90778,0.9855198829134618,1650
48881,0.9605658709106984,1650
87170,0.9855198829134618,1650
51298,0.9534913353720693,1650
5357,0.9294968363965049,1650
8298,0.9729318734793188,1650
73786,0.9729318734793188,1650
8262,0.9534913353720693,1650
47747,0.8403336748134055,1650
76203,0.9855198829134618,1650
2581,0.9729318734793188,1650
42311,0.9534913353720693,1650
36905,0.878755364806867,1650
85466,0.9855198829134618,1650
40208,0.9729318734793188,1650
95179,0.8908624432603118,1650
56973,0.8908624432603118,1650
50103,0.5373831775700935,1650
89679,0.9328165374677002,1650
98215,0.9855198829134618,1650
19963,0.9855198829134618,1650
80323,0.9855198829134618,1650
30611,0.5373831775700935,1650
36518,0.9855198829134618,1650
23796,0.9729318734793188,1650
60902,0.9855198829134618,1650
41808,0.9855198829134618,1650
35533,0.9855198829134618,1650
13349,0.8908624432603118,1650
78845,0.8908624432603118,1650
47662,0.9855198829134618,1650
71182,0.9294968363965049,1650
27542,0.9855198829134618,1650
36514,0.9534913353720693,1650
44314,0.9855198829134618,1650
80523,0.9605658709106984,1650
49800,0.9328165374677002,1650
24892,0.9855198829134618,1650
92501,0.9855198829134618,1650
95585,0.9855198829134618,1650
54119,0.9855198829134618,1650
34940,0.9729318734793188,1650
38837,0.9729318734793188,1650
66530,0.9855198829134618,1650
1736,0.9294968363965049,1650
94297,0.7140039447731755,1650
90207,0.9855198829134618,1650
22600,0.8908624432603118,1650
38748,0.878755364806867,1650
8120,0.9855198829134618,1650
61692,0.9328165374677002,1650
7414,0.8403336748134055,1650
228,0.9729318734793188,1650
2968,0.9534913353720693,1650
7758,0.9855198829134618,1650
35847,0.9855198829134618,1650
29555,0.9328165374677002,1650
91911,0.9294968363965049,1650
73949,0.9855198829134618,1650
9539,0.9534913353720693,1650
57568,0.9855198829134618,1650
5156,0.9294968363965049,1650
70913,0.9294968363965049,1650
11398,0.9534913353720693,1650
111401,0.8908624432603118,1650
41743,0.9855198829134618,1650
110145,0.8403336748134055,1650
75872,0.9605658709106984,1650
823,0.9855198829134618,1650
107079,0.9729318734793188,1650
5445,0.9605658709106984,1650
83683,0.9729318734793188,1650
93376,0.9855198829134618,1650
84391,0.9534913353720693,1650
63829,0.9855198829134618,1650
106584,0.9855198829134618,1650
45908,0.9855198829134618,1650
51683,0.8403336748134055,1650
37423,0.9729318734793188,1650
90800,0.9855198829134618,1650
103011,0.9534913353720693,1650
38799,0.6086956521739131,1650
4605,0.9855198829134618,1650
89332,0.8908624432603118,1650
27745,0.9729318734793188,1650
55556,0.7116402116402116,1650
85970,0.9534913353720693,1650
49700,0.9729318734793188,1650
62678,0.9855198829134618,1650
2642,0.9605658709106984,1650
74572,0.8403336748134055,1650
49675,0.8908624432603118,1650
38066,0.9855198829134618,1650
75304,0.9729318734793188,1650
90682,0.8403336748134055,1650
111443,0.9605658709106984,1650
32457,0.9605658709106984,1650
42708,0.9328165374677002,1650
78369,0.9855198829134618,1650
21029,0.9855198829134618,1650
41717,0.9855198829134618,1650
105917,0.9729318734793188,1650
2652,0.8908624432603118,1650
91909,0.9534913353720693,1650
58767,0.9605658709106984,1650
82967,0.9294968363965049,1650
101728,0.9729318734793188,1650
49914,0.9729318734793188,1650
78931,0.9294968363965049,1650
57872,0.8908624432603118,1650
77814,0.9729318734793188,1650
101934,0.9294968363965049,1650
81827,0.9855198829134618,1650
88129,0.9855198829134618,1650
75171,0.9855198829134618,1650
84473,0.9534913353720693,1650
11881,0.5986622073578596,1650
103963,0.9855198829134618,1650
4175,0.9729318734793188,1650
92428,0.8403336748134055,1650
22879,0.9855198829134618,1650
89945,0.3236994219653179,1650
74421,0.9855198829134618,1650
99081,0.8908624432603118,1650
102480,0.9855198829134618,1650
15495,0.8607594936708861,1650
4609,0.9294968363965049,1650
40785,0.8908624432603118,1650
102672,0.8403336748134055,1650
49830,0.9855198829134618,1650
48151,0.8403336748134055,1650
23256,0.9855198829134618,1650
71683,0.8461538461538461,1650
72255,0.9855198829134618,1650
93365,0.9328165374677002,1650
49366,0.9855198829134618,1650
7487,0.8403336748134055,1650
36535,0.9605658709106984,1650
100994,0.9855198829134618,1650
82311,0.9855198829134618,1650
97423,0.8403336748134055,1650
625,0.8403336748134055,1650
114013,0.9855198829134618,1650
57044,0.9534913353720693,1650
25073,0.9605658709106984,1650
6031,0.9855198829134618,1650
75874,0.8908624432603118,1650
83123,0.9729318734793188,1650
34308,0.9855198829134618,1650
58328,0.9534913353720693,1650
84822,0.9534913353720693,1650
43446,0.9855198829134618,1650
73167,0.9855198829134618,1650
99720,0.9729318734793188,1650
20764,0.9855198829134618,1650
13292,0.9855198829134618,1650
92941,0.9605658709106984,1650
69854,0.9855198829134618,1650
8217,0.9855198829134618,1650
42535,0.6086956521739131,1650
73445,0.9729318734793188,1650
57225,0.9855198829134618,1650
51631,0.9729318734793188,1650
33611,0.9855198829134618,1650
49926,0.9855198829134618,1650
107257,0.9534913353720693,1650
24365,0.9729318734793188,1650
6549,0.9294968363965049,1650
62876,0.8908624432603118,1650
95378,0.9328165374677002,1650
75432,0.9534913353720693,1650
58660,0.9855198829134618,1650
106230,0.9855198829134618,1650
64686,0.8607594936708861,1650
69029,0.9855198829134618,1650
82064,0.8403336748134055,1650
108146,0.9421383647798742,1650
43864,0.9729318734793188,1650
71098,0.9534913353720693,1650
106878,0.9855198829134618,1650
49640,0.6086956521739131,1650
98708,0.9729318734793188,1650
94919,0.9855198829134618,1650
102124,0.9534913353720693,1650
92294,0.9605658709106984,1650
66555,0.9534913353720693,1650
47188,0.9855198829134618,1650
103885,0.6086956521739131,1650
31605,0.8403336748134055,1650
76289,0.9605658709106984,1650
32358,0.9534913353720693,1650
104745,0.5784313725490197,1650
95591,0.9855198829134618,1650
99134,0.9855198829134618,1650
51490,0.8908624432603118,1650
23782,0.9855198829134618,1650
107278,0.9605658709106984,1650
99106,0.9605658709106984,1650
111391,0.9855198829134618,1650
1476,0.9729318734793188,1650
36545,0.9605658709106984,1650
95071,0.9328165374677002,1650
18633,0.9855198829134618,1650
5924,0.9729318734793188,1650
26783,0.9855198829134618,1650
67717,0.9855198829134618,1650
83684,0.9534913353720693,1650
50129,0.9729318734793188,1650
31917,0.9855198829134618,1650
19951,0.9855198829134618,1650
38278,0.8403336748134055,1650
318,0.9855198829134618,1650
45615,0.9855198829134618,1650
64829,0.9855198829134618,1650
95321,0.9855198829134618,1650
33568,0.9534913353720693,1650
80675,0.8403336748134055,1650
35947,0.9534913353720693,1650
23191,0.9855198829134618,1650
107401,0.9294968363965049,1650
27995,0.9855198829134618,1650
2141,0.8908624432603118,1650
37883,0.9855198829134618,1650
50999,0.8403336748134055,1650
28400,0.9855198829134618,1650
16586,0.9855198829134618,1650
46454,0.9534913353720693,1650
55118,0.9294968363965049,1650
75807,0.9534913353720693,1650
6039,0.6086956521739131,1650
112430,0.9294968363965049,1650
67757,0.8908624432603118,1650
61828,0.9855198829134618,1650
33206,0.9855198829134618,1650
70691,0.9534913353720693,1650
87195,0.8908624432603118,1650
25326,0.9855198829134618,1650
108014,0.9855198829134618,1650
16042,0.8607594936708861,1650
37976,0.9855198829134618,1650
38931,0.9729318734793188,1650
33386,0.9855198829134618,1650
98464,0.8403336748134055,1650
11663,0.9855198829134618,1650
41488,0.9855198829134618,1650
15631,0.9855198829134618,1650
71066,0.468,1650
111314,0.8908624432603118,1650
56528,0.9605658709106984,1650
113170,0.9855198829134618,1650
60426,0.9729318734793188,1650
26578,0.9855198829134618,1650
9745,0.9328165374677002,1650
56641,0.9729318734793188,1650
38213,0.8403336748134055,1650
16268,0.9855198829134618,1650
69890,0.9855198829134618,1650
82245,0.9855198829134618,1650
5180,0.9855198829134618,1650
94791,0.9855198829134618,1650
31772,0.9534913353720693,1650
5054,0.9605658709106984,1650
15419,0.9729318734793188,1650
10019,0.9855198829134618,1650
71956,0.9855198829134618,1650
80566,0.8403336748134055,1650
68727,0.9534913353720693,1650
17233,0.9855198829134618,1650
51394,0.9855198829134618,1650
25926,0.8403336748134055,1650
31204,0.9729318734793188,1650
57632,0.9534913353720693,1650
79863,0.9605658709106984,1650
16113,0.9328165374677002,1650
50702,0.9421383647798742,1650
58108,0.9855198829134618,1650
59039,0.9328165374677002,1650
2286,0.9855198829134618,1650
51009,0.9534913353720693,1650
112091,0.9855198829134618,1650
62834,0.8908624432603118,1650
19301,0.9328165374677002,1650
34838,0.9605658709106984,1650
70737,0.9855198829134618,1650
63290,0.9729318734793188,1650
11729,0.9729318734793188,1650
10518,0.9855198829134618,1650
69023,0.7116402116402116,1650
21056,0.9855198829134618,1650
33313,0.9855198829134618,1650
112139,0.9534913353720693,1650
9904,0.9534913353720693,1650
58536,0.8403336748134055,1650
113372,0.9605658709106984,1650
110914,0.9729318734793188,1650
101279,0.8263772954924875,1650
59737,0.9855198829134618,1650
12188,0.9855198829134618,1650
80249,0.9855198829134618,1650
32488,0.9855198829134618,1650
26005,0.8403336748134055,1650
19373,0.8908624432603118,1650
22954,0.9328165374677002,1650
24106,0.9534913353720693,1650
83466,0.9605658709106984,1650
52732,0.9729318734793188,1650
25904,0.9729318734793188,1650
95309,0.9855198829134618,1650
2345,0.9534913353720693,1650
77789,0.9855198829134618,1650
112490,0.8403336748134055,1650
44047,0.9294968363965049,1650
100101,0.9855198829134618,1650
40225,0.9729318734793188,1650
38255,0.9855198829134618,1650
47304,0.9855198829134618,1650
113782,0.9605658709106984,1650
89238,0.9729318734793188,1650
55720,0.9855198829134618,1650
74969,0.9729318734793188,1650
56439,0.8403336748134055,1650
43502,0.9421383647798742,1650
30691,0.9534913353720693,1650
57494,0.8403336748134055,1650
106195,0.8403336748134055,1650
38079,0.9328165374677002,1650
44608,0.9855198829134618,1650
31281,0.9534913353720693,1650
6778,0.8403336748134055,1650
30047,0.9855198829134618,1650
8636,0.5373831775700935,1650
108669,0.9534913353720693,1650
15306,0.9855198829134618,1650
31960,0.8403336748134055,1650
68313,0.8263772954924875,1650
109355,0.9534913353720693,1650
39338,0.9855198829134618,1650
90212,0.9729318734793188,1650
64268,0.9855198829134618,1650
11837,0.9855198829134618,1650
103357,0.9855198829134618,1650
35908,0.9855198829134618,1650
33314,0.8263772954924875,1650
87916,0.9855198829134618,1650
77162,0.9855198829134618,1650
11821,0.8908624432603118,1650
88563,0.9855198829134618,1650
79173,0.8403336748134055,1650
84852,0.9729318734793188,1650
19647,0.9855198829134618,1650
25311,0.9855198829134618,1650
9151,0.9729318734793188,1650
65590,0.8908624432603118,1650
75974,0.9328165374677002,1650
40714,0.9855198829134618,1650
43054,0.8908624432603118,1650
43445,0.9294968363965049,1650
79461,0.9534913353720693,1650
102087,0.9855198829134618,1650
31306,0.9855198829134618,1650
50165,0.9855198829134618,1650
38156,0.9534913353720693,1650
99976,0.9855198829134618,1650
65459,0.8403336748134055,1650
95567,0.8908624432603118,1650
64044,0.9534913353720693,1650
67347,0.8607594936708861,1650
2127,0.9729318734793188,1650
61655,0.9534913353720693,1650
44769,0.9855198829134618,1650
17022,0.9421383647798742,1650
13845,0.9534913353720693,1650
58601,0.9855198829134618,1650
77741,0.9855198829134618,1650
103435,0.9328165374677002,1650
5070,0.9534913353720693,1650
36151,0.9729318734793188,1650
78667,0.9729318734793188,1650
20411,0.8403336748134055,1650
30674,0.8908624432603118,1650
96329,0.9729318734793188,1650
71374,0.9534913353720693,1650
110633,0.9294968363965049,1650
94096,0.8263772954924875,1650
43647,0.9855198829134618,1650
47825,0.9855198829134618,1650
14886,0.9729318734793188,1650
16045,0.9855198829134618,1650
106527,0.8403336748134055,1650
13727,0.9855198829134618,1650
41974,0.9855198829134618,1650
79110,0.9328165374677002,1650
103178,0.8403336748134055,1650
35062,0.9855198829134618,1650
4975,0.9855198829134618,1650
14337,0.9729318734793188,1650
45299,0.9605658709106984,1650
82022,0.9855198829134618,1650
86645,0.9729318734793188,1650
57719,0.9855198829134618,1650
62614,0.9605658709106984,1650
53119,0.8403336748134055,1650
36996,0.9855198829134618,1650
101308,0.9534913353720693,1650
86441,0.9855198829134618,1650
11058,0.9855198829134618,1650
9590,0.9855198829134618,1650
78268,0.9729318734793188,1650
21568,0.9855198829134618,1650
83801,0.9855198829134618,1650
84670,0.878755364806867,1650
36919,0.9729318734793188,1650
113585,0.9855198829134618,1650
23595,0.8403336748134055,1650
59480,0.9534913353720693,1650
113930,0.9855198829134618,1650
41859,0.9855198829134618,1650
70248,0.9855198829134618,1650
8218,0.9855198829134618,1650
68907,0.8403336748134055,1650
110955,0.9294968363965049,1650
61258,0.9855198829134618,1650
42400,0.9855198829134618,1650
92586,0.9855198829134618,1650
76625,0.9328165374677002,1650
101863,0.9328165374677002,1650
67903,0.9605658709106984,1650
75683,0.9855198829134618,1650
87017,0.9421383647798742,1650
26812,0.9534913353720693,1650
83455,0.8263772954924875,1650
27363,0.9855198829134618,1650
22020,0.9855198829134618,1650
55558,0.9855198829134618,1650
16261,0.9855198829134618,1650
83000,0.9729318734793188,1650
101582,0.9328165374677002,1650
36618,0.7140039447731755,1650
62981,0.9855198829134618,1650
1006,0.9855198829134618,1650
51994,0.9855198829134618,1650
87190,0.9605658709106984,1650
81494,0.8403336748134055,1650
2647,0.9855198829134618,1650
3276,0.9855198829134618,1650
86507,0.9855198829134618,1650
75573,0.5986622073578596,1650
68477,0.878755364806867,1650
76731,0.9605658709106984,1650
983,0.8908624432603118,1650
48140,0.9855198829134618,1650
22291,0.9855198829134618,1650
97697,0.9294968363965049,1650
25536,0.8908624432603118,1650
74411,0.9534913353720693,1650
19528,0.9729318734793188,1650
81813,0.9534913353720693,1650
34143,0.9729318734793188,1650
43540,0.9855198829134618,1650
22086,0.8263772954924875,1650
51693,0.8403336748134055,1650
55309,0.9328165374677002,1650
59658,0.9855198829134618,1650
32247,0.9605658709106984,1650
20083,0.9729318734793188,1650
85263,0.8403336748134055,1650
20896,0.9855198829134618,1650
73294,0.8607594936708861,1650
33096,0.9855198829134618,1650
78107,0.9729318734793188,1650
100045,0.8908624432603118,1650
32839,0.9729318734793188,1650
10999,0.9855198829134618,1650
68767,0.9729318734793188,1650
89827,0.9605658709106984,1650
103212,0.9855198829134618,1650
31532,0.9729318734793188,1650
55473,0.5373831775700935,1650
56008,0.8908624432603118,1650
94226,0.8403336748134055,1650
27999,0.9855198829134618,1650
63361,0.9855198829134618,1650
48841,0.7601626016260162,1650
86253,0.9855198829134618,1650
5112,0.9294968363965049,1650
83047,0.9855198829134618,1650
74429,0.9534913353720693,1650
59082,0.9855198829134618,1650
20020,0.9855198829134618,1650
112297,0.9855198829134618,1650
24760,0.8403336748134055,1650
20513,0.9855198829134618,1650
54686,0.9855198829134618,1650
53138,0.878755364806867,1650
7316,0.9855198829134618,1650
87286,0.9855198829134618,1650
439,0.9855198829134618,1650
25227,0.9729318734793188,1650
35291,0.9729318734793188,1650
97100,0.9729318734793188,1650
4033,0.9605658709106984,1650
74336,0.9729318734793188,1650
11884,0.9729318734793188,1650
85050,0.9605658709106984,1650
73420,0.9534913353720693,1650
71537,0.9855198829134618,1650
17903,0.9328165374677002,1650
58267,0.9294968363965049,1650
84718,0.9605658709106984,1650
63547,0.9729318734793188,1650
27826,0.9605658709106984,1650
79018,0.9294968363965049,1650
13530,0.9294968363965049,1650
34450,0.9534913353720693,1650
91994,0.9534913353720693,1650
2820,0.8908624432603118,1650
71686,0.9534913353720693,1650
37486,0.9855198829134618,1650
19684,0.9855198829134618,1650
1420,0.9855198829134618,1650
17807,0.9855198829134618,1650
71510,0.9534913353720693,1650
3898,0.9855198829134618,1650
98257,0.9729318734793188,1650
54068,0.9855198829134618,1650
74289,0.9855198829134618,1650
80112,0.9855198829134618,1650
52108,0.9421383647798742,1650
493,0.9855198829134618,1650
62806,0.9729318734793188,1650
102470,0.9855198829134618,1650
83396,0.8403336748134055,1650
95207,0.8403336748134055,1650
46205,0.8403336748134055,1650
37907,0.9855198829134618,1650
78083,0.9729318734793188,1650
38375,0.9534913353720693,1650
99054,0.8403336748134055,1650
19511,0.9294968363965049,1650
5939,0.9855198829134618,1650
42318,0.8403336748134055,1650
57658,0.8403336748134055,1650
509,0.9729318734793188,1650
109289,0.9534913353720693,1650
89724,0.9855198829134618,1650
26879,0.878755364806867,1650
1418,0.8403336748134055,1650
93099,0.8403336748134055,1650
20159,0.9294968363965049,1650
99280,0.9855198829134618,1650
6189,0.9729318734793188,1650
29117,0.9855198829134618,1650
93908,0.9855198829134618,1650
79761,0.9855198829134618,1650
113298,0.9729318734793188,1650
63890,0.9855198829134618,1650
90462,0.9294968363965049,1650
83048,0.9855198829134618,1650
15090,0.8403336748134055,1650
107084,0.878755364806867,1650
55068,0.878755364806867,1650
85322,0.8263772954924875,1650
54761,0.9855198829134618,1650
43856,0.8403336748134055,1650
2309,0.9855198829134618,1650
50275,0.9729318734793188,1650
69717,0.9534913353720693,1650
43689,0.9421383647798742,1650
91382,0.9855198829134618,1650
79303,0.9855198829134618,1650
24430,0.9855198829134618,1650
32499,0.9729318734793188,1650
80292,0.9855198829134618,1650
3383,0.9855198829134618,1650
58608,0.8908624432603118,1650
112754,0.9605658709106984,1650
57091,0.8908624432603118,1650
77508,0.9294968363965049,1650
108850,0.9729318734793188,1650
98108,0.8263772954924875,1650
28935,0.9855198829134618,1650
36900,0.9855198829134618,1650
79955,0.9294968363965049,1650
100441,0.9421383647798742,1650
71618,0.8403336748134055,1650
45570,0.9605658709106984,1650
105621,0.9855198829134618,1650
91202,0.9855198829134618,1650
87894,0.9855198829134618,1650
42188,0.9855198829134618,1650
100381,0.8461538461538461,1650
102197,0.9605658709106984,1650
60033,0.9729318734793188,1650
65703,0.8263772954924875,1650
94824,0.9294968363965049,1650
526,0.9729318734793188,1650
1307,0.8403336748134055,1650
10487,0.9855198829134618,1650
498,0.9855198829134618,1650
81216,0.9605658709106984,1650
85693,0.9855198829134618,1650
60355,0.8607594936708861,1650
16635,0.9855198829134618,1650
67640,0.9855198829134618,1650
21101,0.9534913353720693,1650
32528,0.8908624432603118,1650
13147,0.8403336748134055,1650
22217,0.9534913353720693,1650
5216,0.8403336748134055,1650
85783,0.8403336748134055,1650
103810,0.9855198829134618,1650
89353,0.9855198829134618,1650
41745,0.9328165374677002,1650
77729,0.9729318734793188,1650
19332,0.9294968363965049,1650
62638,0.9534913353720693,1650
62373,0.9729318734793188,1650
34379,0.9855198829134618,1650
48390,0.9855198829134618,1650
110121,0.9605658709106984,1650
51612,0.8908624432603118,1650
39082,0.9855198829134618,1650
86515,0.9855198829134618,1650
66344,0.9729318734793188,1650
6775,0.9855198829134618,1650
7098,0.9534913353720693,1650
13848,0.9294968363965049,1650
35515,0.9729318734793188,1650
21583,0.9855198829134618,1650
14273,0.9855198829134618,1650
88278,0.9421383647798742,1650
44492,0.9605658709106984,1650
29919,0.9729318734793188,1650
75180,0.8403336748134055,1650
62505,0.9855198829134618,1650
39215,0.9729318734793188,1650
100808,0.9855198829134618,1650
111898,0.9855198829134618,1650
36464,0.9855198829134618,1650
35781,0.9534913353720693,1650
82050,0.9729318734793188,1650
66549,0.9534913353720693,1650
45282,0.9855198829134618,1650
81,0.9534913353720693,1650
25186,0.9729318734793188,1650
94131,0.9855198829134618,1650
83835,0.8908624432603118,1650
92347,0.9729318734793188,1650
72169,0.9534913353720693,1650
64036,0.9855198829134618,1650
112669,0.9855198829134618,1650
92300,0.9855198829134618,1650
2977,0.9855198829134618,1650
61653,0.9294968363965049,1650
15883,0.8908624432603118,1650
29384,0.9855198829134618,1650
42078,0.9855198829134618,1650
40367,0.9855198829134618,1650
67751,0.9729318734793188,1650
85144,0.9855198829134618,1650
2012,0.8908624432603118,1650
111036,0.9294968363965049,1650
46114,0.8403336748134055,1650
97422,0.9855198829134618,1650
25346,0.9855198829134618,1650
59296,0.9328165374677002,1650
13979,0.8908624432603118,1650
38670,0.9729318734793188,1650
26632,0.9534913353720693,1650
97134,0.9729318734793188,1650
51412,0.9855198829134618,1650
18793,0.9534913353720693,1650
19536,0.9729318734793188,1650
3359,0.9294968363965049,1650
21731,0.6086956521739131,1650
11991,0.9294968363965049,1650
46283,0.9605658709106984,1650
39664,0.9534913353720693,1650
113369,0.9855198829134618,1650
40844,0.9855198829134618,1650
37847,0.9855198829134618,1650
43649,0.9855198829134618,1650
68314,0.8403336748134055,1650
25589,0.9605658709106984,1650
80925,0.9729318734793188,1650
32195,0.9534913353720693,1650
80936,0.9855198829134618,1650
53401,0.8908624432603118,1650
17563,0.8908624432603118,1650
51545,0.9855198829134618,1650
27001,0.9855198829134618,1650
106893,0.9534913353720693,1650
101433,0.8908624432603118,1650
82723,0.9328165374677002,1650
45799,0.9855198829134618,1650
37312,0.8263772954924875,1650
47048,0.8403336748134055,1650
81745,0.9855198829134618,1650
1437,0.9855198829134618,1650
44865,0.9855198829134618,1650
37687,0.9855198829134618,1650
59359,0.9729318734793188,1650
79947,0.9855198829134618,1650
47996,0.9729318734793188,1650
72895,0.9605658709106984,1650
88556,0.9729318734793188,1650
24271,0.8403336748134055,1650
13499,0.9294968363965049,1650
106613,0.878755364806867,1650
69723,0.8403336748134055,1650
14167,0.6086956521739131,1650
48468,0.9729318734793188,1650
86160,0.9729318734793188,1650
65510,0.9294968363965049,1650
106651,0.9855198829134618,1650
30278,0.468,1650
114038,0.878755364806867,1650
96794,0.9534913353720693,1650
58623,0.9328165374677002,1650
5795,0.9855198829134618,1650
99482,0.9729318734793188,1650
33850,0.9294968363965049,1650
43376,0.8263772954924875,1650
109686,0.8607594936708861,1650
92991,0.9855198829134618,1650
24522,0.9729318734793188,1650
9929,0.8908624432603118,1650
3326,0.8403336748134055,1650
2980,0.9855198829134618,1650
23396,0.9534913353720693,1650
41323,0.8403336748134055,1650
34943,0.9534913353720693,1650
23159,0.8403336748134055,1650
54385,0.8403336748134055,1650
107300,0.9729318734793188,1650
102152,0.9729318734793188,1650
76960,0.9605658709106984,1650
46071,0.8908624432603118,1650
84977,0.9855198829134618,1650
2864,0.9855198829134618,1650
74276,0.9855198829134618,1650
46997,0.9534913353720693,1650
76007,0.9855198829134618,1650
62045,0.9855198829134618,1650
111362,0.9855198829134618,1650
58280,0.7116402116402116,1650
107097,0.6086956521739131,1650
1193,0.9855198829134618,1650
36572,0.9855198829134618,1650
102080,0.8908624432603118,1650
107634,0.9855198829134618,1650
109577,0.8403336748134055,1650
18554,0.9729318734793188,1650
10036,0.9855198829134618,1650
2439,0.9855198829134618,1650
83446,0.9294968363965049,1650
18047,0.9328165374677002,1650
38865,0.9855198829134618,1650
56711,0.9855198829134618,1650
64004,0.9328165374677002,1650
107112,0.9855198829134618,1650
4065,0.9855198829134618,1650
87911,0.9855198829134618,1650
77201,0.9729318734793188,1650
110688,0.7140039447731755,1650
5425,0.9855198829134618,1650
54458,0.9294968363965049,1650
82313,0.9729318734793188,1650
112040,0.9421383647798742,1650
4775,0.9534913353720693,1650
6258,0.9855198829134618,1650
110024,0.8908624432603118,1650
86536,0.9855198829134618,1650
3168,0.9855198829134618,1650
90698,0.9855198829134618,1650
42436,0.9729318734793188,1650
72158,0.9605658709106984,1650
104509,0.9294968363965049,1650
9980,0.468,1650
8329,0.8908624432603118,1650
69690,0.8908624432603118,1650
70989,0.9855198829134618,1650
26488,0.9729318734793188,1650
20056,0.9855198829134618,1650
97446,0.8263772954924875,1650
21044,0.9855198829134618,1650
5705,0.9534913353720693,1650
70552,0.9534913353720693,1650
100134,0.8908624432603118,1650
37097,0.8263772954924875,1650
33556,0.9534913353720693,1650
90928,0.9855198829134618,1650
4266,0.8403336748134055,1650
58960,0.9855198829134618,1650
72265,0.8403336748134055,1650
82972,0.9294968363965049,1650
81908,0.9534913353720693,1650
47761,0.9855198829134618,1650
61392,0.9855198829134618,1650
925,0.8908624432603118,1650
12915,0.8403336748134055,1650
49844,0.9294968363965049,1650
92666,0.8403336748134055,1650
79015,0.9534913353720693,1650
57792,0.9605658709106984,1650
4445,0.9294968363965049,1650
106071,0.9855198829134618,1650
25228,0.9855198829134618,1650
65991,0.8908624432603118,1650
94535,0.9729318734793188,1650
48572,0.9855198829134618,1650
92753,0.9855198829134618,1650
70415,0.9605658709106984,1650
22771,0.6086956521739131,1650
110244,0.9294968363965049,1650
81978,0.9855198829134618,1650
79059,0.9855198829134618,1650
72452,0.9534913353720693,1650
32594,0.9855198829134618,1650
62667,0.9534913353720693,1650
79680,0.8403336748134055,1650
17332,0.9328165374677002,1650
3345,0.8403336748134055,1650
52192,0.9729318734793188,1650
107855,0.9855198829134618,1650
74549,0.9534913353720693,1650
59414,0.9855198829134618,1650
3457,0.9855198829134618,1650
111153,0.9855198829134618,1650
66779,0.8403336748134055,1650
56067,0.9855198829134618,1650
59146,0.8908624432603118,1650
46713,0.9855198829134618,1650
86865,0.9855198829134618,1650
9322,0.9855198829134618,1650
39630,0.8908624432603118,1650
7243,0.9534913353720693,1650
91633,0.9605658709106984,1650
69459,0.9855198829134618,1650
6254,0.9855198829134618,1650
19770,0.9855198829134618,1650
75385,0.9294968363965049,1650
33052,0.9855198829134618,1650
6515,0.9534913353720693,1650
8605,0.9534913353720693,1650
41375,0.9855198829134618,1650
2224,0.9855198829134618,1650
72915,0.9605658709106984,1650
91490,0.9534913353720693,1650
7524,0.9855198829134618,1650
64662,0.8403336748134055,1650
85519,0.9855198829134618,1650
54387,0.9855198829134618,1650
47118,0.8403336748134055,1650
64346,0.9855198829134618,1650
55797,0.9729318734793188,1650
19657,0.8403336748134055,1650
5818,0.9855198829134618,1650
18250,0.8607594936708861,1650
77884,0.878755364806867,1650
16591,0.9534913353720693,1650
10648,0.9729318734793188,1650
79074,0.8908624432603118,1650
55938,0.7116402116402116,1650
62776,0.9534913353720693,1650
43463,0.9294968363965049,1650
33969,0.8908624432603118,1650
62053,0.8403336748134055,1650
6927,0.9855198829134618,1650
87865,0.8263772954924875,1650
109239,0.9855198829134618,1650
3166,0.8908624432603118,1650
46752,0.9855198829134618,1650
17113,0.9855198829134618,1650
55337,0.9729318734793188,1650
78976,0.9855198829134618,1650
31308,0.8403336748134055,1650
74547,0.9729318734793188,1650
44082,0.9855198829134618,1650
557,0.8908624432603118,1650
107503,0.9729318734793188,1650
85983,0.9855198829134618,1650
36761,0.9729318734793188,1650
102938,0.9534913353720693,1650
109644,0.9328165374677002,1650
69840,0.9605658709106984,1650
55251,0.9855198829134618,1650
99793,0.9855198829134618,1650
52734,0.9855198829134618,1650
71117,0.8908624432603118,1650
89871,0.9855198829134618,1650
56564,0.9855198829134618,1650
70271,0.9855198829134618,1650
102009,0.9328165374677002,1650
47731,0.9294968363965049,1650
53980,0.9855198829134618,1650
16530,0.9294968363965049,1650
84249,0.9534913353720693,1650
34,0.9534913353720693,1650
25260,0.9605658709106984,1650
6612,0.8908624432603118,1650
91986,0.9855198829134618,1650
24283,0.9855198829134618,1650
14678,0.9729318734793188,1650
13457,0.9855198829134618,1650
36999,0.9855198829134618,1650
53223,0.9534913353720693,1650
15701,0.8908624432603118,1650
112124,0.9328165374677002,1650
55432,0.9855198829134618,1650
80226,0.9855198829134618,1650
15316,0.9855198829134618,1650
82095,0.9605658709106984,1650
42632,0.9855198829134618,1650
67745,0.9729318734793188,1650
53104,0.9855198829134618,1650
37210,0.8908624432603118,1650
112240,0.9855198829134618,1650
95057,0.9855198829134618,1650
99120,0.9294968363965049,1650
59947,0.9328165374677002,1650
75505,0.8908624432603118,1650
112176,0.8403336748134055,1650
75438,0.9855198829134618,1650
103134,0.9729318734793188,1650
67587,0.9855198829134618,1650
37692,0.9855198829134618,1650
25334,0.8403336748134055,1650
69767,0.9855198829134618,1650
12203,0.9534913353720693,1650
37440,0.7140039447731755,1650
33091,0.9605658709106984,1650
55229,0.9855198829134618,1650
89604,0.9047619047619048,1650
34293,0.9855198829134618,1650
101900,0.9855198829134618,1650
30581,0.9729318734793188,1650
59148,0.468,1650
46489,0.9855198829134618,1650
2473,0.9729318734793188,1650
350,0.9855198829134618,1650
82664,0.9605658709106984,1650
4900,0.9729318734793188,1650
109541,0.9855198829134618,1650
43475,0.8403336748134055,1650
81047,0.8607594936708861,1650
37034,0.9855198829134618,1650
69674,0.9855198829134618,1650
15705,0.9855198829134618,1650
56035,0.9855198829134618,1650
68274,0.9855198829134618,1650
33755,0.9729318734793188,1650
76540,0.9855198829134618,1650
60995,0.9855198829134618,1650
90055,0.8908624432603118,1650
96079,0.9605658709106984,1650
12513,0.9729318734793188,1650
10980,0.9729318734793188,1650
98853,0.878755364806867,1650
33696,0.9534913353720693,1650
63348,0.9855198829134618,1650
10474,0.8403336748134055,1650
105983,0.9605658709106984,1650
11420,0.8908624432603118,1650
60270,0.9534913353720693,1650
38543,0.9855198829134618,1650
4799,0.9855198829134618,1650
88053,0.8403336748134055,1650
74270,0.8403336748134055,1650
42088,0.9855198829134618,1650
74510,0.8403336748134055,1650
56677,0.8908624432603118,1650
52481,0.9605658709106984,1650
91223,0.9855198829134618,1650
2106,0.9605658709106984,1650
88718,0.8908624432603118,1650
35218,0.5373831775700935,1650
6537,0.468,1650
28944,0.9855198829134618,1650
12615,0.7116402116402116,1650
5649,0.8908624432603118,1650
103056,0.8908624432603118,1650
110772,0.9605658709106984,1650
5370,0.9855198829134618,1650
79861,0.8607594936708861,1650
33042,0.9855198829134618,1650
87076,0.9855198829134618,1650
22617,0.9855198829134618,1650
70034,0.9855198829134618,1650
103376,0.8263772954924875,1650
21539,0.9534913353720693,1650
28949,0.9855198829134618,1650
71930,0.8607594936708861,1650
78620,0.8403336748134055,1650
26722,0.9855198829134618,1650
48135,0.8403336748134055,1650
65057,0.9534913353720693,1650
94459,0.9855198829134618,1650
40075,0.9605658709106984,1650
57337,0.9855198829134618,1650
68575,0.9534913353720693,1650
89889,0.9729318734793188,1650
32107,0.9855198829134618,1650
104353,0.9855198829134618,1650
77769,0.9855198829134618,1650
20218,0.9729318734793188,1650
57994,0.9855198829134618,1650
42489,0.468,1650
112363,0.9855198829134618,1650
106169,0.878755364806867,1650
15252,0.9729318734793188,1650
5110,0.9855198829134618,1650
59735,0.9421383647798742,1650
103079,0.8908624432603118,1650
55418,0.9534913353720693,1650
20255,0.9605658709106984,1650
3021,0.9855198829134618,1650
84062,0.9534913353720693,1650
40460,0.9855198829134618,1650
14712,0.9855198829134618,1650
60452,0.8403336748134055,1650
55196,0.9855198829134618,1650
46363,0.7140039447731755,1650
102059,0.9729318734793188,1650
94181,0.9534913353720693,1650
7361,0.9605658709106984,1650
58319,0.9534913353720693,1650
55690,0.9855198829134618,1650
59501,0.9855198829134618,1650
81454,0.8403336748134055,1650
49035,0.9328165374677002,1650
19820,0.9855198829134618,1650
35517,0.9855198829134618,1650
102907,0.9605658709106984,1650
54759,0.9328165374677002,1650
35740,0.9534913353720693,1650
47855,0.9729318734793188,1650
14717,0.9294968363965049,1650
80455,0.8403336748134055,1650
33707,0.9729318734793188,1650
26782,0.8908624432603118,1650
79329,0.9855198829134618,1650
113990,0.8403336748134055,1650
111173,0.9534913353720693,1650
65106,0.9855198829134618,1650
47542,0.8403336748134055,1650
33470,0.8908624432603118,1650
33024,0.9855198829134618,1650
110723,0.9855198829134618,1650
31839,0.9855198829134618,1650
71700,0.8263772954924875,1650
54894,0.9729318734793188,1650
61092,0.8908624432603118,1650
105044,0.8403336748134055,1650
41555,0.9855198829134618,1650
28695,0.8403336748134055,1650
21442,0.8908624432603118,1650
76333,0.9729318734793188,1650
24542,0.9534913353720693,1650
84661,0.8403336748134055,1650
67425,0.9729318734793188,1650
25919,0.9729318734793188,1650
24491,0.9605658709106984,1650
17058,0.9534913353720693,1650
69731,0.9855198829134618,1650
31796,0.9534913353720693,1650
86961,0.9534913353720693,1650
58182,0.9855198829134618,1650
7644,0.8403336748134055,1650
89409,0.9328165374677002,1650
48703,0.9855198829134618,1650
18651,0.9421383647798742,1650
26439,0.9855198829134618,1650
57135,0.9855198829134618,1650
38445,0.9855198829134618,1650
5721,0.9605658709106984,1650
19314,0.9534913353720693,1650
27869,0.9294968363965049,1650
69185,0.9855198829134618,1650
45729,0.9855198829134618,1650
14233,0.9855198829134618,1650
73589,0.9421383647798742,1650
61748,0.9534913353720693,1650
43666,0.9855198829134618,1650
75477,0.8908624432603118,1650
89237,0.9855198829134618,1650
84557,0.9294968363965049,1650
60721,0.9605658709106984,1650
21159,0.8403336748134055,1650
66670,0.8908624432603118,1650
58045,0.9294968363965049,1650
36132,0.9855198829134618,1650
29085,0.9855198829134618,1650
1220,0.9729318734793188,1650
7142,0.8263772954924875,1650
30560,0.9855198829134618,1650
79270,0.9729318734793188,1650
74120,0.9294968363965049,1650
61395,0.878755364806867,1650
90102,0.9855198829134618,1650
40954,0.9855198829134618,1650
86811,0.6086956521739131,1650
97338,0.9729318734793188,1650
22124,0.878755364806867,1650
21398,0.9855198829134618,1650
100515,0.9855198829134618,1650
23523,0.6086956521739131,1650
12469,0.9855198829134618,1650
35152,0.9605658709106984,1650
76589,0.9534913353720693,1650
1385,0.9294968363965049,1650
88430,0.8908624432603118,1650
56650,0.9534913353720693,1650
96744,0.9855198829134618,1650
99264,0.9855198829134618,1650
32880,0.9855198829134618,1650
23145,0.8403336748134055,1650
18985,0.9729318734793188,1650
87355,0.9294968363965049,1650
57205,0.8263772954924875,1650
111471,0.9855198829134618,1650
27961,0.9855198829134618,1650
109405,0.9855198829134618,1650
24501,0.9855198829134618,1650
46326,0.9605658709106984,1650
46548,0.9855198829134618,1650
108823,0.9855198829134618,1650
54114,0.9605658709106984,1650
53718,0.9534913353720693,1650
6280,0.9729318734793188,1650
20175,0.9294968363965049,1650
44456,0.9328165374677002,1650
40113,0.9534913353720693,1650
13332,0.9855198829134618,1650
20829,0.9294968363965049,1650
28584,0.9328165374677002,1650
59592,0.7601626016260162,1650
54102,0.9729318734793188,1650
78904,0.9534913353720693,1650
101199,0.9855198829134618,1650
112616,0.878755364806867,1650
40960,0.9328165374677002,1650
105559,0.9855198829134618,1650
99935,0.9534913353720693,1650
12932,0.8403336748134055,1650
16652,0.9421383647798742,1650
47820,0.9729318734793188,1650
110293,0.8263772954924875,1650
43002,0.9729318734793188,1650
60084,0.9855198829134618,1650
82681,0.9855198829134618,1650
91535,0.9605658709106984,1650
59317,0.9534913353720693,1650
27459,0.8908624432603118,1650
32830,0.9729318734793188,1650
102506,0.9855198829134618,1650
110514,0.9855198829134618,1650
54184,0.9855198829134618,1650
72040,0.9855198829134618,1650
34850,0.9534913353720693,1650
42745,0.9729318734793188,1650
67085,0.9855198829134618,1650
108912,0.7140039447731755,1650
67136,0.9855198829134618,1650
58413,0.9855198829134618,1650
22016,0.9855198829134618,1650
104457,0.8263772954924875,1650
89687,0.9294968363965049,1650
90387,0.9855198829134618,1650
96450,0.8403336748134055,1650
14980,0.9294968363965049,1650
66332,0.7140039447731755,1650
20311,0.9729318734793188,1650
111413,0.8908624432603118,1650
65698,0.9855198829134618,1650
11959,0.8403336748134055,1650
13967,0.8403336748134055,1650
108504,0.9328165374677002,1650
61493,0.8908624432603118,1650
88186,0.7140039447731755,1650
4365,0.9328165374677002,1650
74789,0.8403336748134055,1650
68542,0.8403336748134055,1650
83059,0.8908624432603118,1650
83730,0.9855198829134618,1650
27701,0.9605658709106984,1650
621,0.9729318734793188,1650
66656,0.9855198829134618,1650
55163,0.9729318734793188,1650
55596,0.8908624432603118,1650
23808,0.9294968363965049,1650
30187,0.9605658709106984,1650
11589,0.9855198829134618,1650
98000,0.9855198829134618,1650
65306,0.9855198829134618,1650
70297,0.9729318734793188,1650
106430,0.8403336748134055,1650
58596,0.9855198829134618,1650
24254,0.7140039447731755,1650
25170,0.9294968363965049,1650
96454,0.9729318734793188,1650
94308,0.9534913353720693,1650
42472,0.8908624432603118,1650
77530,0.8403336748134055,1650
76254,0.9729318734793188,1650
51174,0.9605658709106984,1650
37785,0.9855198829134618,1650
46369,0.9855198829134618,1650
12781,0.9855198829134618,1650
32537,0.8607594936708861,1650
21895,0.9294968363965049,1650
41618,0.9855198829134618,1650
42676,0.8403336748134055,1650
27695,0.9855198829134618,1650
99101,0.8908624432603118,1650
69316,0.9855198829134618,1650
17304,0.7601626016260162,1650
92086,0.9855198829134618,1650
63430,0.6086956521739131,1650
98046,0.9729318734793188,1650
68613,0.9855198829134618,1650
47231,0.9729318734793188,1650
43836,0.9855198829134618,1650
41047,0.8908624432603118,1650
37248,0.9855198829134618,1650
46708,0.9855198829134618,1650
65661,0.9855198829134618,1650
37905,0.8908624432603118,1650
70823,0.9855198829134618,1650
96859,0.9729318734793188,1650
85579,0.9855198829134618,1650
3409,0.9729318734793188,1650
3574,0.9855198829134618,1650
7979,0.9729318734793188,1650
78272,0.9294968363965049,1650
48515,0.9855198829134618,1650
91772,0.9729318734793188,1650
113364,0.8403336748134055,1650
84389,0.9294968363965049,1650
46093,0.9729318734793188,1650
8881,0.9605658709106984,1650
70889,0.9855198829134618,1650
9052,0.9855198829134618,1650
11187,0.9855198829134618,1650
66492,0.9855198829134618,1650
66668,0.8403336748134055,1650
26235,0.9855198829134618,1650
41143,0.9729318734793188,1650
84774,0.8908624432603118,1650
105337,0.9729318734793188,1650
113497,0.8403336748134055,1650
98111,0.9855198829134618,1650
95928,0.9605658709106984,1650
19083,0.9729318734793188,1650
63543,0.9855198829134618,1650
95096,0.5986622073578596,1650
89174,0.9729318734793188,1650
55997,0.8403336748134055,1650
98225,0.9855198829134618,1650
76781,0.9328165374677002,1650
92457,0.9729318734793188,1650
31905,0.9855198829134618,1650
70220,0.9328165374677002,1650
78577,0.9855198829134618,1650
22440,0.9855198829134618,1650
98333,0.8908624432603118,1650
39341,0.9855198829134618,1650
77714,0.8607594936708861,1650
20463,0.9605658709106984,1650
62605,0.8403336748134055,1650
65071,0.9855198829134618,1650
55880,0.9534913353720693,1650
20185,0.8908624432603118,1650
56209,0.9605658709106984,1650
47609,0.9534913353720693,1650
9081,0.9605658709106984,1650
2282,0.9534913353720693,1650
3742,0.9534913353720693,1650
3684,0.9855198829134618,1650
54515,0.8403336748134055,1650
54904,0.9855198829134618,1650
78756,0.8403336748134055,1650
95508,0.9855198829134618,1650
77583,0.8403336748134055,1650
95206,0.9294968363965049,1650
68328,0.9328165374677002,1650
35352,0.9729318734793188,1650
72432,0.8908624432603118,1650
38141,0.878755364806867,1650
67206,0.9855198829134618,1650
99414,0.9534913353720693,1650
40298,0.9855198829134618,1650
54652,0.9855198829134618,1650
81273,0.5373831775700935,1650
102472,0.8908624432603118,1650
87603,0.9729318734793188,1650
73020,0.9855198829134618,1650
8075,0.9855198829134618,1650
114077,0.9855198829134618,1650
69973,0.9729318734793188,1650
38845,0.9855198829134618,1650
9729,0.9294968363965049,1650
62957,0.8908624432603118,1650
46732,0.8908624432603118,1650
24451,0.9328165374677002,1650
90779,0.9534913353720693,1650
107391,0.9855198829134618,1650
20792,0.9855198829134618,1650
108138,0.9855198829134618,1650
75734,0.9855198829134618,1650
113876,0.9855198829134618,1650
112452,0.9534913353720693,1650
57672,0.9855198829134618,1650
80029,0.9729318734793188,1650
11974,0.9729318734793188,1650
81972,0.878755364806867,1650
75627,0.9855198829134618,1650
11300,0.9855198829134618,1650
30652,0.9328165374677002,1650
30421,0.9855198829134618,1650
93502,0.9855198829134618,1650
89269,0.9534913353720693,1650
66925,0.9534913353720693,1650
91046,0.9855198829134618,1650
4139,0.9729318734793188,1650
26276,0.9729318734793188,1650
110898,0.9855198829134618,1650
24445,0.9855198829134618,1650
4872,0.8403336748134055,1650
59228,0.9855198829134618,1650
32520,0.9855198829134618,1650
84616,0.9855198829134618,1650
1607,0.8908624432603118,1650
46020,0.9855198829134618,1650
97191,0.8403336748134055,1650
79321,0.9328165374677002,1650
13470,0.9729318734793188,1650
57928,0.9534913353720693,1650
33495,0.9729318734793188,1650
16401,0.9855198829134618,1650
56546,0.9855198829134618,1650
88885,0.9855198829134618,1650
11095,0.9534913353720693,1650
63241,0.9855198829134618,1650
53222,0.9855198829134618,1650
7544,0.8403336748134055,1650
26641,0.9855198829134618,1650
102450,0.9605658709106984,1650
51713,0.7140039447731755,1650
69822,0.9855198829134618,1650
24494,0.9534913353720693,1650
60222,0.9605658709106984,1650
12976,0.8263772954924875,1650
39960,0.9855198829134618,1650
64084,0.9729318734793188,1650
47097,0.9294968363965049,1650
41358,0.9855198829134618,1650
91496,0.9855198829134618,1650
79694,0.9855198829134618,1650
111786,0.9855198829134618,1650
109864,0.9855198829134618,1650
93988,0.9855198829134618,1650
4347,0.9294968363965049,1650
2556,0.9855198829134618,1650
97942,0.9855198829134618,1650
51557,0.8403336748134055,1650
62769,0.9729318734793188,1650
90429,0.9855198829134618,1650
39459,0.9855198829134618,1650
26425,0.9855198829134618,1650
13097,0.9855198829134618,1650
50077,0.9328165374677002,1650
39654,0.9534913353720693,1650
62026,0.9534913353720693,1650
22137,0.9855198829134618,1650
53621,0.9729318734793188,1650
15475,0.9855198829134618,1650
91741,0.9855198829134618,1650
78335,0.8263772954924875,1650
94380,0.9855198829134618,1650
98045,0.9855198829134618,1650
13950,0.9729318734793188,1650
35802,0.9855198829134618,1650
1628,0.9855198829134618,1650
99785,0.9855198829134618,1650
43907,0.9855198829134618,1650
62396,0.9855198829134618,1650
58719,0.9328165374677002,1650
45912,0.9534913353720693,1650
30952,0.878755364806867,1650
46341,0.9534913353720693,1650
30107,0.9855198829134618,1650
99045,0.9729318734793188,1650
41856,0.9534913353720693,1650
11741,0.9855198829134618,1650
39626,0.9855198829134618,1650
79151,0.9605658709106984,1650
20191,0.9534913353720693,1650
76096,0.9855198829134618,1650
13666,0.8908624432603118,1650
18427,0.9855198829134618,1650
80470,0.9855198829134618,1650
49313,0.9855198829134618,1650
7650,0.8403336748134055,1650
74321,0.9855198829134618,1650
9681,0.9855198829134618,1650
77266,0.9328165374677002,1650
37567,0.9855198829134618,1650
83641,0.8403336748134055,1650
74679,0.9855198829134618,1650
86044,0.9729318734793188,1650
83252,0.9534913353720693,1650
70369,0.9855198829134618,1650
79468,0.9534913353720693,1650
4824,0.9534913353720693,1650
71338,0.9855198829134618,1650
97359,0.9855198829134618,1650
83511,0.8908624432603118,1650
79440,0.9605658709106984,1650
35758,0.9855198829134618,1650
93588,0.9729318734793188,1650
25083,0.9328165374677002,1650
20805,0.9855198829134618,1650
52562,0.7140039447731755,1650
108873,0.9855198829134618,1650
13313,0.9855198829134618,1650
27567,0.9605658709106984,1650
27672,0.9855198829134618,1650
82244,0.9855198829134618,1650
92219,0.9534913353720693,1650
65934,0.9855198829134618,1650
1114,0.9855198829134618,1650
58948,0.9855198829134618,1650
112806,0.9534913353720693,1650
19565,0.9855198829134618,1650
1195,0.9855198829134618,1650
94644,0.8607594936708861,1650
93727,0.9855198829134618,1650
19752,0.9729318734793188,1650
48376,0.9855198829134618,1650
83687,0.9729318734793188,1650
35248,0.8403336748134055,1650
61951,0.9534913353720693,1650
47653,0.9855198829134618,1650
101460,0.9855198829134618,1650
111077,0.9855198829134618,1650
45842,0.9605658709106984,1650
105958,0.8607594936708861,1650
32824,0.9855198829134618,1650
83130,0.9534913353720693,1650
68808,0.9534913353720693,1650
51365,0.9855198829134618,1650
86450,0.9855198829134618,1650
39303,0.9855198829134618,1650
111952,0.9729318734793188,1650
93522,0.9855198829134618,1650
19268,0.8908624432603118,1650
53117,0.8403336748134055,1650
10442,0.9855198829134618,1650
29578,0.8908624432603118,1650
49275,0.8403336748134055,1650
21426,0.9534913353720693,1650
7895,0.8403336748134055,1650
42579,0.9855198829134618,1650
103403,0.8908624432603118,1650
62339,0.9294968363965049,1650
47628,0.9729318734793188,1650
100183,0.9729318734793188,1650
75906,0.9605658709106984,1650
61070,0.9605658709106984,1650
2125,0.9534913353720693,1650
32658,0.9421383647798742,1650
78627,0.9605658709106984,1650
17359,0.9855198829134618,1650
69299,0.878755364806867,1650
72232,0.9855198829134618,1650
28110,0.9855198829134618,1650
105002,0.9729318734793188,1650
92865,0.9729318734793188,1650
22576,0.9534913353720693,1650
74728,0.9855198829134618,1650
29474,0.9729318734793188,1650
97962,0.9855198829134618,1650
52233,0.9855198829134618,1650
107941,0.9855198829134618,1650
55917,0.9729318734793188,1650
106093,0.9855198829134618,1650
57806,0.9855198829134618,1650
21638,0.9729318734793188,1650
33476,0.9855198829134618,1650
73841,0.9855198829134618,1650
64360,0.9855198829134618,1650
70177,0.9855198829134618,1650
110426,0.9534913353720693,1650
90049,0.9534913353720693,1650
105544,0.9855198829134618,1650
54679,0.9729318734793188,1650
67585,0.9855198829134618,1650
75608,0.9855198829134618,1650
43708,0.9729318734793188,1650
64840,0.8908624432603118,1650
42713,0.9605658709106984,1650
88753,0.9534913353720693,1650
26626,0.9855198829134618,1650
75978,0.8403336748134055,1650
59611,0.9855198829134618,1650
14000,0.8403336748134055,1650
49850,0.9855198829134618,1650
87040,0.9328165374677002,1650
67682,0.9855198829134618,1650
12411,0.9855198829134618,1650
57721,0.9534913353720693,1650
53166,0.9855198829134618,1650
71773,0.9855198829134618,1650
37533,0.9294968363965049,1650
41706,0.9855198829134618,1650
76855,0.9534913353720693,1650
70923,0.9855198829134618,1650
21645,0.9328165374677002,1650
54778,0.9729318734793188,1650
69304,0.9605658709106984,1650
6684,0.9855198829134618,1650
13108,0.8908624432603118,1650
61261,0.9855198829134618,1650
113904,0.8403336748134055,1650
2856,0.8403336748134055,1650
32841,0.8908624432603118,1650
31616,0.9855198829134618,1650
601,0.9855198829134618,1650
81621,0.9855198829134618,1650
61215,0.9729318734793188,1650
218,0.7140039447731755,1650
27926,0.9534913353720693,1650
93444,0.9855198829134618,1650
44106,0.9855198829134618,1650
112521,0.9855198829134618,1650
46820,0.9729318734793188,1650
89614,0.9605658709106984,1650
2173,0.9605658709106984,1650
58330,0.9855198829134618,1650
84658,0.9855198829134618,1650
13648,0.8403336748134055,1650
66217,0.9855198829134618,1650
447,0.9605658709106984,1650
31156,0.9855198829134618,1650
42444,0.8403336748134055,1650
61874,0.9534913353720693,1650
54870,0.8403336748134055,1650
7569,0.9421383647798742,1650
86014,0.8908624432603118,1650
13867,0.9534913353720693,1650
93842,0.8403336748134055,1650
76323,0.9855198829134618,1650
26946,0.9855198829134618,1650
50922,0.9855198829134618,1650
58425,0.8403336748134055,1650
19869,0.9855198829134618,1650
92906,0.5373831775700935,1650
17659,0.9855198829134618,1650
54986,0.878755364806867,1650
64440,0.9855198829134618,1650
53074,0.9605658709106984,1650
1523,0.9855198829134618,1650
6722,0.9605658709106984,1650
45530,0.9534913353720693,1650
53710,1.0,1650
84625,0.9855198829134618,1650
8667,0.9605658709106984,1650
35589,0.9855198829134618,1650
31838,0.9855198829134618,1650
59511,0.9855198829134618,1650
8909,0.9534913353720693,1650
13112,0.9855198829134618,1650
52116,0.9605658709106984,1650
100866,0.9328165374677002,1650
72053,0.9534913353720693,1650
87401,0.9534913353720693,1650
5659,0.9534913353720693,1650
58913,0.9605658709106984,1650
90081,0.9729318734793188,1650
88034,0.9855198829134618,1650
74611,0.9855198829134618,1650
94225,0.9855198829134618,1650
57811,0.9729318734793188,1650
34652,0.9855198829134618,1650
59475,0.9534913353720693,1650
28933,0.9294968363965049,1650
94174,0.9855198829134618,1650
18291,0.8908624432603118,1650
23020,0.8908624432603118,1650
101994,0.9729318734793188,1650
49048,0.9294968363965049,1650
76979,0.9855198829134618,1650
94730,0.8607594936708861,1650
83055,0.9855198829134618,1650
75698,0.9294968363965049,1650
108064,0.9855198829134618,1650
18891,0.9421383647798742,1650
50376,0.8403336748134055,1650
12885,0.8908624432603118,1650
113437,0.9855198829134618,1650
28889,0.9729318734793188,1650
23026,0.8403336748134055,1650
47223,0.6086956521739131,1650
45011,0.9605658709106984,1650
71977,0.8403336748134055,1650
52759,0.8263772954924875,1650
94833,0.9855198829134618,1650
90973,0.9855198829134618,1650
106711,0.9855198829134618,1650
63774,0.9855198829134618,1650
19143,0.9328165374677002,1650
46530,0.9855198829134618,1650
41712,0.9605658709106984,1650
45161,0.9855198829134618,1650
22224,0.9729318734793188,1650
14261,0.9855198829134618,1650
16700,0.8908624432603118,1650
87380,0.9855198829134618,1650
13519,0.9729318734793188,1650
101366,0.9328165374677002,1650
67971,0.9855198829134618,1650
12387,0.9855198829134618,1650
89625,0.9534913353720693,1650
6320,0.9855198829134618,1650
46407,0.9855198829134618,1650
109585,0.8403336748134055,1650
109242,0.9855198829134618,1650
12355,0.9855198829134618,1650
37656,0.9534913353720693,1650
46501,0.8908624432603118,1650
45400,0.878755364806867,1650
104046,0.9729318734793188,1650
102932,0.8908624432603118,1650
91895,0.9294968363965049,1650
17471,0.9855198829134618,1650
89127,0.9729318734793188,1650
50285,0.8908624432603118,1650
30872,0.9328165374677002,1650
23538,0.9729318734793188,1650
57410,0.9534913353720693,1650
76048,0.6086956521739131,1650
35440,0.9421383647798742,1650
75768,0.9855198829134618,1650
99140,0.8908624432603118,1650
10065,0.8908624432603118,1650
82111,0.9855198829134618,1650
7560,0.8263772954924875,1650
107535,0.9729318734793188,1650
62814,0.6086956521739131,1650
7010,0.9855198829134618,1650
17917,0.8263772954924875,1650
101812,0.878755364806867,1650
64375,0.9421383647798742,1650
20372,0.9605658709106984,1650
60419,0.9534913353720693,1650
15483,0.9855198829134618,1650
68362,0.9729318734793188,1650
58619,0.9855198829134618,1650
61595,0.468,1650
90299,0.9328165374677002,1650
32764,0.9855198829134618,1650
72476,0.8263772954924875,1650
95193,0.9855198829134618,1650
80505,0.8403336748134055,1650
104473,0.9855198829134618,1650
10216,0.9855198829134618,1650
22406,0.9421383647798742,1650
83074,0.9855198829134618,1650
14323,0.9855198829134618,1650
65904,0.9855198829134618,1650
86462,0.8908624432603118,1650
38619,0.9534913353720693,1650
90967,0.8403336748134055,1650
68187,0.8908624432603118,1650
37122,0.8908624432603118,1650
53434,0.9855198829134618,1650
56317,0.8403336748134055,1650
69383,0.8263772954924875,1650
75236,0.9855198829134618,1650
75695,0.9855198829134618,1650
71028,0.8908624432603118,1650
62817,0.5373831775700935,1650
88776,0.9605658709106984,1650
21124,0.9729318734793188,1650
74743,0.9855198829134618,1650
98567,0.9855198829134618,1650
75451,0.9328165374677002,1650
60234,0.9605658709106984,1650
101835,0.9855198829134618,1650
92981,0.8908624432603118,1650
23720,0.9855198829134618,1650
36110,0.9855198829134618,1650
22938,0.9729318734793188,1650
92221,0.9534913353720693,1650
9126,0.9855198829134618,1650
52564,0.9855198829134618,1650
16158,0.878755364806867,1650
45324,0.8403336748134055,1650
25480,0.8403336748134055,1650
87487,0.9534913353720693,1650
33114,0.9855198829134618,1650
39801,0.9855198829134618,1650
43377,0.8403336748134055,1650
72521,0.9729318734793188,1650
45213,0.9294968363965049,1650
33222,0.8403336748134055,1650
58088,0.9534913353720693,1650
37988,0.9855198829134618,1650
8617,0.9328165374677002,1650
66421,0.9605658709106984,1650
84575,0.9605658709106984,1650
112106,0.8403336748134055,1650
14311,0.9294968363965049,1650
64239,0.9534913353720693,1650
74786,0.9729318734793188,1650
85806,0.9855198829134618,1650
20780,0.8403336748134055,1650
103069,0.9729318734793188,1650
1472,0.8908624432603118,1650
62058,0.9534913353720693,1650
3693,0.9855198829134618,1650
90214,0.3236994219653179,1650
78151,0.8403336748134055,1650
73783,0.9855198829134618,1650
34120,0.878755364806867,1650
60908,0.9855198829134618,1650
4772,0.9855198829134618,1650
10070,0.9855198829134618,1650
5972,0.8607594936708861,1650
37258,0.9855198829134618,1650
78774,0.9855198829134618,1650
31042,0.9855198829134618,1650
44565,0.9855198829134618,1650
49765,0.9855198829134618,1650
78913,0.8403336748134055,1650
52933,0.9605658709106984,1650
85248,0.9534913353720693,1650
111359,0.9729318734793188,1650
68235,0.9605658709106984,1650
41742,0.9855198829134618,1650
102695,0.9328165374677002,1650
81730,0.9855198829134618,1650
85274,0.9855198829134618,1650
98050,0.9855198829134618,1650
110548,0.9605658709106984,1650
95117,0.9605658709106984,1650
95693,0.8461538461538461,1650
112672,0.9855198829134618,1650
87748,0.9855198829134618,1650
66233,0.9855198829134618,1650
74403,0.9855198829134618,1650
76607,0.9855198829134618,1650
42014,0.9855198829134618,1650
7293,0.9534913353720693,1650
74649,0.9294968363965049,1650
10183,0.9855198829134618,1650
17410,0.9729318734793188,1650
58420,0.9855198829134618,1650
18579,0.9855198829134618,1650
112049,0.9605658709106984,1650
64620,0.7601626016260162,1650
111861,0.9855198829134618,1650
13908,0.9729318734793188,1650
4610,0.9855198829134618,1650
90008,0.9534913353720693,1650
43686,0.9294968363965049,1650
61262,0.8607594936708861,1650
108626,0.9729318734793188,1650
94778,0.9729318734793188,1650
105189,0.8908624432603118,1650
76915,0.9605658709106984,1650
9072,0.8403336748134055,1650
38337,0.9855198829134618,1650
48855,0.9534913353720693,1650
108220,0.9729318734793188,1650
18284,0.9855198829134618,1650
18620,0.9534913353720693,1650
111057,0.9729318734793188,1650
38450,0.9855198829134618,1650
13827,0.9534913353720693,1650
15060,0.9855198829134618,1650
70275,0.9534913353720693,1650
80446,0.9729318734793188,1650
54267,0.9855198829134618,1650
90131,0.9534913353720693,1650
106859,0.9421383647798742,1650
75238,0.9855198829134618,1650
91881,0.9855198829134618,1650
93880,0.9855198829134618,1650
5668,0.9855198829134618,1650
92627,0.9855198829134618,1650
88529,0.8908624432603118,1650
134,0.8403336748134055,1650
772,0.8263772954924875,1650
8152,0.9729318734793188,1650
56387,0.9855198829134618,1650
113398,0.8403336748134055,1650
72318,0.8908624432603118,1650
43309,0.9294968363965049,1650
93325,0.9729318734793188,1650
74655,0.9855198829134618,1650
112272,0.9855198829134618,1650
50740,0.9605658709106984,1650
100302,0.9855198829134618,1650
104732,0.9855198829134618,1650
106633,0.9855198829134618,1650
23950,0.9855198829134618,1650
23449,0.9534913353720693,1650
99958,0.9534913353720693,1650
55882,0.8403336748134055,1650
60406,0.9855198829134618,1650
14621,0.9421383647798742,1650
104992,0.8263772954924875,1650
27621,0.8403336748134055,1650
52577,0.9605658709106984,1650
60774,0.9534913353720693,1650
31368,0.8403336748134055,1650
105461,0.9855198829134618,1650
92062,0.9855198829134618,1650
36621,0.9855198829134618,1650
29627,0.9294968363965049,1650
84692,0.9294968363965049,1650
1283,0.5373831775700935,1650
27174,0.9855198829134618,1650
45666,0.9855198829134618,1650
15681,0.9729318734793188,1650
97648,0.9534913353720693,1650
8117,0.9855198829134618,1650
81192,0.9421383647798742,1650
49183,0.9855198829134618,1650
30982,0.9855198829134618,1650
71827,0.9729318734793188,1650
90910,0.8908624432603118,1650
81959,0.9855198829134618,1650
59990,0.9294968363965049,1650
47069,0.8263772954924875,1650
77568,0.9534913353720693,1650
102950,0.9855198829134618,1650
15988,0.9855198829134618,1650
84411,0.8908624432603118,1650
90454,0.9534913353720693,1650
54123,0.9855198829134618,1650
26978,0.8263772954924875,1650
27088,0.8403336748134055,1650
92009,0.9855198829134618,1650
64717,0.9855198829134618,1650
87319,0.9047619047619048,1650
99987,0.9855198829134618,1650
54885,0.9855198829134618,1650
42684,0.7116402116402116,1650
95859,0.9855198829134618,1650
98950,0.9729318734793188,1650
74401,0.7140039447731755,1650
56813,0.9534913353720693,1650
113562,0.9855198829134618,1650
17320,0.9729318734793188,1650
32285,0.9855198829134618,1650
89080,0.9855198829134618,1650
50092,0.5986622073578596,1650
3068,0.9855198829134618,1650
66488,0.9855198829134618,1650
2741,0.9855198829134618,1650
43595,0.9729318734793188,1650
109534,0.9605658709106984,1650
35836,0.9855198829134618,1650
55207,0.9729318734793188,1650
64194,0.9855198829134618,1650
61781,0.9855198829134618,1650
15461,0.9855198829134618,1650
22108,0.8908624432603118,1650
94400,0.9605658709106984,1650
100079,0.6086956521739131,1650
78316,0.9729318734793188,1650
80812,0.9294968363965049,1650
79728,0.9729318734793188,1650
93094,0.9534913353720693,1650
1475,0.9328165374677002,1650
59431,0.9294968363965049,1650
21150,0.8403336748134055,1650
23332,0.9729318734793188,1650
65079,0.9855198829134618,1650
113614,0.9605658709106984,1650
30422,0.9855198829134618,1650
1737,0.9729318734793188,1650
26450,0.9534913353720693,1650
11317,0.8403336748134055,1650
82032,0.9729318734793188,1650
49780,0.9855198829134618,1650
103945,0.3236994219653179,1650
21775,0.5986622073578596,1650
88230,0.9729318734793188,1650
79616,0.9855198829134618,1650
110661,0.8403336748134055,1650
58745,0.9605658709106984,1650
93909,0.9855198829134618,1650
12969,0.9729318734793188,1650
51078,0.9605658709106984,1650
112831,0.9855198829134618,1650
92830,0.9534913353720693,1650
4515,0.8403336748134055,1650
13506,0.9855198829134618,1650
13152,0.9605658709106984,1650
100658,0.9729318734793188,1650
98978,0.9328165374677002,1650
46794,0.9534913353720693,1650
40949,0.9294968363965049,1650
17993,0.9605658709106984,1650
100607,0.9855198829134618,1650
13799,0.9855198829134618,1650
58353,0.9729318734793188,1650
23296,0.878755364806867,1650
96436,0.9729318734793188,1650
39055,0.9605658709106984,1650
5565,0.9534913353720693,1650
21624,0.9855198829134618,1650
66043,0.8403336748134055,1650
5781,0.9605658709106984,1650
97536,0.9855198829134618,1650
101116,0.9729318734793188,1650
9632,0.9328165374677002,1650
53049,0.9855198829134618,1650
31632,0.9855198829134618,1650
111239,0.9855198829134618,1650
46097,0.9855198829134618,1650
38113,0.9294968363965049,1650
76525,0.9534913353720693,1650
44065,0.9855198829134618,1650
73012,0.9294968363965049,1650
97138,0.9294968363965049,1650
1354,0.9855198829134618,1650
41084,0.9605658709106984,1650
32986,0.878755364806867,1650
73361,0.9605658709106984,1650
103029,0.9855198829134618,1650
94088,0.9534913353720693,1650
38789,0.9855198829134618,1650
69351,0.9855198829134618,1650
103292,0.9855198829134618,1650
106602,0.8908624432603118,1650
32739,0.9855198829134618,1650
35483,0.8908624432603118,1650
62566,0.9729318734793188,1650
52743,0.9534913353720693,1650
66097,0.3236994219653179,1650
96253,0.9729318734793188,1650
20201,0.9729318734793188,1650
42880,0.878755364806867,1650
57056,0.8403336748134055,1650
35006,0.9855198829134618,1650
26536,0.9605658709106984,1650
19689,0.9855198829134618,1650
77355,0.9605658709106984,1650
97211,0.9294968363965049,1650
35820,0.9855198829134618,1650
45895,0.9328165374677002,1650
17249,0.9328165374677002,1650
67050,0.9855198829134618,1650
18779,0.9534913353720693,1650
19678,0.9047619047619048,1650
36089,0.8908624432603118,1650
53159,0.9729318734793188,1650
39236,0.8908624432603118,1650
33729,0.8908624432603118,1650
90733,0.8263772954924875,1650
42554,0.9855198829134618,1650
35458,0.9855198829134618,1650
14335,0.9534913353720693,1650
75819,0.9534913353720693,1650
93661,0.5373831775700935,1650
61369,0.9729318734793188,1650
52522,0.9729318734793188,1650
68063,0.9729318734793188,1650
99913,0.6086956521739131,1650
101620,0.9605658709106984,1650
101890,0.7140039447731755,1650
39641,0.9855198829134618,1650
1815,0.9855198829134618,1650
11026,0.9605658709106984,1650
75049,0.9855198829134618,1650
18934,0.9855198829134618,1650
584,0.9729318734793188,1650
86110,0.9855198829134618,1650
66137,0.8607594936708861,1650
97023,0.9855198829134618,1650
57318,0.9534913353720693,1650
73231,0.9729318734793188,1650
94095,0.9605658709106984,1650
112569,0.9855198829134618,1650
105324,0.9534913353720693,1650
24767,0.9855198829134618,1650
8505,0.9855198829134618,1650
35464,0.9855198829134618,1650
74534,0.9729318734793188,1650
113002,0.9294968363965049,1650
112203,0.9855198829134618,1650
87850,0.9855198829134618,1650
19725,0.9855198829134618,1650
89109,0.7140039447731755,1650
27025,0.9855198829134618,1650
69000,0.9421383647798742,1650
112844,0.9729318734793188,1650
29329,0.9855198829134618,1650
44401,0.8403336748134055,1650
1462,0.9534913353720693,1650
38145,0.9855198829134618,1650
57924,0.9729318734793188,1650
71958,0.8908624432603118,1650
62851,0.7116402116402116,1650
53630,0.9729318734793188,1650
90577,0.9729318734793188,1650
55336,0.9855198829134618,1650
54959,0.9534913353720693,1650
10431,0.9729318734793188,1650
14520,0.8403336748134055,1650
66804,0.878755364806867,1650
56476,0.9328165374677002,1650
22899,0.8263772954924875,1650
88180,0.9855198829134618,1650
74016,0.8908624432603118,1650
94191,0.9729318734793188,1650
112256,0.878755364806867,1650
40859,0.9855198829134618,1650
29476,0.6086956521739131,1650
54985,0.9729318734793188,1650
63981,0.9855198829134618,1650
45118,0.8908624432603118,1650
76584,0.9534913353720693,1650
1671,0.8403336748134055,1650
60065,0.9855198829134618,1650
54487,0.9855198829134618,1650
100923,0.9328165374677002,1650
91368,0.8403336748134055,1650
38268,0.9855198829134618,1650
19165,0.9605658709106984,1650
6272,0.9855198829134618,1650
82254,0.9855198829134618,1650
46767,0.9855198829134618,1650
87081,0.9855198829134618,1650
98070,0.9534913353720693,1650
33115,0.9855198829134618,1650
98908,0.9534913353720693,1650
65817,0.9605658709106984,1650
24911,0.9605658709106984,1650
99966,0.9294968363965049,1650
90311,0.9534913353720693,1650
28713,0.8263772954924875,1650
83023,0.9855198829134618,1650
9084,0.9855198829134618,1650
59444,0.9534913353720693,1650
28904,0.9294968363965049,1650
39015,0.9294968363965049,1650
74435,0.9605658709106984,1650
15589,0.9855198829134618,1650
23547,0.9294968363965049,1650
49698,0.9729318734793188,1650
29696,0.9855198829134618,1650
64902,0.9729318734793188,1650
53180,0.9855198829134618,1650
51213,0.9855198829134618,1650
99159,0.8403336748134055,1650
42236,0.9294968363965049,1650
105421,0.8403336748134055,1650
101927,0.8908624432603118,1650
88300,0.9729318734793188,1650
91631,0.8908624432603118,1650
54789,0.9729318734793188,1650
55582,0.9855198829134618,1650
19784,0.8403336748134055,1650
82406,0.9855198829134618,1650
78516,0.8403336748134055,1650
44004,0.9534913353720693,1650
102321,0.9855198829134618,1650
10609,0.9855198829134618,1650
7763,0.8403336748134055,1650
86734,0.9855198829134618,1650
87431,0.5373831775700935,1650
53552,0.9729318734793188,1650
11463,0.9855198829134618,1650
9388,0.9855198829134618,1650
39882,0.9729318734793188,1650
24910,0.9729318734793188,1650
52821,0.8403336748134055,1650
14594,0.9855198829134618,1650
97992,0.9855198829134618,1650
6313,0.9534913353720693,1650
90658,0.9855198829134618,1650
39946,0.9729318734793188,1650
36436,0.8908624432603118,1650
87955,0.9534913353720693,1650
6563,0.9294968363965049,1650
86294,0.8403336748134055,1650
79675,0.9855198829134618,1650
71199,0.9294968363965049,1650
70383,0.9855198829134618,1650
84685,0.9855198829134618,1650
58849,0.878755364806867,1650
90108,0.9855198829134618,1650
103307,0.6086956521739131,1650
101154,0.9855198829134618,1650
9260,0.9729318734793188,1650
65019,0.9605658709106984,1650
21643,0.9534913353720693,1650
7053,0.9855198829134618,1650
35634,0.9855198829134618,1650
44490,0.9855198829134618,1650
61422,0.6086956521739131,1650
71240,0.9855198829134618,1650
32150,0.6086956521739131,1650
109461,0.9855198829134618,1650
55072,0.9855198829134618,1650
32565,0.9534913353720693,1650
64973,0.9534913353720693,1650
51946,0.9534913353720693,1650
12146,0.9855198829134618,1650
30058,0.9855198829134618,1650
13983,0.9855198829134618,1650
92228,0.8908624432603118,1650
111804,0.9855198829134618,1650
95163,0.9534913353720693,1650
37176,0.9855198829134618,1650
19287,0.878755364806867,1650
112075,0.9294968363965049,1650
86486,0.9855198829134618,1650
48821,0.9534913353720693,1650
43162,0.8403336748134055,1650
9323,0.8403336748134055,1650
14267,0.9534913353720693,1650
81074,0.878755364806867,1650
36416,0.8403336748134055,1650
17040,0.9855198829134618,1650
5778,0.9294968363965049,1650
22153,0.7601626016260162,1650
55180,0.9855198829134618,1650
89997,0.9855198829134618,1650
74084,0.8908624432603118,1650
79918,0.9294968363965049,1650
37742,0.9855198829134618,1650
14691,0.9855198829134618,1650
47164,0.9855198829134618,1650
47146,0.9855198829134618,1650
60068,0.8908624432603118,1650
42389,0.9855198829134618,1650
48750,0.9855198829134618,1650
25349,0.9729318734793188,1650
91980,0.9855198829134618,1650
60548,0.9855198829134618,1650
85422,0.8908624432603118,1650
106785,0.9605658709106984,1650
44619,0.8263772954924875,1650
6916,0.9534913353720693,1650
26243,0.9855198829134618,1650
80302,0.8908624432603118,1650
67191,0.8908624432603118,1650
25191,0.9729318734793188,1650
80019,0.9729318734793188,1650
27488,0.9855198829134618,1650
85031,0.9855198829134618,1650
6636,0.9855198829134618,1650
103862,0.8607594936708861,1650
98962,0.9855198829134618,1650
74377,0.9605658709106984,1650
50090,0.9534913353720693,1650
87450,0.9855198829134618,1650
69087,0.9605658709106984,1650
41721,0.9729318734793188,1650
87326,0.6086956521739131,1650
24158,0.9605658709106984,1650
52315,0.9855198829134618,1650
764,0.8403336748134055,1650
103861,0.9534913353720693,1650
36823,0.9855198829134618,1650
82163,0.9729318734793188,1650
110015,0.9534913353720693,1650
68135,0.9855198829134618,1650
6842,0.878755364806867,1650
109658,0.8403336748134055,1650
98232,0.9855198829134618,1650
55095,0.9729318734793188,1650
24447,0.9534913353720693,1650
17473,0.9855198829134618,1650
101034,0.8403336748134055,1650
1919,0.9855198829134618,1650
52280,0.9605658709106984,1650
10890,0.9605658709106984,1650
18676,0.9855198829134618,1650
89258,0.8908624432603118,1650
81841,0.9729318734793188,1650
83185,0.8908624432603118,1650
90388,0.9294968363965049,1650
51856,0.8908624432603118,1650
17158,0.8908624432603118,1650
92706,0.9855198829134618,1650
59796,0.9855198829134618,1650
45489,0.9729318734793188,1650
47623,0.8908624432603118,1650
23786,0.8403336748134055,1650
43896,0.9855198829134618,1650
71840,0.8607594936708861,1650
45903,0.9729318734793188,1650
96226,0.9855198829134618,1650
33201,0.9534913353720693,1650
29744,0.5784313725490197,1650
74729,0.8908624432603118,1650
89029,0.9855198829134618,1650
69385,0.9855198829134618,1650
33787,0.9294968363965049,1650
97147,0.9855198829134618,1650
66371,0.9855198829134618,1650
95458,0.9855198829134618,1650
18207,0.8403336748134055,1650
9144,0.7601626016260162,1650
73854,0.9855198829134618,1650
92680,0.9294968363965049,1650
10573,0.8263772954924875,1650
68965,0.5373831775700935,1650
78835,0.9729318734793188,1650
64246,0.9534913353720693,1650
13680,0.9534913353720693,1650
25069,0.8908624432603118,1650
85971,0.9855198829134618,1650
50881,0.8403336748134055,1650
107198,0.9729318734793188,1650
47695,0.9855198829134618,1650
110106,0.9729318734793188,1650
474,0.9729318734793188,1650
20607,0.7140039447731755,1650
2081,0.9855198829134618,1650
55206,0.9855198829134618,1650
12085,0.9729318734793188,1650
16011,0.9294968363965049,1650
112197,0.9605658709106984,1650
25461,0.9534913353720693,1650
93095,0.468,1650
74484,0.9605658709106984,1650
64765,0.9605658709106984,1650
11345,0.9855198829134618,1650
56567,0.8263772954924875,1650
52709,0.9855198829134618,1650
16550,0.9605658709106984,1650
38741,0.9855198829134618,1650
97886,0.8908624432603118,1650
28840,0.9855198829134618,1650
87579,0.9605658709106984,1650
67679,0.9855198829134618,1650
97576,0.9294968363965049,1650
38978,0.9855198829134618,1650
28452,0.8908624432603118,1650
89796,0.9729318734793188,1650
109757,0.9534913353720693,1650
67346,0.7140039447731755,1650
51620,0.8403336748134055,1650
111567,0.9855198829134618,1650
92772,0.9328165374677002,1650
67818,0.9855198829134618,1650
87655,0.8908624432603118,1650
66505,0.9534913353720693,1650
93255,0.9855198829134618,1650
60805,0.8908624432603118,1650
63572,0.8403336748134055,1650
55867,0.9855198829134618,1650
67024,0.9534913353720693,1650
69742,0.9328165374677002,1650
99822,0.5373831775700935,1650
79975,0.9855198829134618,1650
93529,0.8403336748134055,1650
114026,0.9534913353720693,1650
82167,0.9855198829134618,1650
42360,0.9729318734793188,1650
90422,0.9605658709106984,1650
5805,0.9855198829134618,1650
51540,0.9855198829134618,1650
49643,0.8908624432603118,1650
44370,0.9605658709106984,1650
87366,0.9855198829134618,1650
96121,0.9294968363965049,1650
65363,0.9855198829134618,1650
20847,0.9855198829134618,1650
34421,0.8403336748134055,1650
82384,0.9605658709106984,1650
40212,0.9605658709106984,1650
43898,0.9855198829134618,1650
78985,0.9534913353720693,1650
23370,0.8908624432603118,1650
13378,0.9294968363965049,1650
30848,0.9729318734793188,1650
81244,0.8403336748134055,1650
61838,0.9534913353720693,1650
12045,0.468,1650
75044,0.9729318734793188,1650
31610,0.9855198829134618,1650
31824,0.8403336748134055,1650
73207,0.9855198829134618,1650
35868,0.9729318734793188,1650
81891,0.9729318734793188,1650
93432,0.8607594936708861,1650
82535,0.9855198829134618,1650
95754,0.9421383647798742,1650
10153,0.9421383647798742,1650
63486,0.8908624432603118,1650
43217,0.9855198829134618,1650
24105,0.8403336748134055,1650
15900,0.9729318734793188,1650
101030,0.9855198829134618,1650
62917,0.9605658709106984,1650
103634,0.8263772954924875,1650
103824,0.9855198829134618,1650
80299,0.9855198829134618,1650
63223,0.9294968363965049,1650
41687,0.9855198829134618,1650
99082,0.9729318734793188,1650
39319,0.9605658709106984,1650
110193,0.9855198829134618,1650
90496,0.9855198829134618,1650
77487,0.878755364806867,1650
113122,0.9855198829134618,1650
111456,0.9605658709106984,1650
90728,0.8403336748134055,1650
17085,0.9534913353720693,1650
85428,0.9855198829134618,1650
61857,0.9855198829134618,1650
74590,0.3236994219653179,1650
96907,0.9855198829134618,1650
93805,0.9855198829134618,1650
36144,0.9855198829134618,1650
21531,0.9855198829134618,1650
43089,0.9855198829134618,1650
6943,0.9534913353720693,1650
103857,0.9729318734793188,1650
61522,0.878755364806867,1650
74075,0.8908624432603118,1650
43467,0.9534913353720693,1650
13796,0.9855198829134618,1650
24126,0.8908624432603118,1650
112379,0.9534913353720693,1650
22784,0.9855198829134618,1650
12401,0.9605658709106984,1650
25055,0.9605658709106984,1650
41214,0.9294968363965049,1650
68972,0.9605658709106984,1650
85005,0.9855198829134618,1650
43013,0.9729318734793188,1650
71361,0.9729318734793188,1650
24897,0.9855198829134618,1650
75373,0.9534913353720693,1650
30742,0.9855198829134618,1650
81438,0.9421383647798742,1650
101918,0.9534913353720693,1650
58126,0.468,1650
41933,0.8263772954924875,1650
96276,0.9605658709106984,1650
12724,0.9294968363965049,1650
96774,0.9534913353720693,1650
17736,0.9855198829134618,1650
10714,0.9855198829134618,1650
25781,0.9855198829134618,1650
75861,0.9855198829134618,1650
89472,0.9855198829134618,1650
66078,0.9534913353720693,1650
96621,0.9729318734793188,1650
88872,0.9855198829134618,1650
43811,0.8403336748134055,1650
8941,0.9534913353720693,1650
34944,0.8908624432603118,1650
9279,0.8908624432603118,1650
78153,0.8403336748134055,1650
5424,0.9855198829134618,1650
37686,0.9605658709106984,1650
22602,0.9855198829134618,1650
85836,0.9855198829134618,1650
58485,0.9855198829134618,1650
12604,0.9855198829134618,1650
34002,0.9855198829134618,1650
36989,0.8908624432603118,1650
22870,0.9729318734793188,1650
54890,0.9855198829134618,1650
37128,0.8403336748134055,1650
19675,0.9605658709106984,1650
93795,0.9294968363965049,1650
19916,0.9855198829134618,1650
95848,0.9855198829134618,1650
35786,0.9294968363965049,1650
9774,0.9534913353720693,1650
48080,0.8403336748134055,1650
35771,0.7140039447731755,1650
37913,0.9855198829134618,1650
54485,0.8908624432603118,1650
36232,0.8908624432603118,1650
2758,0.8403336748134055,1650
6965,0.9855198829134618,1650
39182,0.9855198829134618,1650
59195,0.9855198829134618,1650
55141,0.9534913353720693,1650
111657,0.9729318734793188,1650
48275,0.9534913353720693,1650
74973,0.9605658709106984,1650
72374,0.9855198829134618,1650
40837,0.8908624432603118,1650
106379,0.9855198829134618,1650
68919,0.8908624432603118,1650
67622,0.9855198829134618,1650
66749,0.9855198829134618,1650
55347,0.9855198829134618,1650
15958,0.9605658709106984,1650
83534,0.9729318734793188,1650
89066,0.9855198829134618,1650
93552,0.6086956521739131,1650
28379,0.9729318734793188,1650
27420,0.9534913353720693,1650
32086,0.9855198829134618,1650
69938,0.9605658709106984,1650
34207,0.9729318734793188,1650
91164,0.9605658709106984,1650
4187,0.9729318734793188,1650
113921,0.9294968363965049,1650
3945,0.9855198829134618,1650
69331,0.9534913353720693,1650
76858,0.9855198829134618,1650
72715,0.8403336748134055,1650
100597,0.9855198829134618,1650
36603,0.9855198829134618,1650
53742,0.9294968363965049,1650
6761,0.8607594936708861,1650
78841,0.9855198829134618,1650
3900,0.8403336748134055,1650
29938,0.8908624432603118,1650
38941,0.8403336748134055,1650
7651,0.9855198829134618,1650
28727,0.9605658709106984,1650
59446,0.9605658709106984,1650
97979,0.9855198829134618,1650
76933,0.9855198829134618,1650
42116,0.6086956521739131,1650
49969,0.8403336748134055,1650
61573,0.8607594936708861,1650
102026,0.9855198829134618,1650
69307,0.9729318734793188,1650
59864,0.9855198829134618,1650
88532,0.8908624432603118,1650
49202,0.8403336748134055,1650
69177,0.9047619047619048,1650
95795,0.9605658709106984,1650
4588,0.9605658709106984,1650
60731,0.9729318734793188,1650
141,0.9855198829134618,1650
28907,0.8908624432603118,1650
77339,0.9729318734793188,1650
43289,0.9294968363965049,1650
630,0.8403336748134055,1650
108121,0.9855198829134618,1650
72621,0.9855198829134618,1650
40440,0.9855198829134618,1650
57655,0.9855198829134618,1650
12214,0.878755364806867,1650
108137,0.9855198829134618,1650
68469,0.9729318734793188,1650
102641,0.9534913353720693,1650
85185,0.9729318734793188,1650
87119,0.9729318734793188,1650
61750,0.8403336748134055,1650
3563,0.9855198829134618,1650
18343,0.9855198829134618,1650
54993,0.9855198829134618,1650
103921,0.9855198829134618,1650
37636,0.9729318734793188,1650
36503,0.9855198829134618,1650
82115,0.8403336748134055,1650
100776,0.9534913353720693,1650
1261,0.9729318734793188,1650
113866,0.9855198829134618,1650
66335,0.9855198829134618,1650
40190,0.9855198829134618,1650
15104,0.8908624432603118,1650
45228,0.8607594936708861,1650
12519,0.9729318734793188,1650
29234,0.8908624432603118,1650
103604,0.9294968363965049,1650
17784,0.8403336748134055,1650
73984,0.9855198829134618,1650
51834,0.9855198829134618,1650
14951,0.9534913353720693,1650
79770,0.7140039447731755,1650
110622,0.9855198829134618,1650
96242,0.8908624432603118,1650
734,0.9855198829134618,1650
8256,0.8263772954924875,1650
34797,0.9855198829134618,1650
61054,0.9855198829134618,1650
21237,0.9605658709106984,1650
73423,0.8908624432603118,1650
85682,0.9855198829134618,1650
12853,0.9729318734793188,1650
58243,0.9855198829134618,1650
92492,0.9855198829134618,1650
20928,0.9855198829134618,1650
3824,0.9729318734793188,1650
41947,0.9855198829134618,1650
9431,0.8403336748134055,1650
102671,0.9605658709106984,1650
21500,0.9534913353720693,1650
47168,0.9534913353720693,1650
77475,0.9855198829134618,1650
38091,0.9729318734793188,1650
23433,0.9855198829134618,1650
20859,0.9855198829134618,1650
58816,0.8908624432603118,1650
14101,0.9855198829134618,1650
18994,0.9534913353720693,1650
33350,0.8403336748134055,1650
72084,0.9729318734793188,1650
55716,0.9855198829134618,1650
55426,0.9534913353720693,1650
107437,0.9855198829134618,1650
49953,0.9855198829134618,1650
26589,0.9729318734793188,1650
9912,0.9855198829134618,1650
28210,0.9855198829134618,1650
106320,0.9855198829134618,1650
87842,0.878755364806867,1650
44665,0.9855198829134618,1650
111701,0.8403336748134055,1650
86087,0.9729318734793188,1650
6423,0.9605658709106984,1650
62147,0.9855198829134618,1650
93595,0.9855198829134618,1650
12979,0.9855198829134618,1650
109499,0.9729318734793188,1650
23635,0.9534913353720693,1650
83135,0.9421383647798742,1650
88516,0.8908624432603118,1650
30935,0.9729318734793188,1650
52044,0.9294968363965049,1650
113917,0.9534913353720693,1650
86476,0.9855198829134618,1650
86885,0.9855198829134618,1650
106048,0.9855198829134618,1650
52767,0.9855198829134618,1650
87756,0.9294968363965049,1650
34060,0.9534913353720693,1650
35401,0.9855198829134618,1650
83008,0.7116402116402116,1650
52791,0.8403336748134055,1650
17992,0.9855198829134618,1650
83975,0.9855198829134618,1650
44761,0.9421383647798742,1650
70966,0.9855198829134618,1650
23548,0.9534913353720693,1650
79760,0.9855198829134618,1650
53039,0.9729318734793188,1650
30468,0.9729318734793188,1650
20480,0.9534913353720693,1650
23721,0.9605658709106984,1650
24624,0.9855198829134618,1650
61677,0.9729318734793188,1650
17180,0.9855198829134618,1650
73966,0.8908624432603118,1650
97935,0.9855198829134618,1650
54781,0.9855198829134618,1650
22136,0.9328165374677002,1650
113285,0.9855198829134618,1650
32437,0.9855198829134618,1650
92853,0.9855198829134618,1650
84543,0.9855198829134618,1650
59139,0.9729318734793188,1650
35821,0.9534913353720693,1650
33898,0.9534913353720693,1650
63675,0.9855198829134618,1650
23018,0.9729318734793188,1650
20506,0.9855198829134618,1650
13141,0.9855198829134618,1650
99811,0.8263772954924875,1650
90367,0.8908624432603118,1650
51778,0.9328165374677002,1650
17916,0.9605658709106984,1650
94443,0.9855198829134618,1650
31607,0.9855198829134618,1650
11146,0.9855198829134618,1650
31296,0.9605658709106984,1650
90219,0.9328165374677002,1650
89586,0.9855198829134618,1650
56383,0.9729318734793188,1650
275,0.8908624432603118,1650
105550,0.9855198829134618,1650
109722,0.8263772954924875,1650
108453,0.9729318734793188,1650
30522,0.9855198829134618,1650
26316,0.9605658709106984,1650
69390,0.9421383647798742,1650
30090,0.9855198829134618,1650
5004,0.9605658709106984,1650
62017,0.9855198829134618,1650
99299,0.9605658709106984,1650
111801,0.9534913353720693,1650
69626,0.5373831775700935,1650
18585,0.8403336748134055,1650
44684,0.9605658709106984,1650
97887,0.8403336748134055,1650
85055,0.7601626016260162,1650
106832,0.9855198829134618,1650
79679,0.9855198829134618,1650
72310,0.9328165374677002,1650
56207,0.9729318734793188,1650
52421,0.9421383647798742,1650
64270,0.8403336748134055,1650
36121,0.9534913353720693,1650
104785,0.9855198829134618,1650
73784,0.9294968363965049,1650
76579,0.9855198829134618,1650
94213,0.9855198829134618,1650
72466,0.9534913353720693,1650
46119,0.8263772954924875,1650
14477,0.9855198829134618,1650
25056,0.9855198829134618,1650
94592,0.8908624432603118,1650
24049,0.8403336748134055,1650
46932,0.8908624432603118,1650
51760,0.9855198829134618,1650
48399,0.9605658709106984,1650
110923,0.9534913353720693,1650
56095,0.8908624432603118,1650
83616,0.9729318734793188,1650
111962,0.9855198829134618,1650
46069,0.8403336748134055,1650
55676,0.8403336748134055,1650
43620,0.9855198829134618,1650
88567,0.9729318734793188,1650
96,0.9534913353720693,1650
10197,0.9729318734793188,1650
96233,0.9605658709106984,1650
105015,0.8403336748134055,1650
72403,0.9421383647798742,1650
53157,0.9294968363965049,1650
21000,0.8403336748134055,1650
73547,0.9855198829134618,1650
87371,0.9855198829134618,1650
21328,0.9729318734793188,1650
57040,0.8403336748134055,1650
24550,0.8908624432603118,1650
86139,0.9605658709106984,1650
13107,0.8908624432603118,1650
46625,0.878755364806867,1650
11365,0.9328165374677002,1650
44071,0.9534913353720693,1650
49203,0.9294968363965049,1650
22376,0.9855198829134618,1650
18987,0.9534913353720693,1650
97097,0.8908624432603118,1650
24449,0.9855198829134618,1650
27709,0.9294968363965049,1650
33231,0.8908624432603118,1650
85935,0.9855198829134618,1650
103205,0.9855198829134618,1650
45395,0.9328165374677002,1650
90572,0.9328165374677002,1650
91316,0.9294968363965049,1650
81612,0.9729318734793188,1650
52654,0.9855198829134618,1650
114009,0.9605658709106984,1650
74750,0.8908624432603118,1650
50568,0.9729318734793188,1650
24706,0.9729318734793188,1650
82300,0.9855198829134618,1650
88693,0.9855198829134618,1650
34680,0.9855198829134618,1650
25286,0.9328165374677002,1650
81977,0.9855198829134618,1650
10823,0.8908624432603118,1650
77021,0.9534913353720693,1650
98496,0.8908624432603118,1650
63737,0.9729318734793188,1650
31961,0.878755364806867,1650
46806,0.8403336748134055,1650
80236,0.9729318734793188,1650
43358,0.9855198829134618,1650
46728,0.9294968363965049,1650
111980,0.7601626016260162,1650
83058,0.8403336748134055,1650
113346,0.9855198829134618,1650
38292,0.6086956521739131,1650
50497,0.9534913353720693,1650
30827,0.9855198829134618,1650
21131,0.9855198829134618,1650
112262,0.8607594936708861,1650
6125,0.8403336748134055,1650
104772,0.9605658709106984,1650
67581,0.9855198829134618,1650
36652,0.9729318734793188,1650
89572,0.9855198829134618,1650
88652,0.8908624432603118,1650
62568,0.9855198829134618,1650
95245,0.8908624432603118,1650
32463,0.9855198829134618,1650
12328,0.9855198829134618,1650
6557,0.8607594936708861,1650
4968,0.9855198829134618,1650
98115,0.9855198829134618,1650
7363,0.9855198829134618,1650
112822,0.9855198829134618,1650
114050,0.9729318734793188,1650
34770,0.9855198829134618,1650
103675,0.9855198829134618,1650
111512,0.9534913353720693,1650
11342,0.9605658709106984,1650
61400,0.9534913353720693,1650
54697,0.9534913353720693,1650
110209,0.9855198829134618,1650
54484,0.9729318734793188,1650
49401,0.8908624432603118,1650
70854,0.9534913353720693,1650
89528,0.9328165374677002,1650
51868,0.9855198829134618,1650
113436,0.8403336748134055,1650
42295,0.8908624432603118,1650
87524,0.9855198829134618,1650
83977,0.9855198829134618,1650
108987,0.9855198829134618,1650
52109,0.9855198829134618,1650
106839,0.9855198829134618,1650
108245,0.9855198829134618,1650
87876,0.8403336748134055,1650
97054,0.9534913353720693,1650
36311,0.9855198829134618,1650
5831,0.8403336748134055,1650
16489,0.9855198829134618,1650
29830,0.9729318734793188,1650
67326,0.9855198829134618,1650
11707,0.9534913353720693,1650
5421,0.9534913353720693,1650
85768,0.9605658709106984,1650
6797,0.8403336748134055,1650
32185,0.8403336748134055,1650
104236,0.9534913353720693,1650
33574,0.8908624432603118,1650
14055,0.9855198829134618,1650
91837,0.9855198829134618,1650
26575,0.9855198829134618,1650
5683,0.8908624432603118,1650
109952,0.9605658709106984,1650
91730,0.9855198829134618,1650
85406,0.9605658709106984,1650
65453,0.8403336748134055,1650
91024,0.9328165374677002,1650
63102,0.9534913353720693,1650
26212,0.9855198829134618,1650
21683,0.8263772954924875,1650
101475,0.8908624432603118,1650
29625,0.9294968363965049,1650
62179,0.9729318734793188,1650
100554,0.9855198829134618,1650
86419,0.9855198829134618,1650
69745,0.9855198829134618,1650
21321,0.8403336748134055,1650
34088,0.8263772954924875,1650
85391,0.8908624432603118,1650
38553,0.9855198829134618,1650
31039,0.878755364806867,1650
34193,0.8607594936708861,1650
48034,0.8403336748134055,1650
49081,0.9855198829134618,1650
15557,0.9855198829134618,1650
44832,0.9855198829134618,1650
53587,0.9855198829134618,1650
94935,0.9534913353720693,1650
13327,0.8403336748134055,1650
69253,0.9534913353720693,1650
84602,0.9855198829134618,1650
80286,0.3236994219653179,1650
41470,0.9855198829134618,1650
58815,0.9421383647798742,1650
77208,0.9855198829134618,1650
74342,0.9534913353720693,1650
34625,0.9328165374677002,1650
85561,0.9294968363965049,1650
21956,0.8908624432603118,1650
95830,0.9534913353720693,1650
71230,0.9855198829134618,1650
81698,0.9855198829134618,1650
31870,0.9534913353720693,1650
106688,0.8403336748134055,1650
23405,0.9855198829134618,1650
70327,0.9855198829134618,1650
75751,0.8908624432603118,1650
86391,0.9605658709106984,1650
36975,0.9534913353720693,1650
69098,0.8403336748134055,1650
82020,0.9294968363965049,1650
52478,0.9855198829134618,1650
4954,0.9855198829134618,1650
59421,0.9855198829134618,1650
17244,0.9328165374677002,1650
94489,0.9294968363965049,1650
94532,0.9855198829134618,1650
12893,0.7601626016260162,1650
84166,0.8403336748134055,1650
34500,0.9729318734793188,1650
48329,0.8403336748134055,1650
43068,0.9605658709106984,1650
14426,0.9855198829134618,1650
7085,0.8908624432603118,1650
91932,0.9729318734793188,1650
44559,0.9328165374677002,1650
91938,0.9855198829134618,1650
14964,0.9855198829134618,1650
32156,0.8908624432603118,1650
43238,0.9421383647798742,1650
110228,0.8403336748134055,1650
71516,0.9855198829134618,1650
36716,0.9729318734793188,1650
54909,0.9855198829134618,1650
77353,0.9855198829134618,1650
81313,0.7116402116402116,1650
82968,0.9855198829134618,1650
33882,0.6086956521739131,1650
81927,0.9729318734793188,1650
7817,0.9294968363965049,1650
85652,0.9729318734793188,1650
71754,0.9605658709106984,1650
45275,0.9729318734793188,1650
18702,0.9855198829134618,1650
88954,0.8461538461538461,1650
95982,0.9729318734793188,1650
75678,0.8403336748134055,1650
78275,0.9855198829134618,1650
11269,0.468,1650
58971,0.9855198829134618,1650
25141,0.9855198829134618,1650
16427,0.9855198829134618,1650
25539,0.9855198829134618,1650
43615,0.9855198829134618,1650
82230,0.9729318734793188,1650
1795,0.9855198829134618,1650
54677,0.9729318734793188,1650
3158,0.9294968363965049,1650
34636,0.9855198829134618,1650
65618,0.9855198829134618,1650
59663,0.9605658709106984,1650
66042,0.8908624432603118,1650
31406,0.8263772954924875,1650
39599,0.9729318734793188,1650
112048,0.9855198829134618,1650
27900,0.9855198829134618,1650
69958,0.9855198829134618,1650
79307,0.9855198829134618,1650
106145,0.9855198829134618,1650
90643,0.9534913353720693,1650
101342,0.9729318734793188,1650
54558,0.8403336748134055,1650
32897,0.9729318734793188,1650
30164,0.9855198829134618,1650
22050,0.8263772954924875,1650
91312,0.9294968363965049,1650
15050,0.9855198829134618,1650
31410,0.9855198829134618,1650
89245,0.878755364806867,1650
23685,0.9729318734793188,1650
96833,0.9534913353720693,1650
93732,0.8403336748134055,1650
99502,0.9294968363965049,1650
55987,0.9605658709106984,1650
62485,0.9605658709106984,1650
70521,0.9855198829134618,1650
50140,0.9855198829134618,1650
99300,0.9855198829134618,1650
12613,0.9294968363965049,1650
99257,0.8908624432603118,1650
11538,0.9855198829134618,1650
78304,0.9855198829134618,1650
61671,0.9534913353720693,1650
45633,0.9855198829134618,1650
3251,0.9855198829134618,1650
65207,0.9855198829134618,1650
58870,0.9855198829134618,1650
97934,0.9328165374677002,1650
85462,0.9729318734793188,1650
112255,0.9534913353720693,1650
28351,0.9729318734793188,1650
91825,0.8908624432603118,1650
46753,0.9855198829134618,1650
29332,0.9294968363965049,1650
35089,0.8403336748134055,1650
20665,0.9534913353720693,1650
72705,0.9855198829134618,1650
44874,0.9605658709106984,1650
28000,0.9855198829134618,1650
23986,0.9855198829134618,1650
91838,0.8908624432603118,1650
98558,0.9605658709106984,1650
18474,0.9855198829134618,1650
109136,0.9855198829134618,1650
69541,0.878755364806867,1650
24931,0.9855198829134618,1650
76669,0.9534913353720693,1650
72976,0.9534913353720693,1650
92752,0.9855198829134618,1650
80792,0.9421383647798742,1650
103179,0.9855198829134618,1650
5510,0.8908624432603118,1650
49381,0.9534913353720693,1650
110843,0.8403336748134055,1650
56216,0.9855198829134618,1650
105762,0.9855198829134618,1650
51044,0.9729318734793188,1650
78669,0.9328165374677002,1650
52408,0.9729318734793188,1650
19315,0.9729318734793188,1650
83551,0.878755364806867,1650
52157,0.9855198829134618,1650
5197,0.9855198829134618,1650
105568,0.8908624432603118,1650
89257,0.9294968363965049,1650
38821,0.9534913353720693,1650
1650,0.9534913353720693,1650
43742,0.9855198829134618,1650
77217,0.8263772954924875,1650
52828,0.9534913353720693,1650
39783,0.9605658709106984,1650
60629,0.9855198829134618,1650
2447,0.7116402116402116,1650
84335,0.878755364806867,1650
9494,0.9729318734793188,1650
19876,0.9855198829134618,1650
112654,0.8403336748134055,1650
16634,0.9855198829134618,1650
61346,0.9729318734793188,1650
25162,0.9855198829134618,1650
15314,0.9855198829134618,1650
6117,0.9729318734793188,1650
106031,0.8403336748134055,1650
67964,0.9855198829134618,1650
13330,0.9855198829134618,1650
59288,0.9605658709106984,1650
72447,0.9605658709106984,1650
101511,0.9855198829134618,1650
22502,0.8403336748134055,1650
5605,0.9855198829134618,1650
31097,0.9855198829134618,1650
65526,0.9729318734793188,1650
10853,0.8403336748134055,1650
30093,0.9855198829134618,1650
59241,0.9421383647798742,1650
43296,0.9855198829134618,1650
87597,0.9534913353720693,1650
18067,0.9855198829134618,1650
85495,0.9294968363965049,1650
101018,0.8908624432603118,1650
18773,0.9855198829134618,1650
33990,0.9729318734793188,1650
96236,0.9855198829134618,1650
9868,0.9534913353720693,1650
92859,0.9855198829134618,1650
110750,0.9855198829134618,1650
98082,0.9855198829134618,1650
109188,0.8403336748134055,1650
80051,0.9855198829134618,1650
25885,0.9855198829134618,1650
40326,0.9855198829134618,1650
108560,0.9855198829134618,1650
91773,0.9605658709106984,1650
50461,0.8403336748134055,1650
2909,0.8908624432603118,1650
15070,0.9855198829134618,1650
25287,0.9294968363965049,1650
7015,0.9605658709106984,1650
55500,0.9855198829134618,1650
97355,0.878755364806867,1650
42844,0.9855198829134618,1650
75866,0.9328165374677002,1650
87890,0.9855198829134618,1650
10931,0.9855198829134618,1650
85658,0.9605658709106984,1650
101770,0.9855198829134618,1650
47707,0.9534913353720693,1650
57354,0.9855198829134618,1650
89917,0.8908624432603118,1650
40268,0.9729318734793188,1650
52578,0.9729318734793188,1650
8848,0.8908624432603118,1650
27343,0.9605658709106984,1650
93357,0.8461538461538461,1650
94073,0.9605658709106984,1650
46641,0.5373831775700935,1650
56681,0.9729318734793188,1650
65609,0.9855198829134618,1650
108543,0.8263772954924875,1650
44614,0.8403336748134055,1650
3569,0.9534913353720693,1650
95893,0.8263772954924875,1650
19135,0.9534913353720693,1650
80511,0.9855198829134618,1650
106191,0.9855198829134618,1650
70907,0.878755364806867,1650
59453,0.9605658709106984,1650
85456,0.9729318734793188,1650
20867,0.9855198829134618,1650
89154,0.9729318734793188,1650
51101,0.9855198829134618,1650
71904,0.9855198829134618,1650
29277,0.9855198829134618,1650
93463,0.9855198829134618,1650
38870,0.9605658709106984,1650
67985,0.9855198829134618,1650
64159,0.9855198829134618,1650
6187,0.9294968363965049,1650
31332,0.9855198829134618,1650
68986,0.9729318734793188,1650
84502,0.8908624432603118,1650
7287,0.9855198829134618,1650
47009,0.9855198829134618,1650
61083,0.9855198829134618,1650
100185,0.6086956521739131,1650
79722,0.9855198829134618,1650
34800,0.9855198829134618,1650
17949,0.9855198829134618,1650
80280,0.9605658709106984,1650
23730,0.9855198829134618,1650
13537,0.9729318734793188,1650
33390,0.8908624432603118,1650
84703,0.8403336748134055,1650
98344,0.8403336748134055,1650
33706,0.8403336748134055,1650
23753,0.9605658709106984,1650
59081,0.9328165374677002,1650
37624,0.9294968363965049,1650
7466,0.7140039447731755,1650
5363,0.8908624432603118,1650
60238,0.9729318734793188,1650
23067,0.9855198829134618,1650
18252,0.9534913353720693,1650
7566,0.9855198829134618,1650
32074,0.9855198829134618,1650
40578,0.9855198829134618,1650
4001,0.9328165374677002,1650
30298,0.8908624432603118,1650
24401,0.9294968363965049,1650
76005,0.9855198829134618,1650
92477,0.9855198829134618,1650
90048,0.5784313725490197,1650
75601,0.9855198829134618,1650
77298,0.8908624432603118,1650
107730,0.9729318734793188,1650
31299,0.9855198829134618,1650
81545,0.8908624432603118,1650
54462,0.9605658709106984,1650
100126,0.9294968363965049,1650
105118,0.9855198829134618,1650
61868,0.9855198829134618,1650
69199,0.9855198829134618,1650
49002,0.9855198829134618,1650
32846,0.9729318734793188,1650
35992,0.8403336748134055,1650
18397,0.9855198829134618,1650
30157,0.8908624432603118,1650
22559,0.9421383647798742,1650
18,0.8403336748134055,1650
113933,0.9729318734793188,1650
22913,0.6086956521739131,1650
18027,0.9855198829134618,1650
89155,0.9855198829134618,1650
6819,0.9729318734793188,1650
30657,0.9605658709106984,1650
84966,0.9605658709106984,1650
108955,0.9855198829134618,1650
86960,0.9534913353720693,1650
36828,0.8403336748134055,1650
50144,0.9328165374677002,1650
7798,0.9855198829134618,1650
11698,0.9855198829134618,1650
8283,0.9294968363965049,1650
112494,0.9328165374677002,1650
12320,0.9855198829134618,1650
35346,0.9855198829134618,1650
19271,0.9605658709106984,1650
92165,0.9855198829134618,1650
10051,0.9855198829134618,1650
104512,0.8263772954924875,1650
55153,0.9328165374677002,1650
29811,0.9729318734793188,1650
39274,0.9729318734793188,1650
30501,0.9855198829134618,1650
65343,0.9855198829134618,1650
64473,0.9534913353720693,1650
6040,0.9855198829134618,1650
49627,0.7601626016260162,1650
5503,0.6086956521739131,1650
65187,0.9534913353720693,1650
1502,0.9855198829134618,1650
107509,0.9605658709106984,1650
59599,0.9729318734793188,1650
16629,0.8908624432603118,1650
22355,0.9729318734793188,1650
15849,0.9855198829134618,1650
32296,0.9328165374677002,1650
96181,0.9855198829134618,1650
99941,0.9294968363965049,1650
52947,0.9855198829134618,1650
112281,0.9855198829134618,1650
88080,0.9534913353720693,1650
1300,0.9855198829134618,1650
79705,0.9534913353720693,1650
1843,0.8403336748134055,1650
49281,0.8263772954924875,1650
4360,0.9855198829134618,1650
50443,0.9534913353720693,1650
50276,0.9855198829134618,1650
19109,0.9605658709106984,1650
62867,0.9855198829134618,1650
46765,0.9855198829134618,1650
45585,0.9855198829134618,1650
75812,0.9294968363965049,1650
72678,0.8403336748134055,1650
74359,0.6086956521739131,1650
52218,0.9605658709106984,1650
87465,0.9729318734793188,1650
83484,0.8403336748134055,1650
72436,0.8403336748134055,1650
83067,0.9605658709106984,1650
55376,0.9855198829134618,1650
68817,0.9855198829134618,1650
35707,0.9534913353720693,1650
56101,0.9605658709106984,1650
57893,0.9729318734793188,1650
110290,0.9605658709106984,1650
90075,0.9729318734793188,1650
69778,0.8403336748134055,1650
113323,0.9729318734793188,1650
92068,0.9294968363965049,1650
89247,0.9534913353720693,1650
98543,0.8908624432603118,1650
29463,0.6086956521739131,1650
10346,0.9534913353720693,1650
24359,0.8403336748134055,1650
98308,0.9605658709106984,1650
51326,0.9605658709106984,1650
113781,0.9855198829134618,1650
93654,0.9855198829134618,1650
65225,0.9605658709106984,1650
104050,0.8403336748134055,1650
104498,0.9605658709106984,1650
14614,0.8908624432603118,1650
12761,0.9855198829134618,1650
70830,0.9855198829134618,1650
94498,0.9855198829134618,1650
14653,0.9855198829134618,1650
37498,0.9855198829134618,1650
28264,0.8908624432603118,1650
53141,0.9855198829134618,1650
56968,0.9729318734793188,1650
36973,0.9534913353720693,1650
103723,0.8908624432603118,1650
60021,0.9534913353720693,1650
17834,0.9855198829134618,1650
83577,0.8403336748134055,1650
110506,0.8263772954924875,1650
51502,0.9729318734793188,1650
81015,0.9534913353720693,1650
101906,0.8908624432603118,1650
70735,0.9729318734793188,1650
84241,0.8908624432603118,1650
98369,0.9534913353720693,1650
6341,0.9534913353720693,1650
98130,0.878755364806867,1650
33280,0.9729318734793188,1650
78902,0.9855198829134618,1650
2366,0.8607594936708861,1650
13194,0.8908624432603118,1650
53716,0.8908624432603118,1650
19717,0.9534913353720693,1650
25909,0.7116402116402116,1650
54391,0.9534913353720693,1650
11840,0.7116402116402116,1650
62925,0.878755364806867,1650
26918,0.9855198829134618,1650
8614,0.8403336748134055,1650
87896,0.9729318734793188,1650
78471,0.9855198829134618,1650
107310,0.9855198829134618,1650
67037,0.9855198829134618,1650
20204,0.9855198829134618,1650
101742,0.9855198829134618,1650
42121,0.9729318734793188,1650
32818,0.8908624432603118,1650
47810,0.9855198829134618,1650
22974,0.9729318734793188,1650
104474,0.9421383647798742,1650
19240,0.9534913353720693,1650
46036,0.9729318734793188,1650
79849,0.9855198829134618,1650
8990,0.9855198829134618,1650
101686,0.9729318734793188,1650
22674,0.9855198829134618,1650
83932,0.9294968363965049,1650
13719,0.9605658709106984,1650
57693,0.5986622073578596,1650
43523,0.9855198829134618,1650
78711,0.7601626016260162,1650
15330,0.9729318734793188,1650
42669,0.9729318734793188,1650
913,0.9855198829134618,1650
20571,0.9729318734793188,1650
60,0.9294968363965049,1650
79237,0.9328165374677002,1650
110754,0.9855198829134618,1650
46701,0.9605658709106984,1650
66515,0.9855198829134618,1650
99093,0.8263772954924875,1650
51095,0.8908624432603118,1650
75595,0.8403336748134055,1650
112374,0.9855198829134618,1650
16265,0.9605658709106984,1650
74465,0.9729318734793188,1650
66558,0.9855198829134618,1650
66005,0.9534913353720693,1650
39850,0.8908624432603118,1650
76765,0.9855198829134618,1650
108323,0.9855198829134618,1650
33203,0.9729318734793188,1650
24161,0.9855198829134618,1650
42275,0.8263772954924875,1650
42712,0.9729318734793188,1650
38836,0.9855198829134618,1650
40205,0.9855198829134618,1650
32246,0.9855198829134618,1650
25263,0.9855198829134618,1650
4140,0.8403336748134055,1650
56642,0.9855198829134618,1650
71362,0.7601626016260162,1650
68015,0.9855198829134618,1650
41911,0.9729318734793188,1650
21130,0.9855198829134618,1650
37801,0.8403336748134055,1650
20543,0.8263772954924875,1650
74843,0.9605658709106984,1650
52953,0.9729318734793188,1650
21424,0.8263772954924875,1650
12849,0.9855198829134618,1650
105878,0.9855198829134618,1650
108085,0.8908624432603118,1650
110895,0.9534913353720693,1650
37109,0.9855198829134618,1650
41713,0.9328165374677002,1650
97736,0.9855198829134618,1650
19093,0.9534913353720693,1650
68995,0.9855198829134618,1650
71954,0.9855198829134618,1650
97497,0.9855198829134618,1650
77767,0.9855198829134618,1650
34769,0.9534913353720693,1650
46272,0.9534913353720693,1650
73569,0.9534913353720693,1650
30551,0.9855198829134618,1650
88452,0.9294968363965049,1650
23156,0.9855198829134618,1650
30195,0.8908624432603118,1650
72560,0.468,1650
6152,0.9294968363965049,1650
56620,0.8403336748134055,1650
13973,0.8263772954924875,1650
83958,0.9534913353720693,1650
59008,0.9855198829134618,1650
9482,0.8403336748134055,1650
4614,0.8403336748134055,1650
23793,0.9729318734793188,1650
97906,0.9729318734793188,1650
43642,0.9855198829134618,1650
85001,0.7140039447731755,1650
10235,0.9729318734793188,1650
90770,0.9534913353720693,1650
28626,0.9855198829134618,1650
60942,0.9855198829134618,1650
70718,0.9855198829134618,1650
7976,0.9855198829134618,1650
97921,0.9729318734793188,1650
7109,0.9729318734793188,1650
42797,0.9855198829134618,1650
69248,0.8403336748134055,1650
110103,0.9729318734793188,1650
10700,0.9855198829134618,1650
89455,0.8908624432603118,1650
92265,0.8403336748134055,1650
87279,0.9855198829134618,1650
68844,0.9855198829134618,1650
63146,0.8403336748134055,1650
9750,0.9294968363965049,1650
33060,0.9534913353720693,1650
41814,0.9855198829134618,1650
91927,0.9855198829134618,1650
87052,0.9605658709106984,1650
67049,0.9729318734793188,1650
63692,0.9729318734793188,1650
50837,0.9855198829134618,1650
52579,0.9729318734793188,1650
14801,0.9421383647798742,1650
92817,0.9534913353720693,1650
42983,0.9421383647798742,1650
32722,0.9534913353720693,1650
61375,0.9729318734793188,1650
91667,0.9294968363965049,1650
53013,0.9855198829134618,1650
83453,0.9328165374677002,1650
66936,0.9605658709106984,1650
109862,0.6086956521739131,1650
80999,0.8403336748134055,1650
72105,0.8908624432603118,1650
19354,0.7601626016260162,1650
107275,0.9855198829134618,1650
64013,0.9294968363965049,1650
25959,0.8908624432603118,1650
47617,0.8403336748134055,1650
62055,0.9855198829134618,1650
43190,0.9534913353720693,1650
99806,0.7116402116402116,1650
101558,0.9605658709106984,1650
28950,0.9605658709106984,1650
99105,0.9855198829134618,1650
58233,0.9294968363965049,1650
46345,0.7601626016260162,1650
87414,0.9855198829134618,1650
88070,0.9855198829134618,1650
90226,0.8403336748134055,1650
98910,0.9729318734793188,1650
103491,0.7116402116402116,1650
81302,0.9328165374677002,1650
75100,0.9328165374677002,1650
52430,0.9855198829134618,1650
70291,0.9605658709106984,1650
77953,0.9855198829134618,1650
103139,0.9855198829134618,1650
3252,0.9855198829134618,1650
32792,0.8403336748134055,1650
79410,0.9294968363965049,1650
33854,0.8403336748134055,1650
92220,0.9729318734793188,1650
73605,0.9855198829134618,1650
40643,0.9855198829134618,1650
90667,0.8403336748134055,1650
26803,0.8403336748134055,1650
51750,0.9855198829134618,1650
58926,0.9855198829134618,1650
101313,0.9855198829134618,1650
10390,0.9855198829134618,1650
10720,0.9855198829134618,1650
100044,0.9855198829134618,1650
30888,0.9729318734793188,1650
55990,0.9855198829134618,1650
62661,0.9855198829134618,1650
30294,0.9855198829134618,1650
8281,0.9294968363965049,1650
53949,0.9729318734793188,1650
25838,0.8403336748134055,1650
60799,0.9605658709106984,1650
41471,0.9294968363965049,1650
77604,0.468,1650
20959,0.9855198829134618,1650
29152,0.9534913353720693,1650
37606,0.9855198829134618,1650
79371,0.7601626016260162,1650
46134,0.9855198829134618,1650
36238,0.9729318734793188,1650
91468,0.7140039447731755,1650
50131,0.9855198829134618,1650
63790,0.8908624432603118,1650
16970,0.9855198829134618,1650
50084,0.9855198829134618,1650
2217,0.8403336748134055,1650
64474,0.9855198829134618,1650
8194,0.9328165374677002,1650
60958,0.9605658709106984,1650
56893,0.9729318734793188,1650
23340,0.8403336748134055,1650
101454,0.8403336748134055,1650
100950,0.8403336748134055,1650
58938,0.9855198829134618,1650
23060,0.9855198829134618,1650
71238,0.9855198829134618,1650
50145,0.9729318734793188,1650
17150,0.9855198829134618,1650
48792,0.9534913353720693,1650
65412,0.8403336748134055,1650
85567,0.9855198829134618,1650
94877,0.9534913353720693,1650
91430,0.9421383647798742,1650
62020,0.9855198829134618,1650
81293,0.9534913353720693,1650
1763,0.9855198829134618,1650
46660,0.9328165374677002,1650
89574,0.9294968363965049,1650
112204,0.9729318734793188,1650
112525,0.9855198829134618,1650
102514,0.9294968363965049,1650
88217,0.9855198829134618,1650
36702,0.8908624432603118,1650
65562,0.9855198829134618,1650
33251,0.9294968363965049,1650
2039,0.9729318734793188,1650
106075,0.9855198829134618,1650
10553,0.9729318734793188,1650
68706,0.9855198829134618,1650
77855,0.5373831775700935,1650
59985,0.9855198829134618,1650
71844,0.9605658709106984,1650
41158,0.9855198829134618,1650
29689,0.9294968363965049,1650
22297,0.9605658709106984,1650
3193,0.9729318734793188,1650
83307,0.3236994219653179,1650
3534,0.9855198829134618,1650
58076,0.9534913353720693,1650
46757,0.9534913353720693,1650
105995,0.9729318734793188,1650
44547,0.6086956521739131,1650
52045,0.9855198829134618,1650
110135,0.9855198829134618,1650
91720,0.9855198829134618,1650
33929,0.9855198829134618,1650
23057,0.9729318734793188,1650
52705,0.9855198829134618,1650
5240,0.9328165374677002,1650
69966,0.9855198829134618,1650
100870,0.9294968363965049,1650
45115,0.9534913353720693,1650
16007,0.9605658709106984,1650
4331,0.8403336748134055,1650
62799,0.9855198829134618,1650
4589,0.9534913353720693,1650
29393,0.8403336748134055,1650
68882,0.9855198829134618,1650
35278,0.9534913353720693,1650
54041,0.9855198829134618,1650
100680,0.9729318734793188,1650
83863,0.9855198829134618,1650
91487,0.9855198829134618,1650
93453,0.9855198829134618,1650
19421,0.9855198829134618,1650
5564,0.9855198829134618,1650
16283,0.9729318734793188,1650
59466,0.9534913353720693,1650
95852,0.9729318734793188,1650
54828,0.8908624432603118,1650
53244,0.9855198829134618,1650
105384,0.9855198829134618,1650
91326,0.9855198829134618,1650
16514,0.9855198829134618,1650
41068,0.8908624432603118,1650
77755,0.9534913353720693,1650
86046,0.9855198829134618,1650
49902,0.9855198829134618,1650
21998,0.8908624432603118,1650
14376,0.9855198829134618,1650
100890,0.8403336748134055,1650
71674,0.9328165374677002,1650
19520,0.9729318734793188,1650
29839,0.878755364806867,1650
23331,0.9729318734793188,1650
5042,0.9729318734793188,1650
88086,0.9855198829134618,1650
91275,0.9729318734793188,1650
41776,0.9855198829134618,1650
69015,0.9534913353720693,1650
33458,0.9729318734793188,1650
37762,0.9855198829134618,1650
13008,0.9855198829134618,1650
35493,0.8403336748134055,1650
61443,0.9855198829134618,1650
2296,0.9855198829134618,1650
67562,0.9855198829134618,1650
59099,0.9534913353720693,1650
98570,0.9855198829134618,1650
45470,0.9855198829134618,1650
16022,0.9855198829134618,1650
24944,0.9605658709106984,1650
113420,0.9855198829134618,1650
40239,0.8908624432603118,1650
106466,0.9729318734793188,1650
40682,0.8908624432603118,1650
55858,0.9534913353720693,1650
90043,0.9328165374677002,1650
104021,0.8461538461538461,1650
1367,0.9328165374677002,1650
71263,0.9855198829134618,1650
16444,0.9534913353720693,1650
67002,0.9855198829134618,1650
109987,0.9729318734793188,1650
69030,0.9328165374677002,1650
104083,0.9605658709106984,1650
102757,0.9294968363965049,1650
61291,0.9855198829134618,1650
19834,0.6086956521739131,1650
43159,0.8908624432603118,1650
78169,0.9855198829134618,1650
60155,0.9855198829134618,1650
102419,0.9534913353720693,1650
21416,0.9855198829134618,1650
25207,0.9729318734793188,1650
98265,0.8908624432603118,1650
29382,0.9855198829134618,1650
56048,0.9855198829134618,1650
77354,0.9855198829134618,1650
25717,0.9855198829134618,1650
32522,0.7140039447731755,1650
24612,0.878755364806867,1650
91620,0.9855198829134618,1650
62387,0.9855198829134618,1650
14535,0.9729318734793188,1650
65,0.9534913353720693,1650
45485,0.9534913353720693,1650
86084,0.8403336748134055,1650
39727,0.9605658709106984,1650
86424,0.9855198829134618,1650
7381,0.9855198829134618,1650
104990,0.9729318734793188,1650
22319,0.9534913353720693,1650
29590,0.9729318734793188,1650
109407,0.9855198829134618,1650
26199,0.8908624432603118,1650
90361,0.8403336748134055,1650
53240,0.9855198829134618,1650
40890,0.9855198829134618,1650
20403,0.9328165374677002,1650
91966,0.9328165374677002,1650
28928,0.9855198829134618,1650
54690,0.6086956521739131,1650
70212,0.9855198829134618,1650
31113,0.9855198829134618,1650
73425,0.9729318734793188,1650
23553,0.8908624432603118,1650
22875,0.8403336748134055,1650
36729,0.9855198829134618,1650
45301,0.8403336748134055,1650
48599,0.9855198829134618,1650
13910,0.9855198829134618,1650
19442,0.9855198829134618,1650
14913,0.9605658709106984,1650
69138,0.9729318734793188,1650
38194,0.9534913353720693,1650
41660,0.9855198829134618,1650
13595,0.9729318734793188,1650
113891,0.9855198829134618,1650
72899,0.9729318734793188,1650
6441,0.8908624432603118,1650
4586,0.8908624432603118,1650
113862,0.9855198829134618,1650
34536,0.9855198829134618,1650
56543,0.9605658709106984,1650
59114,0.5986622073578596,1650
16802,0.9855198829134618,1650
55345,0.9534913353720693,1650
33959,0.9605658709106984,1650
39286,0.9855198829134618,1650
28044,0.9294968363965049,1650
39312,0.9855198829134618,1650
40909,0.9729318734793188,1650
57747,0.9729318734793188,1650
95897,0.3236994219653179,1650
17572,0.9855198829134618,1650
110081,0.9729318734793188,1650
76186,0.9605658709106984,1650
1182,0.9855198829134618,1650
5331,0.9855198829134618,1650
60304,0.8908624432603118,1650
97274,0.9534913353720693,1650
75781,0.7601626016260162,1650
105581,0.9605658709106984,1650
109736,0.9729318734793188,1650
94629,0.9534913353720693,1650
28307,0.9855198829134618,1650
1874,0.9729318734793188,1650
7684,0.9855198829134618,1650
83985,0.9605658709106984,1650
34823,0.9729318734793188,1650
80964,0.7140039447731755,1650
68396,0.9855198829134618,1650
31752,0.9855198829134618,1650
96466,0.9328165374677002,1650
14466,0.8908624432603118,1650
112694,0.9855198829134618,1650
13517,0.9294968363965049,1650
53714,0.878755364806867,1650
104899,0.8908624432603118,1650
104160,0.8263772954924875,1650
109033,0.9729318734793188,1650
9263,0.9729318734793188,1650
61736,0.9855198829134618,1650
61578,0.9729318734793188,1650
23704,0.8908624432603118,1650
59407,0.9534913353720693,1650
90203,0.9855198829134618,1650
40377,0.9534913353720693,1650
82286,0.7116402116402116,1650
32199,0.9855198829134618,1650
54324,0.8263772954924875,1650
23681,0.9729318734793188,1650
93974,0.9855198829134618,1650
18091,0.8403336748134055,1650
105095,0.9605658709106984,1650
77115,0.8908624432603118,1650
4636,0.9605658709106984,1650
72414,0.9855198829134618,1650
37748,0.878755364806867,1650
107217,0.9534913353720693,1650
38247,0.9729318734793188,1650
81403,0.9729318734793188,1650
69167,0.5986622073578596,1650
44243,0.8403336748134055,1650
5627,0.9855198829134618,1650
113787,0.9855198829134618,1650
28172,0.9729318734793188,1650
34258,0.8403336748134055,1650
46885,0.9605658709106984,1650
33586,0.9605658709106984,1650
21501,0.9534913353720693,1650
97614,0.8403336748134055,1650
1527,0.9855198829134618,1650
68523,0.9328165374677002,1650
6629,0.9855198829134618,1650
17220,0.9294968363965049,1650
46112,0.9855198829134618,1650
111981,0.9855198829134618,1650
39774,0.9729318734793188,1650
18032,0.9855198829134618,1650
39042,0.9855198829134618,1650
8956,0.9534913353720693,1650
26928,0.9855198829134618,1650
113707,0.8403336748134055,1650
98137,0.9855198829134618,1650
85385,0.9855198829134618,1650
71908,0.9855198829134618,1650
106520,0.9855198829134618,1650
8538,0.9534913353720693,1650
44582,0.9729318734793188,1650
84560,0.9855198829134618,1650
57237,0.9534913353720693,1650
57936,0.9729318734793188,1650
64542,0.9328165374677002,1650
28171,0.9729318734793188,1650
107253,0.9729318734793188,1650
95355,0.9855198829134618,1650
105587,0.9855198829134618,1650
63974,0.9855198829134618,1650
45511,0.8403336748134055,1650
105700,0.9534913353720693,1650
92093,0.9855198829134618,1650
51164,0.8908624432603118,1650
64324,0.9729318734793188,1650
12586,0.9855198829134618,1650
52317,0.9534913353720693,1650
16573,0.8908624432603118,1650
38335,0.9534913353720693,1650
94161,0.9855198829134618,1650
20956,0.9855198829134618,1650
37406,0.9729318734793188,1650
90451,0.9534913353720693,1650
74751,0.9855198829134618,1650
1518,0.9855198829134618,1650
87769,0.9855198829134618,1650
28129,0.9328165374677002,1650
88505,0.9421383647798742,1650
51684,0.9729318734793188,1650
21550,0.9534913353720693,1650
94708,0.9855198829134618,1650
55525,0.8403336748134055,1650
73893,0.9605658709106984,1650
26294,0.9855198829134618,1650
113127,0.9855198829134618,1650
80826,0.9605658709106984,1650
99206,0.9294968363965049,1650
108043,0.8403336748134055,1650
13756,0.468,1650
106078,0.9294968363965049,1650
21806,0.9855198829134618,1650
91903,0.9855198829134618,1650
18625,0.9855198829134618,1650
43046,0.9855198829134618,1650
44745,0.9855198829134618,1650
56670,0.9855198829134618,1650
102859,0.9855198829134618,1650
6561,0.9729318734793188,1650
113996,0.9729318734793188,1650
55178,0.9855198829134618,1650
112451,0.9729318734793188,1650
4,0.8908624432603118,1650
66392,0.9534913353720693,1650
60646,0.9855198829134618,1650
65484,0.8607594936708861,1650
3159,0.9605658709106984,1650
29508,0.8403336748134055,1650
93154,0.9534913353720693,1650
70343,0.9729318734793188,1650
31804,0.9729318734793188,1650
71914,0.9534913353720693,1650
63325,0.9605658709106984,1650
15320,0.9855198829134618,1650
11937,0.9855198829134618,1650
68143,0.9729318734793188,1650
58457,0.9855198829134618,1650
41544,0.9534913353720693,1650
72529,0.9855198829134618,1650
110609,0.5373831775700935,1650
100778,0.8403336748134055,1650
54526,0.9605658709106984,1650
51482,0.9729318734793188,1650
14531,0.9729318734793188,1650
70523,0.8908624432603118,1650
90640,0.9855198829134618,1650
86701,0.9729318734793188,1650
106984,0.9855198829134618,1650
44021,0.9855198829134618,1650
55052,0.8403336748134055,1650
22727,0.9605658709106984,1650
96045,0.9605658709106984,1650
111867,0.9729318734793188,1650
69762,0.9855198829134618,1650
20666,0.8263772954924875,1650
64903,0.9855198829134618,1650
113103,0.9855198829134618,1650
90681,0.9605658709106984,1650
70124,0.9328165374677002,1650
34116,0.9855198829134618,1650
26750,0.9729318734793188,1650
30985,0.9729318734793188,1650
85921,0.9605658709106984,1650
1776,0.9855198829134618,1650
4240,0.9534913353720693,1650
80934,0.9855198829134618,1650
40347,0.9855198829134618,1650
84002,0.9534913353720693,1650
104025,0.9729318734793188,1650
93995,0.9534913353720693,1650
16088,0.878755364806867,1650
54152,0.8263772954924875,1650
82157,0.9729318734793188,1650
4530,0.9855198829134618,1650
42643,0.9855198829134618,1650
22444,0.9855198829134618,1650
17298,0.9855198829134618,1650
60391,0.9855198829134618,1650
103099,0.9729318734793188,1650
104016,0.9605658709106984,1650
103434,0.9294968363965049,1650
95676,0.9855198829134618,1650
109542,0.9294968363965049,1650
70545,0.9729318734793188,1650
112798,0.9534913353720693,1650
109013,0.9855198829134618,1650
37811,0.9855198829134618,1650
41382,0.9855198829134618,1650
102491,0.9855198829134618,1650
23968,0.9328165374677002,1650
10440,0.9534913353720693,1650
92130,0.9855198829134618,1650
81665,0.9855198829134618,1650
60278,0.9855198829134618,1650
66425,0.8908624432603118,1650
24560,0.9855198829134618,1650
661,0.9729318734793188,1650
31536,0.9294968363965049,1650
107514,0.9855198829134618,1650
92874,0.7116402116402116,1650
54608,0.8908624432603118,1650
92212,0.9855198829134618,1650
2481,0.9855198829134618,1650
59960,0.9729318734793188,1650
92641,0.8403336748134055,1650
100575,0.8403336748134055,1650
108753,0.8403336748134055,1650
111976,0.9729318734793188,1650
95122,0.9855198829134618,1650
55712,0.9294968363965049,1650
2002,0.9421383647798742,1650
59290,0.9855198829134618,1650
25510,0.9855198829134618,1650
84884,0.9729318734793188,1650
12222,0.8908624432603118,1650
14129,0.9534913353720693,1650
10947,0.9855198829134618,1650
7163,0.9729318734793188,1650
80681,0.9729318734793188,1650
50678,0.9534913353720693,1650
57575,0.9534913353720693,1650
96091,0.9855198829134618,1650
27545,0.8908624432603118,1650
29102,0.9729318734793188,1650
21420,0.9534913353720693,1650
2841,0.9855198829134618,1650
103437,0.9855198829134618,1650
5314,0.9855198829134618,1650
108758,0.9855198829134618,1650
47769,0.9729318734793188,1650
53662,0.9534913353720693,1650
93409,0.9855198829134618,1650
90831,0.9605658709106984,1650
34433,0.9294968363965049,1650
84941,0.9729318734793188,1650
37080,0.9294968363965049,1650
63385,0.9855198829134618,1650
39223,0.9294968363965049,1650
105895,0.9855198829134618,1650
44755,0.468,1650
34431,0.9855198829134618,1650
32280,0.9855198829134618,1650
17785,0.9855198829134618,1650
74271,0.9729318734793188,1650
21606,0.7601626016260162,1650
24364,0.9534913353720693,1650
87237,0.9729318734793188,1650
17111,0.9534913353720693,1650
107288,0.9855198829134618,1650
47837,0.9855198829134618,1650
94653,0.9855198829134618,1650
51358,0.9855198829134618,1650
76504,0.8403336748134055,1650
80508,0.9855198829134618,1650
102038,0.9729318734793188,1650
39201,0.8908624432603118,1650
93921,0.9729318734793188,1650
87311,0.9729318734793188,1650
63669,0.9328165374677002,1650
6479,0.8908624432603118,1650
53589,0.9328165374677002,1650
100482,0.9855198829134618,1650
3207,0.9605658709106984,1650
66642,0.9855198829134618,1650
7577,0.9855198829134618,1650
35284,0.9855198829134618,1650
19282,0.9855198829134618,1650
47123,0.9855198829134618,1650
103977,0.9855198829134618,1650
103045,0.9855198829134618,1650
107491,0.9855198829134618,1650
68324,0.9294968363965049,1650
49507,0.9534913353720693,1650
103599,0.9328165374677002,1650
58083,0.9729318734793188,1650
15987,0.9534913353720693,1650
89813,0.9855198829134618,1650
94234,0.9855198829134618,1650
73803,0.9855198829134618,1650
80056,0.8403336748134055,1650
42357,0.9855198829134618,1650
50737,0.9534913353720693,1650
67209,0.8263772954924875,1650
100548,0.9294968363965049,1650
89307,0.8403336748134055,1650
250,0.9855198829134618,1650
48023,0.9294968363965049,1650
68868,0.8908624432603118,1650
75671,0.9729318734793188,1650
31010,0.9855198829134618,1650
102925,0.9855198829134618,1650
15156,0.9855198829134618,1650
57128,0.8403336748134055,1650
52064,0.9855198829134618,1650
16896,0.9855198829134618,1650
33126,0.9605658709106984,1650
98056,0.9421383647798742,1650
56686,0.8403336748134055,1650
71075,0.9328165374677002,1650
83406,0.9328165374677002,1650
105508,0.9855198829134618,1650
69394,0.8403336748134055,1650
84079,0.9605658709106984,1650
4517,0.9855198829134618,1650
64240,0.9534913353720693,1650
26356,0.9855198829134618,1650
109994,0.8908624432603118,1650
50758,0.9729318734793188,1650
11748,0.9534913353720693,1650
38007,0.9855198829134618,1650
23439,0.9605658709106984,1650
105121,0.9855198829134618,1650
70662,0.9729318734793188,1650
45294,0.9605658709106984,1650
63391,0.9605658709106984,1650
58677,0.9855198829134618,1650
113773,0.9605658709106984,1650
19087,0.8403336748134055,1650
5033,0.9855198829134618,1650
9006,0.8908624432603118,1650
64941,0.9729318734793188,1650
77930,0.9855198829134618,1650
35486,0.9729318734793188,1650
34806,0.9729318734793188,1650
47840,0.9855198829134618,1650
73057,0.9855198829134618,1650
39592,0.9729318734793188,1650
73121,0.9605658709106984,1650
56635,0.9729318734793188,1650
23053,0.8908624432603118,1650
90383,0.9294968363965049,1650
104464,0.9605658709106984,1650
96661,0.9534913353720693,1650
21778,0.9855198829134618,1650
49065,0.9855198829134618,1650
70167,0.9729318734793188,1650
1056,0.9534913353720693,1650
89522,0.9605658709106984,1650
25252,0.9729318734793188,1650
88623,0.9855198829134618,1650
5895,0.9855198829134618,1650
24972,0.8908624432603118,1650
70139,0.9855198829134618,1650
102954,0.9855198829134618,1650
50753,0.9294968363965049,1650
6677,0.9855198829134618,1650
14615,0.9855198829134618,1650
103249,0.9729318734793188,1650
3083,0.8908624432603118,1650
72080,0.9605658709106984,1650
17020,0.9855198829134618,1650
90105,0.9729318734793188,1650
60987,0.9729318734793188,1650
51232,0.8403336748134055,1650
91869,0.9855198829134618,1650
45880,0.8403336748134055,1650
28315,0.9855198829134618,1650
86363,0.9855198829134618,1650
104798,0.9855198829134618,1650
86658,0.9855198829134618,1650
104292,0.9328165374677002,1650
71469,0.9328165374677002,1650
71571,0.9855198829134618,1650
26070,0.9855198829134618,1650
73682,0.9855198829134618,1650
84207,0.9855198829134618,1650
80366,0.9855198829134618,1650
103358,0.9534913353720693,1650
98012,0.9855198829134618,1650
108600,0.9855198829134618,1650
71732,0.8403336748134055,1650
105991,0.9855198829134618,1650
23778,0.9855198829134618,1650
49379,0.8607594936708861,1650
25816,0.9855198829134618,1650
109513,0.9729318734793188,1650
81905,0.9729318734793188,1650
11139,0.9729318734793188,1650
60006,0.9605658709106984,1650
88891,0.9729318734793188,1650
90396,0.878755364806867,1650
85029,0.9855198829134618,1650
97361,0.9328165374677002,1650
9230,0.9729318734793188,1650
108642,0.9855198829134618,1650
57204,0.9855198829134618,1650
102867,0.9855198829134618,1650
77473,0.9605658709106984,1650
43917,0.8908624432603118,1650
98327,0.9729318734793188,1650
40595,0.9534913353720693,1650
58011,0.9729318734793188,1650
8676,0.9729318734793188,1650
57734,0.9534913353720693,1650
103735,0.8403336748134055,1650
62593,0.9855198829134618,1650
30514,0.9855198829134618,1650
67692,0.9605658709106984,1650
25797,0.9534913353720693,1650
78671,0.9855198829134618,1650
87829,0.8403336748134055,1650
112407,0.9729318734793188,1650
113198,0.8908624432603118,1650
10747,0.9328165374677002,1650
67250,0.9729318734793188,1650
110698,0.9855198829134618,1650
97901,0.9605658709106984,1650
82271,0.9729318734793188,1650
50442,0.9855198829134618,1650
38047,0.9855198829134618,1650
86571,0.9605658709106984,1650
5478,0.9855198829134618,1650
77270,0.9855198829134618,1650
1421,0.9855198829134618,1650
97610,0.9855198829134618,1650
31946,0.9855198829134618,1650
23113,0.9534913353720693,1650
51059,0.9294968363965049,1650
11158,0.9328165374677002,1650
16841,0.9729318734793188,1650
108878,0.9855198829134618,1650
11303,0.9605658709106984,1650
86568,0.9855198829134618,1650
107527,0.7601626016260162,1650
101122,0.9855198829134618,1650
105369,0.8908624432603118,1650
18384,0.9729318734793188,1650
68502,0.8908624432603118,1650
43353,0.9855198829134618,1650
45156,0.9855198829134618,1650
79493,0.9855198829134618,1650
51862,0.9855198829134618,1650
71889,0.9294968363965049,1650
26695,0.9605658709106984,1650
93366,0.9328165374677002,1650
111241,0.9855198829134618,1650
39492,0.9855198829134618,1650
103108,0.8908624432603118,1650
9649,0.9729318734793188,1650
13842,0.9605658709106984,1650
8660,0.9605658709106984,1650
58994,0.9855198829134618,1650
50808,0.9294968363965049,1650
100891,0.9534913353720693,1650
78982,0.9328165374677002,1650
76047,0.5986622073578596,1650
105251,0.5784313725490197,1650
49327,0.9605658709106984,1650
83125,0.9605658709106984,1650
112389,0.9855198829134618,1650
112460,0.8908624432603118,1650
17852,0.9729318734793188,1650
103518,0.9855198829134618,1650
84793,0.9855198829134618,1650
51288,0.9855198829134618,1650
6956,0.9328165374677002,1650
38485,0.9294968363965049,1650
31361,0.9534913353720693,1650
45201,0.9729318734793188,1650
36087,0.9534913353720693,1650
72285,0.9855198829134618,1650
105168,0.9729318734793188,1650
88936,0.8403336748134055,1650
27489,0.9855198829134618,1650
64572,0.9855198829134618,1650
50014,0.9605658709106984,1650
77626,0.9855198829134618,1650
26793,0.9605658709106984,1650
90837,0.8908624432603118,1650
98277,0.9855198829134618,1650
46451,0.9855198829134618,1650
113005,0.7140039447731755,1650
58729,0.9855198829134618,1650
65036,0.9294968363965049,1650
55540,0.9328165374677002,1650
37311,0.8403336748134055,1650
57934,0.8403336748134055,1650
47421,0.9605658709106984,1650
39001,0.9605658709106984,1650
15671,0.8908624432603118,1650
103310,0.9729318734793188,1650
72382,0.8263772954924875,1650
61728,0.9328165374677002,1650
23975,0.8607594936708861,1650
9240,0.9729318734793188,1650
27835,0.9855198829134618,1650
17950,0.7116402116402116,1650
113048,0.9855198829134618,1650
81419,0.9534913353720693,1650
80923,0.9855198829134618,1650
77326,0.9855198829134618,1650
18371,0.8908624432603118,1650
56153,0.8908624432603118,1650
104000,0.9855198829134618,1650
76438,0.7140039447731755,1650
10661,0.9855198829134618,1650
48735,0.9729318734793188,1650
112523,0.9855198829134618,1650
69171,0.9294968363965049,1650
102192,0.9855198829134618,1650
97130,0.8403336748134055,1650
84476,0.9855198829134618,1650
60980,0.9729318734793188,1650
88332,0.9855198829134618,1650
47797,0.8908624432603118,1650
58554,0.9729318734793188,1650
2757,0.9855198829134618,1650
18955,0.9855198829134618,1650
53266,0.9534913353720693,1650
66092,0.9534913353720693,1650
93183,0.9855198829134618,1650
49150,0.9855198829134618,1650
48672,0.9855198829134618,1650
85577,0.9729318734793188,1650
60220,0.9855198829134618,1650
79262,0.9855198829134618,1650
104294,0.9855198829134618,1650
65799,0.9605658709106984,1650
78989,0.9605658709106984,1650
31375,0.9294968363965049,1650
5030,0.8263772954924875,1650
103791,0.9855198829134618,1650
31910,0.8908624432603118,1650
18306,0.9729318734793188,1650
102086,0.8908624432603118,1650
3466,0.9605658709106984,1650
111828,0.9729318734793188,1650
43527,0.6086956521739131,1650
31611,0.9855198829134618,1650
7518,0.878755364806867,1650
45352,0.9729318734793188,1650
64450,0.9421383647798742,1650
44541,0.8908624432603118,1650
9056,0.9729318734793188,1650
84906,0.9729318734793188,1650
31309,0.8403336748134055,1650
25650,0.9855198829134618,1650
106208,0.8263772954924875,1650
45493,0.8908624432603118,1650
95911,0.9294968363965049,1650
47151,0.9855198829134618,1650
52033,0.9729318734793188,1650
65371,0.8403336748134055,1650
3180,0.9729318734793188,1650
64364,0.9855198829134618,1650
10871,0.9855198829134618,1650
51229,0.8403336748134055,1650
67877,0.9729318734793188,1650
66047,0.9729318734793188,1650
95998,0.9855198829134618,1650
5306,0.9729318734793188,1650
93123,0.9729318734793188,1650
101679,0.9855198829134618,1650
21118,0.9729318734793188,1650
66845,0.9534913353720693,1650
19156,0.9534913353720693,1650
71760,0.9855198829134618,1650
81762,0.9855198829134618,1650
77797,0.9534913353720693,1650
53423,0.9855198829134618,1650
42197,0.9328165374677002,1650
68814,0.878755364806867,1650
100054,0.9855198829134618,1650
95169,0.8908624432603118,1650
78735,0.9855198829134618,1650
55625,0.9534913353720693,1650
66179,0.9855198829134618,1650
35085,0.9294968363965049,1650
18449,0.9534913353720693,1650
4457,0.9534913353720693,1650
1278,0.9855198829134618,1650
68246,0.8607594936708861,1650
16402,0.9534913353720693,1650
57119,0.8403336748134055,1650
110396,0.9855198829134618,1650
8855,0.9729318734793188,1650
2056,0.8908624432603118,1650
2771,0.8403336748134055,1650
30880,0.9855198829134618,1650
71060,0.9605658709106984,1650
47909,0.9421383647798742,1650
108982,0.9855198829134618,1650
8395,0.9729318734793188,1650
73365,0.8263772954924875,1650
31588,0.9729318734793188,1650
4200,0.9605658709106984,1650
103465,0.9729318734793188,1650
28428,0.9855198829134618,1650
94434,0.9855198829134618,1650
21459,0.9855198829134618,1650
45164,0.9855198829134618,1650
45438,0.9605658709106984,1650
101931,0.9605658709106984,1650
62964,0.8403336748134055,1650
43882,0.9605658709106984,1650
27078,0.9855198829134618,1650
48755,0.9855198829134618,1650
33548,0.9855198829134618,1650
65181,0.8263772954924875,1650
43657,0.9855198829134618,1650
8050,0.9605658709106984,1650
92877,0.9534913353720693,1650
103107,0.9421383647798742,1650
37455,0.8403336748134055,1650
113100,0.8403336748134055,1650
2120,0.9534913353720693,1650
58521,0.8908624432603118,1650
63475,0.9605658709106984,1650
78118,0.9534913353720693,1650
34593,0.9855198829134618,1650
55314,0.9855198829134618,1650
20852,0.9855198829134618,1650
21206,0.9729318734793188,1650
21909,0.878755364806867,1650
11742,0.9605658709106984,1650
80669,0.8403336748134055,1650
27421,0.8908624432603118,1650
112391,0.9855198829134618,1650
113842,0.8403336748134055,1650
36619,0.9855198829134618,1650
99745,0.9855198829134618,1650
58790,0.9855198829134618,1650
78199,0.9294968363965049,1650
6232,0.9855198829134618,1650
98683,0.9855198829134618,1650
8787,0.9855198829134618,1650
98644,0.9855198829134618,1650
17983,0.8908624432603118,1650
103631,0.9855198829134618,1650
76146,0.9729318734793188,1650
17260,0.9855198829134618,1650
14950,0.9855198829134618,1650
1538,0.9534913353720693,1650
39443,0.9855198829134618,1650
83435,0.9534913353720693,1650
73424,0.9855198829134618,1650
72058,0.9294968363965049,1650
107965,0.8908624432603118,1650
50360,0.9855198829134618,1650
33326,0.9294968363965049,1650
88347,0.9855198829134618,1650
39907,0.8908624432603118,1650
113243,0.9534913353720693,1650
3506,0.9855198829134618,1650
33864,0.9534913353720693,1650
43239,0.8403336748134055,1650
85408,0.9855198829134618,1650
76747,0.9855198829134618,1650
85189,0.9605658709106984,1650
72656,0.9855198829134618,1650
82929,0.9855198829134618,1650
85368,0.9605658709106984,1650
18202,0.9729318734793188,1650
90240,0.9855198829134618,1650
61907,0.8908624432603118,1650
990,0.9855198829134618,1650
63448,0.9855198829134618,1650
62673,0.6086956521739131,1650
16914,0.9729318734793188,1650
76155,0.8403336748134055,1650
101043,0.9855198829134618,1650
61229,0.8403336748134055,1650
12643,0.8908624432603118,1650
108969,0.9855198829134618,1650
75093,0.9421383647798742,1650
87804,0.9855198829134618,1650
80880,0.9855198829134618,1650
68064,0.9534913353720693,1650
108230,0.9534913353720693,1650
76119,0.9729318734793188,1650
43729,0.9855198829134618,1650
96694,0.9534913353720693,1650
81506,0.9534913353720693,1650
112642,0.9729318734793188,1650
113542,0.9294968363965049,1650
88323,0.8263772954924875,1650
74580,0.9855198829134618,1650
11098,0.5986622073578596,1650
109086,0.878755364806867,1650
26040,0.9855198829134618,1650
90949,0.9855198829134618,1650
1531,0.9729318734793188,1650
89418,0.9534913353720693,1650
55501,0.9605658709106984,1650
103400,0.9855198829134618,1650
67610,0.9855198829134618,1650
52892,0.9855198829134618,1650
7773,0.7116402116402116,1650
73708,0.9855198829134618,1650
104162,0.9855198829134618,1650
33921,0.9855198829134618,1650
110455,0.9855198829134618,1650
24613,0.9855198829134618,1650
95021,0.9855198829134618,1650
64271,0.9855198829134618,1650
16585,0.9421383647798742,1650
38271,0.9729318734793188,1650
55760,0.9855198829134618,1650
46252,0.8403336748134055,1650
57471,0.5784313725490197,1650
78223,0.9855198829134618,1650
65219,0.9605658709106984,1650
38851,0.9605658709106984,1650
106133,0.9729318734793188,1650
14718,0.9605658709106984,1650
74544,0.9855198829134618,1650
87900,0.878755364806867,1650
103005,0.9534913353720693,1650
12392,0.9855198829134618,1650
50777,0.8908624432603118,1650
87062,0.9729318734793188,1650
25462,0.9294968363965049,1650
3609,0.9855198829134618,1650
66107,0.8403336748134055,1650
22970,0.9729318734793188,1650
99096,0.8403336748134055,1650
112634,0.9729318734793188,1650
87808,0.9729318734793188,1650
66625,0.9855198829134618,1650
49503,0.9729318734793188,1650
8883,0.6086956521739131,1650
56956,0.9534913353720693,1650
30024,0.9534913353720693,1650
41557,0.9605658709106984,1650
97347,0.9855198829134618,1650
73192,0.9855198829134618,1650
24350,0.9855198829134618,1650
78208,0.9855198829134618,1650
31571,0.9855198829134618,1650
50752,0.8908624432603118,1650
96828,0.9328165374677002,1650
97279,0.9294968363965049,1650
108561,0.9855198829134618,1650
21144,0.8403336748134055,1650
15401,0.9534913353720693,1650
17140,0.9729318734793188,1650
4423,0.9328165374677002,1650
89853,0.9855198829134618,1650
25587,0.9855198829134618,1650
63983,0.8908624432603118,1650
17484,0.9729318734793188,1650
8736,0.9605658709106984,1650
24586,0.9605658709106984,1650
51829,0.8403336748134055,1650
70867,0.8403336748134055,1650
50775,0.9605658709106984,1650
113459,0.9534913353720693,1650
105176,0.9855198829134618,1650
87521,0.9855198829134618,1650
92155,0.9855198829134618,1650
3725,0.9855198829134618,1650
109450,0.9294968363965049,1650
53271,0.8403336748134055,1650
66002,0.9534913353720693,1650
9524,0.9855198829134618,1650
9979,0.9729318734793188,1650
12011,0.9855198829134618,1650
105354,0.5784313725490197,1650
32752,0.9855198829134618,1650
92132,0.9855198829134618,1650
76881,0.9855198829134618,1650
58905,0.8403336748134055,1650
53594,0.8403336748134055,1650
8028,0.9605658709106984,1650
61109,0.9855198829134618,1650
110977,0.9605658709106984,1650
32876,0.9855198829134618,1650
14879,0.9729318734793188,1650
71349,0.9534913353720693,1650
71594,0.9855198829134618,1650
17999,0.9605658709106984,1650
101000,0.9855198829134618,1650
54663,0.8908624432603118,1650
53938,0.7601626016260162,1650
49289,0.9855198829134618,1650
91398,0.9855198829134618,1650
67960,0.9294968363965049,1650
76067,0.9855198829134618,1650
80759,0.9855198829134618,1650
34515,0.8908624432603118,1650
90675,0.8403336748134055,1650
8062,0.9855198829134618,1650
72820,0.7601626016260162,1650
38360,0.9855198829134618,1650
75744,0.9855198829134618,1650
17855,0.9729318734793188,1650
93564,0.9729318734793188,1650
32179,0.9534913353720693,1650
40286,0.9855198829134618,1650
33868,0.9605658709106984,1650
54085,0.9855198829134618,1650
104203,0.9855198829134618,1650
51912,0.8908624432603118,1650
86171,0.9534913353720693,1650
72874,0.9855198829134618,1650
106189,0.9534913353720693,1650
56007,0.9855198829134618,1650
15838,0.9729318734793188,1650
67138,0.9729318734793188,1650
85407,0.8403336748134055,1650
80678,0.9729318734793188,1650
35377,0.9855198829134618,1650
76133,0.9605658709106984,1650
444,0.9729318734793188,1650
61569,0.9729318734793188,1650
98400,0.9855198829134618,1650
60402,0.9534913353720693,1650
41292,0.9855198829134618,1650
43464,0.9729318734793188,1650
23574,0.9855198829134618,1650
68912,0.8403336748134055,1650
13088,0.9855198829134618,1650
46888,0.9855198829134618,1650
87534,0.6086956521739131,1650
21850,0.9729318734793188,1650
12135,0.9729318734793188,1650
34914,0.9605658709106984,1650
94351,0.9729318734793188,1650
47589,0.9855198829134618,1650
46951,0.8908624432603118,1650
90983,0.9729318734793188,1650
102880,0.9605658709106984,1650
108208,0.878755364806867,1650
20827,0.9855198829134618,1650
21450,0.9729318734793188,1650
34418,0.9855198829134618,1650
37383,0.5784313725490197,1650
77579,0.8908624432603118,1650
89279,0.8403336748134055,1650
45774,0.9855198829134618,1650
97174,0.7601626016260162,1650
23774,0.9855198829134618,1650
109831,0.9855198829134618,1650
11400,0.9855198829134618,1650
24157,0.8403336748134055,1650
82038,0.468,1650
72299,0.6086956521739131,1650
20644,0.9534913353720693,1650
64842,0.9855198829134618,1650
22331,0.8403336748134055,1650
10339,0.9729318734793188,1650
59502,0.9328165374677002,1650
75824,0.9855198829134618,1650
57029,0.9855198829134618,1650
52161,0.9729318734793188,1650
83019,0.9294968363965049,1650
86864,0.9855198829134618,1650
81999,0.9855198829134618,1650
2809,0.9855198829134618,1650
46286,0.9605658709106984,1650
15850,0.9855198829134618,1650
89537,0.9605658709106984,1650
108219,0.8403336748134055,1650
56274,0.9855198829134618,1650
68138,0.9855198829134618,1650
38726,0.9534913353720693,1650
65314,0.9294968363965049,1650
47728,0.9294968363965049,1650
7251,0.9855198829134618,1650
61587,0.8403336748134055,1650
85714,0.8403336748134055,1650
28927,0.9855198829134618,1650
111446,0.9605658709106984,1650
23613,0.9855198829134618,1650
7159,0.9605658709106984,1650
58433,0.8908624432603118,1650
50116,0.9855198829134618,1650
30144,0.9855198829134618,1650
86197,0.9534913353720693,1650
113885,0.9855198829134618,1650
71530,0.9855198829134618,1650
111852,0.8908624432603118,1650
16236,0.9855198829134618,1650
103793,0.9855198829134618,1650
23869,0.9855198829134618,1650
109348,0.9605658709106984,1650
17641,0.9534913353720693,1650
53338,0.8461538461538461,1650
14830,0.9294968363965049,1650
21484,0.9855198829134618,1650
100465,0.9855198829134618,1650
95001,0.8908624432603118,1650
94562,0.9729318734793188,1650
3586,0.9534913353720693,1650
53237,0.8908624432603118,1650
37791,0.8263772954924875,1650
55474,0.8607594936708861,1650
7745,0.9855198829134618,1650
42782,0.9534913353720693,1650
9885,0.9534913353720693,1650
94034,0.9855198829134618,1650
93268,0.8263772954924875,1650
65119,0.9605658709106984,1650
47093,0.9855198829134618,1650
54255,0.8403336748134055,1650
24750,0.9855198829134618,1650
89134,0.7140039447731755,1650
96796,0.9855198829134618,1650
110454,0.9328165374677002,1650
34535,0.8403336748134055,1650
42813,0.9729318734793188,1650
97010,0.9294968363965049,1650
112814,0.9855198829134618,1650
15936,0.9729318734793188,1650
59738,0.9328165374677002,1650
63252,0.9855198829134618,1650
36690,0.9605658709106984,1650
44622,0.8263772954924875,1650
11136,0.9605658709106984,1650
99786,0.8607594936708861,1650
45702,0.9729318734793188,1650
43234,0.9534913353720693,1650
23250,0.8263772954924875,1650
104865,0.8403336748134055,1650
35996,0.9855198829134618,1650
46597,0.9729318734793188,1650
41128,0.9855198829134618,1650
30081,0.9855198829134618,1650
76547,0.9855198829134618,1650
8258,0.9534913353720693,1650
40199,0.8908624432603118,1650
71326,0.9605658709106984,1650
5189,0.9421383647798742,1650
58481,0.9855198829134618,1650
3743,0.8908624432603118,1650
110860,0.9534913353720693,1650
46829,0.8403336748134055,1650
56453,0.9855198829134618,1650
24841,0.9855198829134618,1650
66101,0.9855198829134618,1650
92102,0.9855198829134618,1650
10057,0.9855198829134618,1650
109249,0.8263772954924875,1650
18188,0.9729318734793188,1650
48282,0.8607594936708861,1650
36326,0.9855198829134618,1650
106830,0.9855198829134618,1650
21045,0.9855198829134618,1650
67943,0.9328165374677002,1650
1123,0.9328165374677002,1650
45936,0.8263772954924875,1650
8872,0.9534913353720693,1650
13456,0.9855198829134618,1650
103973,0.9294968363965049,1650
34036,0.9729318734793188,1650
31294,0.8403336748134055,1650
101440,0.9605658709106984,1650
42050,0.9855198829134618,1650
1840,0.9534913353720693,1650
6937,0.9294968363965049,1650
41840,0.878755364806867,1650
10179,0.9855198829134618,1650
90467,0.9855198829134618,1650
81623,0.7140039447731755,1650
14726,0.9855198829134618,1650
19985,0.7601626016260162,1650
4050,0.8403336748134055,1650
20116,0.9855198829134618,1650
95233,0.8607594936708861,1650
11156,0.9605658709106984,1650
100699,0.9855198829134618,1650
97542,0.9605658709106984,1650
74946,0.9855198829134618,1650
45080,0.9328165374677002,1650
76002,0.9729318734793188,1650
34150,0.8403336748134055,1650
24978,0.8403336748134055,1650
45333,0.9534913353720693,1650
35801,0.9855198829134618,1650
48849,0.9855198829134618,1650
113326,0.9534913353720693,1650
91338,0.9855198829134618,1650
94757,0.5373831775700935,1650
45031,0.9855198829134618,1650
86770,0.9855198829134618,1650
30507,0.8403336748134055,1650
35066,0.9534913353720693,1650
105622,0.9534913353720693,1650
80077,0.9855198829134618,1650
111279,0.9328165374677002,1650
68873,0.9855198829134618,1650
8145,0.9855198829134618,1650
79171,0.9855198829134618,1650
67813,0.9328165374677002,1650
107481,0.9855198829134618,1650
5217,0.8403336748134055,1650
62228,0.9328165374677002,1650
43525,0.9328165374677002,1650
96381,0.9729318734793188,1650
81164,0.9729318734793188,1650
107176,0.9855198829134618,1650
35509,0.9729318734793188,1650
108277,0.9855198829134618,1650
99404,0.9855198829134618,1650
70382,0.8403336748134055,1650
52850,0.9534913353720693,1650
89896,0.9729318734793188,1650
63393,0.9605658709106984,1650
79766,0.9855198829134618,1650
103303,0.9328165374677002,1650
12620,0.9855198829134618,1650
64949,0.8908624432603118,1650
72121,0.9605658709106984,1650
24281,0.9855198829134618,1650
33978,0.9855198829134618,1650
7592,0.9855198829134618,1650
61011,0.9855198829134618,1650
26719,0.9855198829134618,1650
52812,0.9729318734793188,1650
83593,0.9855198829134618,1650
38409,0.9855198829134618,1650
65140,0.9534913353720693,1650
58510,0.9855198829134618,1650
111855,0.8908624432603118,1650
6033,0.9605658709106984,1650
27724,0.8908624432603118,1650
62479,0.9729318734793188,1650
7530,0.3236994219653179,1650
67912,0.9729318734793188,1650
47076,0.8403336748134055,1650
94455,0.9855198829134618,1650
53562,0.9294968363965049,1650
88686,0.8403336748134055,1650
84228,0.9855198829134618,1650
66336,0.9855198829134618,1650
88929,0.9729318734793188,1650
79593,0.9605658709106984,1650
77283,0.9855198829134618,1650
27785,0.9534913353720693,1650
110462,0.8403336748134055,1650
62930,0.8403336748134055,1650
88255,0.9855198829134618,1650
37183,0.9605658709106984,1650
55483,0.8403336748134055,1650
700,0.9855198829134618,1650
11541,0.9605658709106984,1650
62488,0.8403336748134055,1650
49809,0.8263772954924875,1650
59846,0.9855198829134618,1650
27702,0.8263772954924875,1650
112404,0.9855198829134618,1650
38418,0.8403336748134055,1650
89478,0.9729318734793188,1650
9235,0.8908624432603118,1650
37881,0.8908624432603118,1650
15553,0.7140039447731755,1650
10748,0.9855198829134618,1650
53598,0.9855198829134618,1650
50869,0.9855198829134618,1650
90654,0.9605658709106984,1650
63026,0.9729318734793188,1650
93108,0.9729318734793188,1650
4984,0.9855198829134618,1650
103832,0.9855198829134618,1650
91101,0.8403336748134055,1650
62210,0.878755364806867,1650
47194,0.9855198829134618,1650
89432,0.9855198829134618,1650
93543,0.9855198829134618,1650
25616,0.9855198829134618,1650
114001,0.7116402116402116,1650
95495,0.8908624432603118,1650
27116,0.9855198829134618,1650
8250,0.9605658709106984,1650
77646,0.9729318734793188,1650
42728,0.8403336748134055,1650
82451,0.9855198829134618,1650
102235,0.9855198829134618,1650
93397,0.8403336748134055,1650
29406,0.8403336748134055,1650
6256,0.9855198829134618,1650
48829,0.9855198829134618,1650
20797,0.9855198829134618,1650
47144,0.878755364806867,1650
33429,0.9605658709106984,1650
35831,0.8403336748134055,1650
23076,0.9534913353720693,1650
3923,0.9855198829134618,1650
37161,0.9855198829134618,1650
55230,0.9605658709106984,1650
34040,0.9855198829134618,1650
79755,0.9421383647798742,1650
37931,0.8908624432603118,1650
76237,0.9855198829134618,1650
4325,0.8908624432603118,1650
16280,0.9855198829134618,1650
61183,0.9294968363965049,1650
63488,0.9534913353720693,1650
109566,0.9534913353720693,1650
109409,0.9534913353720693,1650
34179,0.9855198829134618,1650
62286,0.9855198829134618,1650
8242,0.8403336748134055,1650
103929,0.9534913353720693,1650
49913,0.9855198829134618,1650
92773,0.9855198829134618,1650
31116,0.9855198829134618,1650
84921,0.6086956521739131,1650
88625,0.8607594936708861,1650
86006,0.9605658709106984,1650
106505,0.8607594936708861,1650
79628,0.9855198829134618,1650
71274,0.9855198829134618,1650
76199,0.9855198829134618,1650
7041,0.8403336748134055,1650
32388,0.9729318734793188,1650
34483,0.9855198829134618,1650
95889,0.9855198829134618,1650
104039,0.9294968363965049,1650
69657,0.9855198829134618,1650
75767,0.8403336748134055,1650
17652,0.9855198829134618,1650
9318,0.9855198829134618,1650
59024,0.8908624432603118,1650
30491,0.9729318734793188,1650
48930,0.9534913353720693,1650
22515,0.9855198829134618,1650
97724,0.9855198829134618,1650
90228,0.9855198829134618,1650
57986,0.8403336748134055,1650
36836,0.9534913353720693,1650
100619,0.9855198829134618,1650
58376,0.9605658709106984,1650
41870,0.9729318734793188,1650
46115,0.878755364806867,1650
75137,0.9534913353720693,1650
26090,0.8908624432603118,1650
111543,0.9729318734793188,1650
34115,0.9855198829134618,1650
104397,0.9855198829134618,1650
17242,0.9328165374677002,1650
20325,0.9534913353720693,1650
7862,0.9855198829134618,1650
43115,0.9855198829134618,1650
64143,0.9294968363965049,1650
57779,0.9729318734793188,1650
7788,0.9294968363965049,1650
3696,0.9855198829134618,1650
25280,0.9534913353720693,1650
86677,0.8403336748134055,1650
7859,0.7140039447731755,1650
10915,0.9855198829134618,1650
13099,0.9855198829134618,1650
12922,0.8403336748134055,1650
27301,0.9605658709106984,1650
64513,0.9855198829134618,1650
112005,0.9729318734793188,1650
55805,0.6086956521739131,1650
30280,0.9534913353720693,1650
84743,0.9855198829134618,1650
19738,0.9855198829134618,1650
25787,0.8263772954924875,1650
108656,0.9534913353720693,1650
7675,0.9729318734793188,1650
27576,0.9328165374677002,1650
32336,0.8263772954924875,1650
47299,0.8403336748134055,1650
54181,0.878755364806867,1650
21945,0.9605658709106984,1650
35426,0.9855198829134618,1650
67797,0.9855198829134618,1650
47062,0.9729318734793188,1650
69236,0.9328165374677002,1650
79830,0.9729318734793188,1650
13915,0.9855198829134618,1650
61427,0.8403336748134055,1650
38593,0.9605658709106984,1650
103202,0.9729318734793188,1650
12920,0.9729318734793188,1650
9368,0.9729318734793188,1650
64551,0.9855198829134618,1650
24297,0.8403336748134055,1650
28343,0.9855198829134618,1650
59400,0.9855198829134618,1650
100222,0.9729318734793188,1650
113780,0.9729318734793188,1650
92374,0.9855198829134618,1650
1161,0.9855198829134618,1650
47397,0.9729318734793188,1650
106023,0.9855198829134618,1650
32718,0.9605658709106984,1650
80843,0.9534913353720693,1650
95823,0.9855198829134618,1650
31855,0.9855198829134618,1650
31484,0.9605658709106984,1650
4131,0.9534913353720693,1650
38299,0.9855198829134618,1650
48240,0.9855198829134618,1650
28308,0.9855198829134618,1650
73481,0.9855198829134618,1650
100100,0.8263772954924875,1650
75290,0.468,1650
25859,0.9729318734793188,1650
71775,0.9855198829134618,1650
64738,0.9294968363965049,1650
18362,0.9855198829134618,1650
52063,0.9534913353720693,1650
6935,0.9855198829134618,1650
56306,0.9534913353720693,1650
90827,0.9534913353720693,1650
20433,0.9855198829134618,1650
1021,0.9855198829134618,1650
75285,0.9855198829134618,1650
39928,0.9855198829134618,1650
54365,0.9855198829134618,1650
2579,0.9855198829134618,1650
41062,0.9605658709106984,1650
18538,0.8403336748134055,1650
56408,0.9855198829134618,1650
33865,0.9294968363965049,1650
43261,0.9605658709106984,1650
1750,0.9855198829134618,1650
11527,0.9855198829134618,1650
28782,0.878755364806867,1650
18393,0.9605658709106984,1650
82996,0.9534913353720693,1650
24753,0.9855198829134618,1650
7161,0.9729318734793188,1650
109997,0.9729318734793188,1650
65241,0.8908624432603118,1650
19164,0.9855198829134618,1650
63935,0.8908624432603118,1650
95704,0.9328165374677002,1650
100701,0.9855198829134618,1650
2371,0.9855198829134618,1650
22923,0.9855198829134618,1650
108917,0.9855198829134618,1650
41487,0.9534913353720693,1650
68341,0.9729318734793188,1650
107216,0.9534913353720693,1650
17455,0.9855198829134618,1650
60973,0.9605658709106984,1650
91661,0.9729318734793188,1650
18830,0.9855198829134618,1650
18183,0.8403336748134055,1650
88149,0.9534913353720693,1650
35742,0.9729318734793188,1650
98126,0.9855198829134618,1650
26868,0.9294968363965049,1650
54681,0.9855198829134618,1650
2547,0.9605658709106984,1650
88937,0.9855198829134618,1650
109826,0.9855198829134618,1650
930,0.9294968363965049,1650
30918,0.9855198829134618,1650
13346,0.8908624432603118,1650
7221,0.6086956521739131,1650
112676,0.9605658709106984,1650
66584,0.9855198829134618,1650
46877,0.9294968363965049,1650
39320,0.9855198829134618,1650
82028,0.8607594936708861,1650
106884,0.9534913353720693,1650
60951,0.9605658709106984,1650
43600,0.9855198829134618,1650
23743,0.9855198829134618,1650
90544,0.9605658709106984,1650
71054,0.9855198829134618,1650
55940,0.9534913353720693,1650
29444,0.9421383647798742,1650
35985,0.9605658709106984,1650
69668,0.9729318734793188,1650
84267,0.9855198829134618,1650
65683,0.9729318734793188,1650
9139,0.9729318734793188,1650
36877,0.9855198829134618,1650
48817,0.9855198829134618,1650
50438,0.9729318734793188,1650
19624,0.9855198829134618,1650
112576,0.9855198829134618,1650
67648,0.7140039447731755,1650
3523,0.8403336748134055,1650
59516,0.9328165374677002,1650
68625,0.9605658709106984,1650
62744,0.9534913353720693,1650
34874,0.9729318734793188,1650
81713,0.9855198829134618,1650
57175,0.9855198829134618,1650
81949,0.9855198829134618,1650
88922,0.9729318734793188,1650
93591,0.9729318734793188,1650
73219,0.9855198829134618,1650
45123,0.8607594936708861,1650
104208,0.9855198829134618,1650
69140,0.9855198829134618,1650
8775,0.9855198829134618,1650
101501,0.9294968363965049,1650
86218,0.8908624432603118,1650
58807,0.9605658709106984,1650
97036,0.9855198829134618,1650
18265,0.9534913353720693,1650
11165,0.9855198829134618,1650
81956,0.8403336748134055,1650
90179,0.9855198829134618,1650
15861,0.9855198829134618,1650
4376,0.9855198829134618,1650
76674,0.8403336748134055,1650
75018,0.9729318734793188,1650
57022,0.9729318734793188,1650
85648,0.8403336748134055,1650
54456,0.9855198829134618,1650
59768,0.5784313725490197,1650
64505,0.9855198829134618,1650
7311,0.8263772954924875,1650
41140,0.9421383647798742,1650
24300,0.9855198829134618,1650
73546,0.9534913353720693,1650
102302,0.9855198829134618,1650
12913,0.9855198829134618,1650
62712,0.9534913353720693,1650
51167,0.9855198829134618,1650
35468,0.9855198829134618,1650
80635,0.9855198829134618,1650
12114,0.8908624432603118,1650
104056,0.9855198829134618,1650
29975,0.9855198829134618,1650
85308,0.9855198829134618,1650
30608,0.9855198829134618,1650
104833,0.9855198829134618,1650
8370,0.9729318734793188,1650
4038,0.9855198829134618,1650
68445,0.8908624432603118,1650
27964,0.9855198829134618,1650
112163,0.9729318734793188,1650
7411,0.9855198829134618,1650
55283,0.9605658709106984,1650
42561,0.9534913353720693,1650
19501,0.9855198829134618,1650
106193,0.9729318734793188,1650
112519,0.878755364806867,1650
67201,0.9855198829134618,1650
28712,0.9855198829134618,1650
12722,0.9328165374677002,1650
92784,0.9855198829134618,1650
31425,0.9855198829134618,1650
109873,0.9534913353720693,1650
39622,0.9534913353720693,1650
64282,0.9855198829134618,1650
75425,0.9855198829134618,1650
86468,0.9534913353720693,1650
78436,0.9729318734793188,1650
107978,0.9294968363965049,1650
94193,0.9855198829134618,1650
77469,0.8908624432603118,1650
46941,0.9605658709106984,1650
51628,0.9855198829134618,1650
99947,0.9729318734793188,1650
86529,0.9534913353720693,1650
92955,0.8908624432603118,1650
90050,0.9294968363965049,1650
110807,0.8908624432603118,1650
62033,0.8403336748134055,1650
87993,0.9855198829134618,1650
10209,0.9421383647798742,1650
54551,0.9855198829134618,1650
40720,0.8403336748134055,1650
53800,0.9855198829134618,1650
14891,0.9855198829134618,1650
69907,0.9328165374677002,1650
56036,0.878755364806867,1650
86358,0.9729318734793188,1650
94910,0.9534913353720693,1650
112640,0.8908624432603118,1650
44414,0.9294968363965049,1650
81655,0.9855198829134618,1650
85885,0.9729318734793188,1650
11616,0.9605658709106984,1650
88639,0.9855198829134618,1650
68971,0.9855198829134618,1650
94425,0.9855198829134618,1650
97958,0.8263772954924875,1650
75923,0.9328165374677002,1650
18801,0.9534913353720693,1650
79637,0.9855198829134618,1650
58237,0.8403336748134055,1650
75341,0.9855198829134618,1650
91548,0.9855198829134618,1650
33489,0.9605658709106984,1650
4152,0.9534913353720693,1650
99040,0.9855198829134618,1650
50728,0.9855198829134618,1650
90197,0.9855198829134618,1650
6880,0.9855198829134618,1650
69192,0.9855198829134618,1650
54812,0.9328165374677002,1650
45431,0.9855198829134618,1650
27268,0.9328165374677002,1650
26929,0.9534913353720693,1650
52244,0.8908624432603118,1650
68164,0.8403336748134055,1650
89289,0.9855198829134618,1650
93369,0.9328165374677002,1650
23490,0.8908624432603118,1650
100250,0.9328165374677002,1650
32374,0.9534913353720693,1650
18872,0.9729318734793188,1650
70885,0.8908624432603118,1650
20239,0.9855198829134618,1650
39073,0.9855198829134618,1650
57178,0.9855198829134618,1650
106254,0.9534913353720693,1650
52402,0.9729318734793188,1650
86059,0.9855198829134618,1650
566,0.9534913353720693,1650
66259,0.9534913353720693,1650
994,0.9855198829134618,1650
22034,0.8403336748134055,1650
111615,0.9855198829134618,1650
66486,0.9729318734793188,1650
819,0.9729318734793188,1650
60387,0.9855198829134618,1650
107473,0.9534913353720693,1650
109178,0.9855198829134618,1650
15923,0.8403336748134055,1650
10684,0.9855198829134618,1650
23761,0.8403336748134055,1650
93375,0.9855198829134618,1650
8228,0.9855198829134618,1650
94185,0.9605658709106984,1650
109095,0.9855198829134618,1650
89277,0.9855198829134618,1650
8438,0.9855198829134618,1650
67294,0.8403336748134055,1650
58739,0.8908624432603118,1650
85563,0.9729318734793188,1650
95112,0.9729318734793188,1650
63824,0.9534913353720693,1650
2075,0.9855198829134618,1650
22123,0.9855198829134618,1650
44036,0.9328165374677002,1650
52521,0.8908624432603118,1650
98780,0.9855198829134618,1650
48594,0.9328165374677002,1650
40299,0.9729318734793188,1650
60080,0.9729318734793188,1650
6370,0.9855198829134618,1650
71254,0.9855198829134618,1650
94569,0.08333333333333333,1650
44442,0.9729318734793188,1650
40976,0.8908624432603118,1650
23355,0.9855198829134618,1650
32269,0.9729318734793188,1650
29467,0.9605658709106984,1650
110203,0.8403336748134055,1650
50780,0.9328165374677002,1650
90540,0.8403336748134055,1650
87281,0.8403336748134055,1650
11178,0.9729318734793188,1650
58205,0.9855198829134618,1650
18763,0.9729318734793188,1650
22493,0.9605658709106984,1650
1104,0.9534913353720693,1650
84765,0.9855198829134618,1650
101659,0.9729318734793188,1650
14523,0.8403336748134055,1650
37615,0.9294968363965049,1650
38059,0.9855198829134618,1650
52754,0.9855198829134618,1650
69178,0.9855198829134618,1650
12832,0.9855198829134618,1650
93584,0.8908624432603118,1650
22345,0.9855198829134618,1650
90741,0.9855198829134618,1650
34669,0.8908624432603118,1650
51827,0.9294968363965049,1650
109667,0.9729318734793188,1650
5388,0.9328165374677002,1650
79523,0.9421383647798742,1650
8808,0.9855198829134618,1650
55279,0.9855198829134618,1650
83152,0.9328165374677002,1650
62857,0.9855198829134618,1650
103745,0.9855198829134618,1650
100347,0.9855198829134618,1650
85486,0.9729318734793188,1650
59931,0.9855198829134618,1650
40193,0.878755364806867,1650
56718,0.8908624432603118,1650
43174,0.9729318734793188,1650
34865,0.9855198829134618,1650
16649,0.9855198829134618,1650
75461,0.9605658709106984,1650
16621,0.9855198829134618,1650
111529,0.9855198829134618,1650
74671,0.9294968363965049,1650
24836,0.9605658709106984,1650
87397,0.9534913353720693,1650
4624,0.9534913353720693,1650
94231,0.8403336748134055,1650
24956,0.9855198829134618,1650
2616,0.9605658709106984,1650
78071,0.9855198829134618,1650
84,0.9855198829134618,1650
101781,0.8403336748134055,1650
29557,0.9729318734793188,1650
63213,0.9855198829134618,1650
22072,0.9855198829134618,1650
35145,0.9855198829134618,1650
101707,0.9605658709106984,1650
72219,0.9534913353720693,1650
24046,0.9855198829134618,1650
63612,0.9855198829134618,1650
34424,0.8403336748134055,1650
73781,0.8403336748134055,1650
97145,0.9421383647798742,1650
42770,0.9294968363965049,1650
46471,0.9729318734793188,1650
4066,0.9855198829134618,1650
101191,0.9855198829134618,1650
42840,0.9855198829134618,1650
27372,0.9605658709106984,1650
83688,0.8461538461538461,1650
73815,0.9855198829134618,1650
8046,0.9855198829134618,1650
113770,0.9855198829134618,1650
103225,0.9855198829134618,1650
95608,0.9729318734793188,1650
63927,0.9534913353720693,1650
49813,0.9729318734793188,1650
77746,0.9534913353720693,1650
41385,0.8908624432603118,1650
11574,0.9855198829134618,1650
63195,0.8908624432603118,1650
41773,0.9605658709106984,1650
60944,0.9605658709106984,1650
43661,0.9855198829134618,1650
9509,0.9328165374677002,1650
63040,0.9855198829134618,1650
5626,0.9855198829134618,1650
21765,0.7601626016260162,1650
66472,0.9855198829134618,1650
46463,0.9605658709106984,1650
78665,0.9855198829134618,1650
6908,0.9855198829134618,1650
87564,0.9855198829134618,1650
56576,0.9855198829134618,1650
112580,0.9855198829134618,1650
76872,0.9855198829134618,1650
14715,0.9605658709106984,1650
73268,0.9605658709106984,1650
96707,0.9855198829134618,1650
59259,0.9855198829134618,1650
7440,0.9294968363965049,1650
99968,0.9855198829134618,1650
12912,0.9855198829134618,1650
56094,0.9855198829134618,1650
16580,0.9855198829134618,1650
67691,0.9855198829134618,1650
31356,0.9855198829134618,1650
60497,0.9855198829134618,1650
56873,0.9855198829134618,1650
108237,0.9605658709106984,1650
37874,0.9729318734793188,1650
72198,0.9855198829134618,1650
25986,0.8403336748134055,1650
75933,0.9729318734793188,1650
69452,0.8908624432603118,1650
83745,0.9855198829134618,1650
11895,0.9855198829134618,1650
66593,0.8908624432603118,1650
71093,0.9534913353720693,1650
9670,0.9729318734793188,1650
88128,0.9855198829134618,1650
43664,0.9855198829134618,1650
14747,0.8908624432603118,1650
108192,0.9534913353720693,1650
6185,0.9855198829134618,1650
24151,0.9855198829134618,1650
18592,0.9605658709106984,1650
92186,0.9855198829134618,1650
60819,0.9605658709106984,1650
5477,0.9294968363965049,1650
33679,0.9729318734793188,1650
45139,0.9534913353720693,1650
71363,0.9855198829134618,1650
16253,0.9534913353720693,1650
34270,0.9855198829134618,1650
112004,0.8403336748134055,1650
43426,0.8403336748134055,1650
51759,0.9328165374677002,1650
15564,0.9855198829134618,1650
87951,0.9855198829134618,1650
82016,0.9294968363965049,1650
83218,0.9855198829134618,1650
98015,0.9729318734793188,1650
388,0.8403336748134055,1650
36357,0.9729318734793188,1650
98659,0.9605658709106984,1650
47178,0.8908624432603118,1650
75052,0.9534913353720693,1650
42555,0.9605658709106984,1650
19605,0.9294968363965049,1650
8939,0.8908624432603118,1650
46882,0.9855198829134618,1650
36687,0.8403336748134055,1650
28404,0.9855198829134618,1650
60230,0.878755364806867,1650
67304,0.9855198829134618,1650
52886,0.8908624432603118,1650
28512,0.9605658709106984,1650
100140,0.878755364806867,1650
36023,0.9855198829134618,1650
46317,0.8908624432603118,1650
33488,0.9534913353720693,1650
21648,0.9729318734793188,1650
89944,0.9855198829134618,1650
19591,0.9855198829134618,1650
83843,0.9855198829134618,1650
112517,0.9605658709106984,1650
105556,0.9855198829134618,1650
5718,0.9855198829134618,1650
30399,0.9855198829134618,1650
74605,0.9605658709106984,1650
71931,0.8403336748134055,1650
51757,0.8403336748134055,1650
35822,0.9855198829134618,1650
83699,0.9855198829134618,1650
100663,0.9855198829134618,1650
104156,0.9855198829134618,1650
75167,0.9328165374677002,1650
92625,0.9421383647798742,1650
80063,0.9729318734793188,1650
33082,0.8908624432603118,1650
56557,0.9855198829134618,1650
53439,0.9855198829134618,1650
81513,0.9729318734793188,1650
81971,0.9729318734793188,1650
59536,0.9855198829134618,1650
28451,0.9855198829134618,1650
48705,0.9855198829134618,1650
20221,0.9534913353720693,1650
69210,0.8607594936708861,1650
57949,0.9328165374677002,1650
105362,0.9294968363965049,1650
9554,0.9855198829134618,1650
69442,0.8403336748134055,1650
94417,0.9328165374677002,1650
83457,0.9855198829134618,1650
69641,0.9729318734793188,1650
41381,0.9534913353720693,1650
61471,0.9855198829134618,1650
97713,0.9855198829134618,1650
87563,0.878755364806867,1650
9504,0.8403336748134055,1650
61352,0.7601626016260162,1650
59562,0.8908624432603118,1650
95324,0.9605658709106984,1650
36887,0.9729318734793188,1650
89434,0.9855198829134618,1650
39819,0.9855198829134618,1650
1591,0.9855198829134618,1650
74263,0.8403336748134055,1650
75868,0.9534913353720693,1650
110485,0.8403336748134055,1650
9817,0.8908624432603118,1650
70413,0.9605658709106984,1650
29993,0.9855198829134618,1650
6651,0.9294968363965049,1650
95460,0.9534913353720693,1650
96537,0.9855198829134618,1650
43875,0.9855198829134618,1650
38447,0.9855198829134618,1650
106845,0.9534913353720693,1650
11326,0.9605658709106984,1650
54952,0.9855198829134618,1650
73733,0.9855198829134618,1650
53896,0.9855198829134618,1650
103910,0.9855198829134618,1650
42347,0.9855198829134618,1650
9344,0.8607594936708861,1650
866,0.9729318734793188,1650
64606,0.9855198829134618,1650
7050,0.7601626016260162,1650
107549,0.9855198829134618,1650
33307,0.9855198829134618,1650
95600,0.8908624432603118,1650
103142,0.9605658709106984,1650
63754,0.9421383647798742,1650
54566,0.9855198829134618,1650
16503,0.9605658709106984,1650
63445,0.9729318734793188,1650
104480,0.9855198829134618,1650
25203,0.8403336748134055,1650
33404,0.9605658709106984,1650
106663,0.9855198829134618,1650
110474,0.8403336748134055,1650
52259,0.9855198829134618,1650
51788,0.8403336748134055,1650
43570,0.9729318734793188,1650
39993,0.9605658709106984,1650
34054,0.9855198829134618,1650
38734,0.9294968363965049,1650
101347,0.9605658709106984,1650
90519,0.9294968363965049,1650
29190,0.9729318734793188,1650
69317,0.8908624432603118,1650
55635,0.5986622073578596,1650
20650,0.8908624432603118,1650
96539,0.8908624432603118,1650
74516,0.9855198829134618,1650
89587,0.9855198829134618,1650
75161,0.9534913353720693,1650
112769,0.9729318734793188,1650
101173,0.9605658709106984,1650
64424,0.9729318734793188,1650
23372,0.9855198829134618,1650
95855,0.8403336748134055,1650
49214,0.9855198829134618,1650
5223,0.9855198829134618,1650
45721,0.9729318734793188,1650
81409,0.8607594936708861,1650
43303,0.9534913353720693,1650
21943,0.9294968363965049,1650
73517,0.8908624432603118,1650
69066,0.9855198829134618,1650
20042,0.9855198829134618,1650
101236,0.9855198829134618,1650
107967,0.9855198829134618,1650
68419,0.9855198829134618,1650
23612,0.9855198829134618,1650
106084,0.9729318734793188,1650
113784,0.9534913353720693,1650
66606,0.9534913353720693,1650
94543,0.8908624432603118,1650
66037,0.9855198829134618,1650
93711,0.9294968363965049,1650
75754,0.8263772954924875,1650
102156,0.9855198829134618,1650
9414,0.9855198829134618,1650
100656,0.9855198829134618,1650
60420,0.9855198829134618,1650
19550,0.9855198829134618,1650
5246,0.9855198829134618,1650
67507,0.8908624432603118,1650
16303,0.9855198829134618,1650
74533,0.9855198829134618,1650
36090,0.9534913353720693,1650
75221,0.9729318734793188,1650
85393,0.9855198829134618,1650
92138,0.9855198829134618,1650
98930,0.9534913353720693,1650
97727,0.9855198829134618,1650
14972,0.9729318734793188,1650
52248,0.8908624432603118,1650
46062,0.9855198829134618,1650
79465,0.9855198829134618,1650
104168,0.9855198829134618,1650
19014,0.8403336748134055,1650
45955,0.9328165374677002,1650
21720,0.9855198829134618,1650
12074,0.8908624432603118,1650
72364,0.9855198829134618,1650
23745,0.6086956521739131,1650
43188,0.8403336748134055,1650
106478,0.9855198829134618,1650
88354,0.9729318734793188,1650
42923,0.8403336748134055,1650
73906,0.9534913353720693,1650
14054,0.9605658709106984,1650
84637,0.9605658709106984,1650
92548,0.6086956521739131,1650
58898,0.9855198829134618,1650
54672,0.878755364806867,1650
56498,0.9855198829134618,1650
60961,0.9855198829134618,1650
39604,0.9328165374677002,1650
27597,0.9294968363965049,1650
16616,0.9855198829134618,1650
36813,0.9855198829134618,1650
102330,0.9855198829134618,1650
99336,0.9855198829134618,1650
86946,0.9729318734793188,1650
74578,0.9855198829134618,1650
55927,0.9855198829134618,1650
97903,0.9534913353720693,1650
17427,0.9855198829134618,1650
9133,0.9328165374677002,1650
51197,0.9729318734793188,1650
79697,0.9328165374677002,1650
64468,0.9855198829134618,1650
83443,0.9328165374677002,1650
56250,0.9855198829134618,1650
14051,0.8403336748134055,1650
64491,0.6086956521739131,1650
110265,0.9294968363965049,1650
65247,0.8403336748134055,1650
33858,0.9855198829134618,1650
16224,0.9294968363965049,1650
75306,0.8403336748134055,1650
97154,0.8403336748134055,1650
94519,0.9534913353720693,1650
92340,0.9855198829134618,1650
68054,0.9729318734793188,1650
49226,0.9534913353720693,1650
102632,0.9855198829134618,1650
65876,0.9534913353720693,1650
64284,0.9729318734793188,1650
33023,0.9855198829134618,1650
57,0.9855198829134618,1650
10464,0.9855198829134618,1650
39289,0.9534913353720693,1650
67017,0.9328165374677002,1650
13193,0.9605658709106984,1650
55013,0.8403336748134055,1650
62125,0.9534913353720693,1650
79352,0.9855198829134618,1650
50369,0.9855198829134618,1650
107498,0.8908624432603118,1650
5250,0.9855198829134618,1650
18518,0.9855198829134618,1650
8685,0.9855198829134618,1650
83992,0.9855198829134618,1650
111676,0.9855198829134618,1650
69595,0.9294968363965049,1650
26511,0.9855198829134618,1650
28209,0.9729318734793188,1650
94980,0.8908624432603118,1650
68315,0.9605658709106984,1650
110651,0.9855198829134618,1650
74947,0.9328165374677002,1650
61915,0.8403336748134055,1650
36215,0.9855198829134618,1650
8535,0.8908624432603118,1650
28134,0.9855198829134618,1650
4304,0.9534913353720693,1650
95714,0.9729318734793188,1650
30377,0.9855198829134618,1650
35734,0.8403336748134055,1650
94382,0.8403336748134055,1650
2821,0.9855198829134618,1650
1236,0.9855198829134618,1650
113975,0.9605658709106984,1650
102388,0.9729318734793188,1650
47498,0.8908624432603118,1650
68335,0.9855198829134618,1650
41714,0.9855198829134618,1650
86349,0.8403336748134055,1650
8570,0.9855198829134618,1650
78222,0.9855198829134618,1650
1248,0.9729318734793188,1650
2005,0.9605658709106984,1650
97761,0.9729318734793188,1650
11450,0.9855198829134618,1650
72771,0.9855198829134618,1650
80031,0.9855198829134618,1650
107389,0.9294968363965049,1650
78509,0.9855198829134618,1650
90078,0.7601626016260162,1650
61160,0.9855198829134618,1650
85436,0.9855198829134618,1650
48054,0.9421383647798742,1650
11623,0.9855198829134618,1650
39355,0.9855198829134618,1650
70904,0.9855198829134618,1650
77787,0.9729318734793188,1650
13934,0.9294968363965049,1650
88456,0.9855198829134618,1650
15540,0.9855198829134618,1650
44273,0.9855198829134618,1650
74913,0.9855198829134618,1650
76242,0.9855198829134618,1650
53590,0.9855198829134618,1650
53452,0.9534913353720693,1650
97363,0.9855198829134618,1650
41491,0.8908624432603118,1650
75022,0.9855198829134618,1650
7425,0.9855198829134618,1650
77912,0.9605658709106984,1650
89419,0.9855198829134618,1650
43537,0.9855198829134618,1650
34654,0.9534913353720693,1650
52829,0.8403336748134055,1650
73258,0.9855198829134618,1650
18111,0.9855198829134618,1650
160,0.9729318734793188,1650
64035,0.9421383647798742,1650
27825,0.9328165374677002,1650
47736,0.9729318734793188,1650
51314,0.9729318734793188,1650
21176,0.9855198829134618,1650
52536,0.9294968363965049,1650
15277,0.9855198829134618,1650
25559,0.8908624432603118,1650
76328,0.9855198829134618,1650
5586,0.9294968363965049,1650
15168,0.9855198829134618,1650
66788,0.9605658709106984,1650
34168,0.9855198829134618,1650
34531,0.8263772954924875,1650
19521,0.9855198829134618,1650
13942,0.9855198829134618,1650
81742,0.9605658709106984,1650
6668,0.9534913353720693,1650
1597,0.9855198829134618,1650
19218,0.8403336748134055,1650
110911,0.9729318734793188,1650
19812,0.9729318734793188,1650
18827,0.8908624432603118,1650
82721,0.9328165374677002,1650
106536,0.9855198829134618,1650
53619,0.9729318734793188,1650
110400,0.9855198829134618,1650
107345,0.9855198829134618,1650
20026,0.5986622073578596,1650
194,0.9729318734793188,1650
6407,0.9855198829134618,1650
110746,0.9855198829134618,1650
58549,0.9855198829134618,1650
2435,0.9855198829134618,1650
54509,0.9855198829134618,1650
49942,0.9534913353720693,1650
69235,0.9855198829134618,1650
28162,0.9855198829134618,1650
55242,0.8403336748134055,1650
100080,0.8403336748134055,1650
98354,0.8908624432603118,1650
33752,0.9328165374677002,1650
23346,0.9729318734793188,1650
10624,0.7116402116402116,1650
50,0.8403336748134055,1650
89385,0.9294968363965049,1650
113320,0.8403336748134055,1650
70566,0.9855198829134618,1650
29317,0.6086956521739131,1650
101564,0.9855198829134618,1650
48941,0.9855198829134618,1650
113051,0.8403336748134055,1650
31399,0.9855198829134618,1650
19492,0.9855198829134618,1650
17898,0.9729318734793188,1650
110727,0.9605658709106984,1650
75834,0.8403336748134055,1650
102786,0.9855198829134618,1650
98855,0.9855198829134618,1650
78493,0.9855198829134618,1650
64860,0.9534913353720693,1650
10098,0.9855198829134618,1650
93846,0.878755364806867,1650
106339,0.9855198829134618,1650
7185,0.8403336748134055,1650
7499,0.9855198829134618,1650
58836,0.5784313725490197,1650
55107,0.878755364806867,1650
66338,0.9534913353720693,1650
18797,0.9294968363965049,1650
26764,0.9534913353720693,1650
7344,0.9855198829134618,1650
24039,0.9855198829134618,1650
100190,0.8403336748134055,1650
93998,0.9855198829134618,1650
62721,0.9855198829134618,1650
16206,0.8908624432603118,1650
12990,0.7140039447731755,1650
63336,0.9729318734793188,1650
17804,0.9855198829134618,1650
13021,0.6086956521739131,1650
13255,0.8908624432603118,1650
82288,0.8607594936708861,1650
106383,0.9605658709106984,1650
72249,0.9855198829134618,1650
101820,0.9855198829134618,1650
53388,0.9855198829134618,1650
50611,0.8908624432603118,1650
38881,0.9855198829134618,1650
93526,0.9855198829134618,1650
54349,0.9855198829134618,1650
80105,0.8403336748134055,1650
58100,0.878755364806867,1650
39092,0.9855198829134618,1650
33379,0.9328165374677002,1650
67849,0.9328165374677002,1650
6462,0.9605658709106984,1650
65132,0.9605658709106984,1650
20917,0.9855198829134618,1650
32568,0.9855198829134618,1650
57688,0.8908624432603118,1650
15735,0.8263772954924875,1650
2312,0.9855198829134618,1650
85211,0.9729318734793188,1650
30510,0.9855198829134618,1650
79910,0.9729318734793188,1650
42655,0.9855198829134618,1650
87973,0.8403336748134055,1650
66568,0.8607594936708861,1650
76106,0.9605658709106984,1650
99648,0.8908624432603118,1650
88886,0.9328165374677002,1650
26052,0.9328165374677002,1650
53063,0.9855198829134618,1650
1645,0.9855198829134618,1650
65571,0.9534913353720693,1650
93733,0.8403336748134055,1650
4189,0.8908624432603118,1650
51158,0.9729318734793188,1650
82292,0.9729318734793188,1650
92965,0.8403336748134055,1650
38378,0.9729318734793188,1650
107934,0.9855198829134618,1650
62871,0.878755364806867,1650
62241,0.9855198829134618,1650
70940,0.8263772954924875,1650
13933,0.9605658709106984,1650
72582,0.6086956521739131,1650
105224,0.9855198829134618,1650
49019,0.9534913353720693,1650
71855,0.5986622073578596,1650
25704,0.9729318734793188,1650
19107,0.9855198829134618,1650
52454,0.9605658709106984,1650
81376,0.9729318734793188,1650
41419,0.9855198829134618,1650
86779,0.6086956521739131,1650
71110,0.9855198829134618,1650
113826,0.8403336748134055,1650
31280,0.9855198829134618,1650
104124,0.9605658709106984,1650
47688,0.9855198829134618,1650
50788,0.9294968363965049,1650
8361,0.9855198829134618,1650
58006,0.9855198829134618,1650
79007,0.7140039447731755,1650
36741,0.9855198829134618,1650
113853,0.9729318734793188,1650
66009,0.8908624432603118,1650
33517,0.9729318734793188,1650
11359,0.9855198829134618,1650
25846,0.9729318734793188,1650
36098,0.8908624432603118,1650
64195,0.468,1650
51516,0.8908624432603118,1650
92537,0.9605658709106984,1650
46234,0.9534913353720693,1650
2793,0.9855198829134618,1650
86065,0.9729318734793188,1650
75602,0.9534913353720693,1650
46178,0.9729318734793188,1650
101713,0.9855198829134618,1650
14366,0.6086956521739131,1650
57267,0.8908624432603118,1650
57249,0.8908624432603118,1650
3620,0.9729318734793188,1650
40858,0.878755364806867,1650
18048,0.9534913353720693,1650
78687,0.9605658709106984,1650
93838,0.9855198829134618,1650
41541,0.9855198829134618,1650
58786,0.9729318734793188,1650
105323,0.9534913353720693,1650
35559,0.9855198829134618,1650
113703,0.9855198829134618,1650
82177,0.9855198829134618,1650
103442,0.9421383647798742,1650
107696,0.9855198829134618,1650
38098,0.9855198829134618,1650
109415,0.468,1650
82088,0.8403336748134055,1650
11249,0.8908624432603118,1650
80720,0.8908624432603118,1650
67391,0.9855198829134618,1650
87019,0.9605658709106984,1650
62693,0.5373831775700935,1650
23969,0.9855198829134618,1650
40321,0.9729318734793188,1650
84588,0.9294968363965049,1650
43453,0.8403336748134055,1650
83265,0.9534913353720693,1650
65244,0.9729318734793188,1650
60423,0.9855198829134618,1650
12308,0.9294968363965049,1650
608,0.9294968363965049,1650
16695,0.9605658709106984,1650
75164,0.9605658709106984,1650
43020,0.9855198829134618,1650
50279,0.9534913353720693,1650
10883,0.9729318734793188,1650
63150,0.9729318734793188,1650
112947,0.9729318734793188,1650
15808,0.9294968363965049,1650
86673,0.9534913353720693,1650
37573,0.9855198829134618,1650
86095,0.9855198829134618,1650
51439,0.7601626016260162,1650
84537,0.9605658709106984,1650
70168,0.8908624432603118,1650
95189,0.9605658709106984,1650
38839,0.9855198829134618,1650
99675,0.9855198829134618,1650
61196,0.8403336748134055,1650
92713,0.9855198829134618,1650
20825,0.9605658709106984,1650
85261,0.9855198829134618,1650
40779,0.9729318734793188,1650
87744,0.9855198829134618,1650
15481,0.8403336748134055,1650
80559,0.9855198829134618,1650
87173,0.9729318734793188,1650
53879,0.9729318734793188,1650
101370,0.9855198829134618,1650
91003,0.8908624432603118,1650
3281,0.9534913353720693,1650
82796,0.9855198829134618,1650
20508,0.9855198829134618,1650
48428,0.9855198829134618,1650
86988,0.9605658709106984,1650
61201,0.9605658709106984,1650
63766,0.9855198829134618,1650
35975,0.9534913353720693,1650
13291,0.9534913353720693,1650
27976,0.9605658709106984,1650
34180,0.8403336748134055,1650
69526,0.9729318734793188,1650
64022,0.9534913353720693,1650
63111,0.9855198829134618,1650
71313,0.9729318734793188,1650
56357,0.8908624432603118,1650
78446,0.9729318734793188,1650
21611,0.9421383647798742,1650
11626,0.9534913353720693,1650
48713,0.9855198829134618,1650
107245,0.9534913353720693,1650
1684,0.9855198829134618,1650
9104,0.9855198829134618,1650
108990,0.9855198829134618,1650
71433,0.8908624432603118,1650
1401,0.9729318734793188,1650
105770,0.8403336748134055,1650
27198,0.9855198829134618,1650
81366,0.8403336748134055,1650
76245,0.9294968363965049,1650
90720,0.9855198829134618,1650
99247,0.8403336748134055,1650
95285,0.9855198829134618,1650
6353,0.9534913353720693,1650
69566,0.9855198829134618,1650
3288,0.9855198829134618,1650
9918,0.9605658709106984,1650
21687,0.9328165374677002,1650
91979,0.9855198829134618,1650
102988,0.9855198829134618,1650
24109,0.9534913353720693,1650
97225,0.8908624432603118,1650
55901,0.9855198829134618,1650
81437,0.878755364806867,1650
108964,0.8403336748134055,1650
36359,0.9855198829134618,1650
98510,0.9534913353720693,1650
92442,0.9294968363965049,1650
79819,0.9294968363965049,1650
13072,0.9294968363965049,1650
108542,0.9729318734793188,1650
58339,0.9605658709106984,1650
62731,0.9729318734793188,1650
95951,0.9855198829134618,1650
77013,0.9855198829134618,1650
24828,0.8908624432603118,1650
57794,0.9605658709106984,1650
86634,0.9855198829134618,1650
22487,0.8263772954924875,1650
14962,0.9534913353720693,1650
35263,0.9328165374677002,1650
26611,0.9855198829134618,1650
79967,0.9855198829134618,1650
76020,0.9855198829134618,1650
62301,0.9328165374677002,1650
1138,0.9729318734793188,1650
30328,0.9729318734793188,1650
53777,0.9729318734793188,1650
61055,0.9534913353720693,1650
90776,0.9855198829134618,1650
25487,0.9605658709106984,1650
101978,0.9534913353720693,1650
88064,0.9534913353720693,1650
79769,0.9855198829134618,1650
47217,0.9729318734793188,1650
4165,0.9855198829134618,1650
2572,0.9328165374677002,1650
92355,0.9421383647798742,1650
113129,0.8908624432603118,1650
73633,0.9855198829134618,1650
25818,0.9328165374677002,1650
8110,0.9855198829134618,1650
44979,0.9605658709106984,1650
113106,0.9729318734793188,1650
103823,0.8263772954924875,1650
64834,0.8607594936708861,1650
58696,0.9855198829134618,1650
56316,0.9534913353720693,1650
61359,0.468,1650
4710,0.9855198829134618,1650
54371,0.9421383647798742,1650
78205,0.9855198829134618,1650
36223,0.9855198829134618,1650
102945,0.9729318734793188,1650
59554,0.9534913353720693,1650
94074,0.9729318734793188,1650
113599,0.9294968363965049,1650
34568,0.9855198829134618,1650
47267,0.9328165374677002,1650
49836,0.9729318734793188,1650
6484,0.8403336748134055,1650
11274,0.9855198829134618,1650
106753,0.9729318734793188,1650
4047,0.9294968363965049,1650
106784,0.9855198829134618,1650
33185,0.9855198829134618,1650
35583,0.9855198829134618,1650
61402,0.9534913353720693,1650
86873,0.9855198829134618,1650
44791,0.8908624432603118,1650
108493,0.9855198829134618,1650
44391,0.9855198829134618,1650
52381,0.9855198829134618,1650
86482,0.9855198829134618,1650
33805,0.9855198829134618,1650
62171,0.8403336748134055,1650
31830,0.9729318734793188,1650
11540,0.9534913353720693,1650
85943,0.9605658709106984,1650
16267,0.9534913353720693,1650
72472,0.9855198829134618,1650
25237,0.9855198829134618,1650
67099,0.9729318734793188,1650
61460,0.8403336748134055,1650
2008,0.8403336748134055,1650
91983,0.8908624432603118,1650
23682,0.9855198829134618,1650
49187,0.9855198829134618,1650
21087,0.9605658709106984,1650
26630,0.9855198829134618,1650
78163,0.9294968363965049,1650
65692,0.8403336748134055,1650
71325,0.9855198829134618,1650
75575,0.9855198829134618,1650
104154,0.9729318734793188,1650
66369,0.9605658709106984,1650
59975,0.9294968363965049,1650
76057,0.9729318734793188,1650
86656,0.9605658709106984,1650
48667,0.9855198829134618,1650
44935,0.9855198829134618,1650
29896,0.7140039447731755,1650
28177,0.8908624432603118,1650
9542,0.9855198829134618,1650
1800,0.9855198829134618,1650
7787,0.9328165374677002,1650
51586,0.9729318734793188,1650
84666,0.8263772954924875,1650
11442,0.9855198829134618,1650
61882,0.9855198829134618,1650
3843,0.9855198829134618,1650
110878,0.9855198829134618,1650
21746,0.8403336748134055,1650
107147,0.9605658709106984,1650
90965,0.9855198829134618,1650
56021,0.9294968363965049,1650
65340,0.9855198829134618,1650
67200,0.9534913353720693,1650
89019,0.8403336748134055,1650
957,0.9328165374677002,1650
1487,0.9534913353720693,1650
31919,0.9855198829134618,1650
90721,0.9855198829134618,1650
27564,0.9855198829134618,1650
66955,0.9855198829134618,1650
42911,0.8403336748134055,1650
37369,0.9855198829134618,1650
26100,0.9855198829134618,1650
83158,0.9605658709106984,1650
63328,0.9855198829134618,1650
92030,0.9855198829134618,1650
46673,0.9605658709106984,1650
59814,0.9729318734793188,1650
32514,0.8403336748134055,1650
60437,0.8403336748134055,1650
47405,0.8908624432603118,1650
21177,0.9328165374677002,1650
26937,0.9534913353720693,1650
78104,0.9534913353720693,1650
88213,0.8403336748134055,1650
108098,0.9605658709106984,1650
35974,0.9855198829134618,1650
15853,0.8403336748134055,1650
11508,0.9855198829134618,1650
66142,0.8403336748134055,1650
21181,0.9729318734793188,1650
70892,0.9294968363965049,1650
76818,0.9729318734793188,1650
55732,0.8607594936708861,1650
39935,0.8607594936708861,1650
39172,0.9855198829134618,1650
30410,0.8403336748134055,1650
101732,0.9855198829134618,1650
48592,0.9729318734793188,1650
99227,0.9855198829134618,1650
11624,0.8403336748134055,1650
87807,0.9328165374677002,1650
104274,0.9729318734793188,1650
89413,0.878755364806867,1650
88131,0.9855198829134618,1650
73748,0.9855198829134618,1650
104196,0.9855198829134618,1650
104773,0.9855198829134618,1650
42243,0.9855198829134618,1650
77123,0.9855198829134618,1650
104391,0.9729318734793188,1650
6164,0.9534913353720693,1650
57800,0.9729318734793188,1650
37514,0.9855198829134618,1650
19572,0.9294968363965049,1650
53888,0.9855198829134618,1650
4995,0.9729318734793188,1650
103127,0.9729318734793188,1650
59428,0.9534913353720693,1650
30517,0.8908624432603118,1650
27847,0.9855198829134618,1650
49437,0.9729318734793188,1650
67690,0.9421383647798742,1650
57483,0.8403336748134055,1650
24615,0.8607594936708861,1650
79285,0.9729318734793188,1650
25683,0.9729318734793188,1650
34923,0.9855198829134618,1650
20341,0.9605658709106984,1650
91361,0.9855198829134618,1650
104096,0.9855198829134618,1650
73620,0.9729318734793188,1650
12396,0.9855198829134618,1650
68928,0.9855198829134618,1650
24219,0.9855198829134618,1650
8319,0.9855198829134618,1650
76279,0.5986622073578596,1650
32354,0.7601626016260162,1650
22508,0.8403336748134055,1650
108162,0.9534913353720693,1650
86460,0.9294968363965049,1650
95563,0.8263772954924875,1650
48781,0.9294968363965049,1650
13691,0.8403336748134055,1650
112406,0.9294968363965049,1650
1819,0.9328165374677002,1650
71893,0.9855198829134618,1650
30259,0.9855198829134618,1650
32207,0.8403336748134055,1650
87631,0.9855198829134618,1650
31896,0.9855198829134618,1650
52888,0.8403336748134055,1650
79315,0.9855198829134618,1650
54549,0.9855198829134618,1650
65780,0.8263772954924875,1650
55261,0.8403336748134055,1650
55508,0.9729318734793188,1650
34191,0.9294968363965049,1650
113956,0.8908624432603118,1650
68813,0.7116402116402116,1650
107932,0.9855198829134618,1650
15288,0.9605658709106984,1650
74222,0.9328165374677002,1650
98010,0.9855198829134618,1650
12171,0.9855198829134618,1650
107745,0.9855198829134618,1650
11674,0.9855198829134618,1650
32661,0.9294968363965049,1650
13746,0.9855198829134618,1650
73895,0.9729318734793188,1650
96254,0.8403336748134055,1650
80889,0.9855198829134618,1650
95967,0.9534913353720693,1650
75279,0.9855198829134618,1650
112707,0.9729318734793188,1650
8580,0.9855198829134618,1650
77126,0.8403336748134055,1650
94313,0.9855198829134618,1650
110009,0.9605658709106984,1650
78852,0.9855198829134618,1650
68363,0.9855198829134618,1650
70462,0.9855198829134618,1650
90288,0.9729318734793188,1650
64666,0.9855198829134618,1650
90222,0.8908624432603118,1650
12385,0.9855198829134618,1650
25607,0.9855198829134618,1650
48334,0.9605658709106984,1650
65228,0.9855198829134618,1650
12330,0.8403336748134055,1650
16284,0.9294968363965049,1650
59761,0.9534913353720693,1650
39870,0.9855198829134618,1650
69574,0.9855198829134618,1650
91475,0.9855198829134618,1650
40101,0.9855198829134618,1650
5279,0.8908624432603118,1650
84499,0.9534913353720693,1650
1254,0.9605658709106984,1650
94976,0.9328165374677002,1650
78654,0.8403336748134055,1650
95380,0.9855198829134618,1650
70136,0.9534913353720693,1650
74254,0.9534913353720693,1650
45854,0.9855198829134618,1650
46884,0.9855198829134618,1650
15516,0.9729318734793188,1650
72864,0.9534913353720693,1650
12564,0.9855198829134618,1650
36422,0.9855198829134618,1650
64668,0.9294968363965049,1650
64321,0.9729318734793188,1650
86266,0.9855198829134618,1650
19295,0.9421383647798742,1650
62824,0.9855198829134618,1650
17270,0.8263772954924875,1650
86944,0.9534913353720693,1650
18520,0.9855198829134618,1650
111650,0.9855198829134618,1650
65327,0.9855198829134618,1650
97411,0.9729318734793188,1650
7057,0.9855198829134618,1650
1543,0.9855198829134618,1650
18973,0.6086956521739131,1650
85565,0.9855198829134618,1650
71788,0.9294968363965049,1650
12143,0.9855198829134618,1650
40560,0.9855198829134618,1650
50234,0.9729318734793188,1650
54746,0.9855198829134618,1650
94099,0.8908624432603118,1650
20957,0.9855198829134618,1650
60469,0.9729318734793188,1650
85396,0.9534913353720693,1650
67295,0.9855198829134618,1650
43861,0.9855198829134618,1650
57651,0.9729318734793188,1650
81397,0.9855198829134618,1650
74004,0.9534913353720693,1650
38109,0.8908624432603118,1650
52508,0.8403336748134055,1650
45131,0.9855198829134618,1650
50237,0.8263772954924875,1650
86702,0.468,1650
50062,0.9855198829134618,1650
107604,0.9855198829134618,1650
86459,0.9729318734793188,1650
59508,0.7601626016260162,1650
70606,0.9855198829134618,1650
66816,0.8403336748134055,1650
11046,0.9855198829134618,1650
42242,0.8403336748134055,1650
49859,0.9855198829134618,1650
85834,0.9855198829134618,1650
12534,0.9855198829134618,1650
81335,0.9855198829134618,1650
37130,0.9855198829134618,1650
106470,0.7116402116402116,1650
70563,0.9855198829134618,1650
27577,0.9294968363965049,1650
82335,0.9729318734793188,1650
55838,0.6086956521739131,1650
9243,0.878755364806867,1650
86618,0.9855198829134618,1650
106271,0.9855198829134618,1650
50316,0.9855198829134618,1650
29813,0.7140039447731755,1650
107319,0.9855198829134618,1650
97065,0.9534913353720693,1650
56623,0.9855198829134618,1650
26263,0.8908624432603118,1650
54202,0.9855198829134618,1650
12652,0.9534913353720693,1650
60769,0.9855198829134618,1650
70902,0.9855198829134618,1650
1690,0.9328165374677002,1650
79131,0.8607594936708861,1650
84992,0.9294968363965049,1650
109357,0.9294968363965049,1650
68303,0.9605658709106984,1650
74479,0.9855198829134618,1650
58787,0.9729318734793188,1650
3910,0.9729318734793188,1650
33806,0.9855198829134618,1650
322,0.8908624432603118,1650
22721,0.9605658709106984,1650
103427,0.9729318734793188,1650
43443,0.9729318734793188,1650
2590,0.8908624432603118,1650
68036,0.9605658709106984,1650
88711,0.8263772954924875,1650
18612,0.8403336748134055,1650
65654,0.9855198829134618,1650
101630,0.9855198829134618,1650
28128,0.9534913353720693,1650
27030,0.9855198829134618,1650
108843,0.9605658709106984,1650
95804,0.9855198829134618,1650
71197,0.9855198829134618,1650
18332,0.9855198829134618,1650
81783,0.9855198829134618,1650
13724,0.8263772954924875,1650
7769,0.9729318734793188,1650
78683,0.9534913353720693,1650
66340,0.8908624432603118,1650
51352,0.8908624432603118,1650
94642,0.9421383647798742,1650
110440,0.9729318734793188,1650
51486,0.8908624432603118,1650
85093,0.9729318734793188,1650
111234,0.9729318734793188,1650
60223,0.8403336748134055,1650
33552,0.8461538461538461,1650
94942,0.5373831775700935,1650
92832,0.9855198829134618,1650
75087,0.9855198829134618,1650
96983,0.8908624432603118,1650
49745,0.9855198829134618,1650
71125,0.9729318734793188,1650
93518,0.8263772954924875,1650
15833,0.9855198829134618,1650
25468,0.9534913353720693,1650
18581,0.8403336748134055,1650
1302,0.8403336748134055,1650
80179,0.9328165374677002,1650
72693,0.9855198829134618,1650
28255,0.9729318734793188,1650
10481,0.9855198829134618,1650
10493,0.9855198829134618,1650
112434,0.9294968363965049,1650
6588,0.9855198829134618,1650
54298,0.9855198829134618,1650
108221,0.9605658709106984,1650
65026,0.8403336748134055,1650
92255,0.8908624432603118,1650
26060,0.9855198829134618,1650
6526,0.9855198829134618,1650
19051,0.9421383647798742,1650
1379,0.9534913353720693,1650
109155,0.9855198829134618,1650
58587,0.8263772954924875,1650
2338,0.9855198829134618,1650
99945,0.9855198829134618,1650
49841,0.9855198829134618,1650
76056,0.9855198829134618,1650
42592,0.9729318734793188,1650
79076,0.9729318734793188,1650
15805,0.8403336748134055,1650
58682,0.6086956521739131,1650
56343,0.9855198829134618,1650
56475,0.9605658709106984,1650
66893,0.9294968363965049,1650
70802,0.9729318734793188,1650
35571,0.9729318734793188,1650
87387,0.9855198829134618,1650
44290,0.9534913353720693,1650
6640,0.8403336748134055,1650
68487,0.9855198829134618,1650
15084,0.9855198829134618,1650
9231,0.9328165374677002,1650
28585,0.9729318734793188,1650
41929,0.9855198829134618,1650
2883,0.9855198829134618,1650
94546,0.9534913353720693,1650
47608,0.9534913353720693,1650
65346,0.9855198829134618,1650
29164,0.9294968363965049,1650
99331,0.9534913353720693,1650
7409,0.9855198829134618,1650
13538,0.8908624432603118,1650
80585,0.9328165374677002,1650
64193,0.9855198829134618,1650
2545,0.9534913353720693,1650
67559,0.8263772954924875,1650
21561,0.9855198829134618,1650
21156,0.9534913353720693,1650
40252,0.9855198829134618,1650
79880,0.9855198829134618,1650
94410,0.9855198829134618,1650
6914,0.9855198829134618,1650
50160,0.9729318734793188,1650
74433,0.9294968363965049,1650
67697,0.9855198829134618,1650
80692,0.9855198829134618,1650
84349,0.9534913353720693,1650
61689,0.9855198829134618,1650
80831,0.9855198829134618,1650
28316,0.9855198829134618,1650
24370,0.9855198829134618,1650
109373,0.8908624432603118,1650
8789,0.8908624432603118,1650
18956,0.9605658709106984,1650
42165,0.9605658709106984,1650
24475,0.9729318734793188,1650
70375,0.9729318734793188,1650
58051,0.9855198829134618,1650
100121,0.9855198829134618,1650
4310,0.9855198829134618,1650
42997,0.9534913353720693,1650
36678,0.9294968363965049,1650
73647,0.9855198829134618,1650
113312,0.9534913353720693,1650
106384,0.9534913353720693,1650
30511,0.9605658709106984,1650
51843,0.9855198829134618,1650
55813,0.9605658709106984,1650
110126,0.9729318734793188,1650
99843,0.8403336748134055,1650
95742,0.8908624432603118,1650
73240,0.9855198829134618,1650
93062,0.9855198829134618,1650
76500,0.9855198829134618,1650
67969,0.8403336748134055,1650
62564,0.9729318734793188,1650
111110,0.9729318734793188,1650
93807,0.9855198829134618,1650
40008,0.8403336748134055,1650
5184,0.8908624432603118,1650
13402,0.9855198829134618,1650
10988,0.9534913353720693,1650
244,0.9855198829134618,1650
10456,0.8403336748134055,1650
96631,0.9855198829134618,1650
103602,0.9855198829134618,1650
87221,0.8403336748134055,1650
104,0.8403336748134055,1650
33145,0.9855198829134618,1650
16351,0.9729318734793188,1650
61942,0.8908624432603118,1650
61534,0.9729318734793188,1650
51634,0.9855198829134618,1650
74109,0.8908624432603118,1650
91386,0.9855198829134618,1650
8598,0.8607594936708861,1650
32610,0.9534913353720693,1650
260,0.9855198829134618,1650
74991,0.9605658709106984,1650
84979,0.9855198829134618,1650
93950,0.9855198829134618,1650
78063,0.9855198829134618,1650
19195,0.9855198829134618,1650
90469,0.9855198829134618,1650
51456,0.8908624432603118,1650
47522,0.9855198829134618,1650
69337,0.9534913353720693,1650
66168,0.9855198829134618,1650
14350,0.9605658709106984,1650
94693,0.8403336748134055,1650
51392,0.9729318734793188,1650
56929,0.9855198829134618,1650
77484,0.9294968363965049,1650
19934,0.3236994219653179,1650
15212,0.9855198829134618,1650
100883,0.9855198829134618,1650
73030,0.8403336748134055,1650
21488,0.8403336748134055,1650
4093,0.9605658709106984,1650
79924,0.9729318734793188,1650
100946,0.9534913353720693,1650
48613,0.9855198829134618,1650
72357,0.8403336748134055,1650
44814,0.9855198829134618,1650
77574,0.9855198829134618,1650
47618,0.9605658709106984,1650
68293,0.8403336748134055,1650
2699,0.9855198829134618,1650
22308,0.9855198829134618,1650
51888,0.8908624432603118,1650
90811,0.9855198829134618,1650
54618,0.468,1650
4980,0.9729318734793188,1650
53020,0.8403336748134055,1650
54162,0.8403336748134055,1650
105862,0.8403336748134055,1650
94204,0.8403336748134055,1650
6383,0.9729318734793188,1650
80220,0.9855198829134618,1650
78382,0.9855198829134618,1650
90434,0.8908624432603118,1650
101845,0.9534913353720693,1650
47977,0.9855198829134618,1650
93830,0.9855198829134618,1650
110351,0.8908624432603118,1650
100484,0.9855198829134618,1650
9370,0.9534913353720693,1650
35432,0.9534913353720693,1650
95973,0.9729318734793188,1650
89612,0.9855198829134618,1650
45578,0.9534913353720693,1650
51651,0.9328165374677002,1650
66093,0.9855198829134618,1650
38432,0.9729318734793188,1650
23168,0.9605658709106984,1650
67904,0.9328165374677002,1650
86712,0.8403336748134055,1650
85476,0.9729318734793188,1650
39743,0.8607594936708861,1650
85082,0.9605658709106984,1650
30440,0.9605658709106984,1650
11581,0.9855198829134618,1650
23164,0.8908624432603118,1650
104351,0.9855198829134618,1650
74485,0.9294968363965049,1650
3410,0.9855198829134618,1650
45876,0.7140039447731755,1650
67158,0.8403336748134055,1650
108777,0.8403336748134055,1650
88562,0.9328165374677002,1650
58798,0.9534913353720693,1650
73891,0.9534913353720693,1650
86984,0.8403336748134055,1650
65229,0.9855198829134618,1650
35521,0.9294968363965049,1650
10936,0.9855198829134618,1650
50766,0.8403336748134055,1650
71454,0.9729318734793188,1650
89523,0.9855198829134618,1650
101697,0.9855198829134618,1650
22467,0.9534913353720693,1650
26999,0.9534913353720693,1650
105692,0.9855198829134618,1650
12837,0.9855198829134618,1650
83780,0.8908624432603118,1650
110331,0.8908624432603118,1650
5673,0.9855198829134618,1650
20507,0.8908624432603118,1650
14202,0.9534913353720693,1650
99306,0.9328165374677002,1650
62132,0.9855198829134618,1650
59597,0.9605658709106984,1650
99853,0.8403336748134055,1650
47844,0.9729318734793188,1650
41927,0.9855198829134618,1650
103938,0.9855198829134618,1650
92780,0.9328165374677002,1650
87469,0.9328165374677002,1650
32442,0.9421383647798742,1650
104212,0.9534913353720693,1650
97266,0.9855198829134618,1650
7107,0.9855198829134618,1650
594,0.9855198829134618,1650
30604,0.9328165374677002,1650
9951,0.9855198829134618,1650
96930,0.9534913353720693,1650
2006,0.5373831775700935,1650
19875,0.9855198829134618,1650
71704,0.8607594936708861,1650
28475,0.9855198829134618,1650
30430,0.8908624432603118,1650
61362,0.9855198829134618,1650
32983,0.9729318734793188,1650
60285,0.9729318734793188,1650
72538,0.9855198829134618,1650
35290,0.9534913353720693,1650
59309,0.8908624432603118,1650
1430,0.9605658709106984,1650
109291,0.9729318734793188,1650
58439,0.9534913353720693,1650
70426,0.9534913353720693,1650
23092,0.9729318734793188,1650
74224,0.8403336748134055,1650
56656,0.9534913353720693,1650
19698,0.9855198829134618,1650
74138,0.9534913353720693,1650
20262,0.9855198829134618,1650
842,0.9534913353720693,1650
11389,0.9855198829134618,1650
99063,0.9855198829134618,1650
64872,0.9534913353720693,1650
91764,0.9729318734793188,1650
48738,0.9534913353720693,1650
95707,0.9605658709106984,1650
78673,0.9534913353720693,1650
49389,0.8908624432603118,1650
111046,0.9534913353720693,1650
73281,0.8908624432603118,1650
18838,0.9729318734793188,1650
90637,0.9534913353720693,1650
66397,0.9605658709106984,1650
13427,0.9855198829134618,1650
29484,0.9729318734793188,1650
21352,0.8403336748134055,1650
36839,0.9605658709106984,1650
81390,0.9534913353720693,1650
67875,0.9855198829134618,1650
45573,0.9855198829134618,1650
52937,0.8908624432603118,1650
90569,0.8403336748134055,1650
52068,0.9855198829134618,1650
28148,0.9294968363965049,1650
31500,0.9534913353720693,1650
22126,0.9294968363965049,1650
42709,0.9855198829134618,1650
4287,0.9605658709106984,1650
7289,0.9855198829134618,1650
70528,0.9855198829134618,1650
50060,0.9855198829134618,1650
108423,0.9855198829134618,1650
22952,0.7601626016260162,1650
29714,0.9855198829134618,1650
18150,0.8403336748134055,1650
20226,0.9855198829134618,1650
66083,0.9855198829134618,1650
51196,0.9605658709106984,1650
49833,0.9855198829134618,1650
89482,0.9855198829134618,1650
14613,0.9294968363965049,1650
35173,0.9855198829134618,1650
86725,0.9534913353720693,1650
98781,0.9729318734793188,1650
75591,0.8908624432603118,1650
90085,0.9421383647798742,1650
85822,0.8908624432603118,1650
84117,0.9855198829134618,1650
83336,0.9855198829134618,1650
3719,0.9729318734793188,1650
88235,0.8908624432603118,1650
1605,0.9855198829134618,1650
32564,0.9855198829134618,1650
7378,0.9605658709106984,1650
99037,0.9605658709106984,1650
101567,0.9605658709106984,1650
93997,0.9855198829134618,1650
17962,0.9855198829134618,1650
25944,0.9729318734793188,1650
79654,0.7116402116402116,1650
78808,0.9855198829134618,1650
70223,0.9855198829134618,1650
43074,0.9855198829134618,1650
78170,0.9855198829134618,1650
44788,0.9855198829134618,1650
100025,0.9605658709106984,1650
26073,0.9605658709106984,1650
74211,0.9729318734793188,1650
29469,0.8403336748134055,1650
42171,0.9855198829134618,1650
841,0.8908624432603118,1650
102104,0.9855198829134618,1650
29005,0.9294968363965049,1650
96345,0.5373831775700935,1650
29240,0.9729318734793188,1650
109272,0.9855198829134618,1650
42496,0.9729318734793188,1650
57164,0.9855198829134618,1650
52840,0.9534913353720693,1650
14413,0.9855198829134618,1650
42385,0.9605658709106984,1650
67506,0.9855198829134618,1650
49619,0.8908624432603118,1650
92259,0.9855198829134618,1650
106746,0.9855198829134618,1650
82647,0.9534913353720693,1650
3253,0.9729318734793188,1650
77891,0.9855198829134618,1650
80734,0.9605658709106984,1650
84589,0.9855198829134618,1650
82918,0.8403336748134055,1650
38954,0.9855198829134618,1650
93932,0.9605658709106984,1650
2606,0.8403336748134055,1650
113819,0.9855198829134618,1650
69179,0.9294968363965049,1650
71241,0.9855198829134618,1650
102676,0.7116402116402116,1650
2684,0.9605658709106984,1650
54231,0.9729318734793188,1650
111360,0.9855198829134618,1650
58172,0.9855198829134618,1650
24702,0.9855198829134618,1650
54238,0.9855198829134618,1650
50479,0.9534913353720693,1650
67026,0.9421383647798742,1650
69494,0.9855198829134618,1650
110416,0.9855198829134618,1650
105013,0.9328165374677002,1650
74027,0.8403336748134055,1650
17505,0.9855198829134618,1650
101886,0.8403336748134055,1650
38436,0.9855198829134618,1650
49165,0.9605658709106984,1650
84946,0.9855198829134618,1650
98237,0.9855198829134618,1650
112515,0.9534913353720693,1650
77914,0.9855198829134618,1650
3147,0.9294968363965049,1650
25855,0.9047619047619048,1650
63534,0.9729318734793188,1650
108618,0.9855198829134618,1650
63131,0.9294968363965049,1650
29383,0.9534913353720693,1650
1981,0.9855198829134618,1650
77099,0.9855198829134618,1650
1036,0.9855198829134618,1650
66781,0.9729318734793188,1650
88780,0.9534913353720693,1650
68836,0.9855198829134618,1650
86957,0.9605658709106984,1650
94731,0.9855198829134618,1650
65266,0.8908624432603118,1650
67750,0.9534913353720693,1650
61683,0.9855198829134618,1650
43612,0.9729318734793188,1650
14296,0.7116402116402116,1650
4670,0.9855198829134618,1650
66875,0.9090909090909091,1650
71217,0.9855198829134618,1650
62121,0.8403336748134055,1650
99267,0.9855198829134618,1650
59230,0.9855198829134618,1650
101096,0.9855198829134618,1650
103755,0.9729318734793188,1650
105058,0.9855198829134618,1650
93625,0.9605658709106984,1650
48889,0.8403336748134055,1650
68317,0.9421383647798742,1650
49720,0.9605658709106984,1650
103684,0.9534913353720693,1650
33803,0.9605658709106984,1650
87548,0.9855198829134618,1650
109803,0.9855198829134618,1650
68062,0.9855198829134618,1650
78885,0.9729318734793188,1650
42080,0.9534913353720693,1650
53843,0.9855198829134618,1650
106624,0.8908624432603118,1650
36325,0.9605658709106984,1650
8704,0.9294968363965049,1650
33920,0.878755364806867,1650
87027,0.9855198829134618,1650
21636,0.9605658709106984,1650
75943,0.8607594936708861,1650
96204,0.9855198829134618,1650
40975,0.9855198829134618,1650
2639,0.9855198829134618,1650
2158,0.9855198829134618,1650
10561,0.8403336748134055,1650
80264,0.9855198829134618,1650
6444,0.8263772954924875,1650
84577,0.8403336748134055,1650
1672,0.9855198829134618,1650
39004,0.9855198829134618,1650
106088,0.9855198829134618,1650
14993,0.9855198829134618,1650
51265,0.9855198829134618,1650
79102,0.9855198829134618,1650
16257,0.9294968363965049,1650
51560,0.9855198829134618,1650
95632,0.8908624432603118,1650
53993,0.9855198829134618,1650
94751,0.8403336748134055,1650
1927,0.9855198829134618,1650
57887,0.878755364806867,1650
60348,0.9534913353720693,1650
43934,0.9855198829134618,1650
38712,0.8403336748134055,1650
71635,0.9605658709106984,1650
34129,0.9534913353720693,1650
41680,0.9729318734793188,1650
37142,0.7601626016260162,1650
43700,0.9534913353720693,1650
36965,0.9421383647798742,1650
89913,0.8263772954924875,1650
88739,0.9294968363965049,1650
93406,0.9855198829134618,1650
11582,0.9855198829134618,1650
103092,0.9534913353720693,1650
12237,0.9855198829134618,1650
99867,0.8908624432603118,1650
74029,0.9534913353720693,1650
56146,0.9294968363965049,1650
75880,0.9729318734793188,1650
32625,0.9855198829134618,1650
62377,0.9855198829134618,1650
60730,0.9534913353720693,1650
18720,0.9855198829134618,1650
37190,0.9294968363965049,1650
21737,0.8263772954924875,1650
9806,0.8403336748134055,1650
90376,0.9855198829134618,1650
63100,0.9855198829134618,1650
73842,0.8908624432603118,1650
43128,0.9729318734793188,1650
906,0.8403336748134055,1650
38685,0.9855198829134618,1650
22915,0.9855198829134618,1650
54614,0.9855198829134618,1650
43619,0.9855198829134618,1650
3921,0.9729318734793188,1650
111494,0.9729318734793188,1650
89927,0.9729318734793188,1650
4086,0.9855198829134618,1650
49711,0.9605658709106984,1650
16399,0.9729318734793188,1650
88948,0.9605658709106984,1650
28511,0.9855198829134618,1650
44739,0.9855198829134618,1650
84900,0.8403336748134055,1650
80186,0.9855198829134618,1650
56613,0.9855198829134618,1650
19235,0.9855198829134618,1650
12695,0.9855198829134618,1650
27600,0.9294968363965049,1650
97752,0.9534913353720693,1650
34039,0.8403336748134055,1650
22088,0.8908624432603118,1650
44686,0.9855198829134618,1650
19755,0.878755364806867,1650
66658,0.9421383647798742,1650
57666,0.9534913353720693,1650
87923,0.9855198829134618,1650
91047,0.9605658709106984,1650
28533,0.9534913353720693,1650
55996,0.9729318734793188,1650
27607,0.9729318734793188,1650
112340,0.9294968363965049,1650
101179,0.9855198829134618,1650
2060,0.9855198829134618,1650
5808,0.9534913353720693,1650
75585,0.9855198829134618,1650
61685,0.9729318734793188,1650
58610,0.9328165374677002,1650
92820,0.9328165374677002,1650
2724,0.8263772954924875,1650
17073,0.9729318734793188,1650
46067,0.9534913353720693,1650
22958,0.9294968363965049,1650
111432,0.9855198829134618,1650
85730,0.9855198829134618,1650
43330,0.7140039447731755,1650
103782,0.9605658709106984,1650
9130,0.9534913353720693,1650
38045,0.8403336748134055,1650
34076,0.8908624432603118,1650
97588,0.9534913353720693,1650
49878,0.9855198829134618,1650
104211,0.9855198829134618,1650
62231,0.9605658709106984,1650
77731,0.9855198829134618,1650
50986,0.8403336748134055,1650
92612,0.9534913353720693,1650
102088,0.878755364806867,1650
78044,0.9855198829134618,1650
40772,0.9534913353720693,1650
60859,0.9294968363965049,1650
76422,0.9855198829134618,1650
7141,0.8403336748134055,1650
39676,0.9294968363965049,1650
43178,0.8607594936708861,1650
31999,0.9328165374677002,1650
50585,0.9855198829134618,1650
14265,0.9855198829134618,1650
11710,0.9855198829134618,1650
112205,0.8403336748134055,1650
56179,0.9534913353720693,1650
11945,0.8607594936708861,1650
112104,0.9534913353720693,1650
13728,0.9328165374677002,1650
51409,0.9855198829134618,1650
27219,0.9729318734793188,1650
92827,0.8908624432603118,1650
50830,0.9855198829134618,1650
113947,0.9855198829134618,1650
23781,0.9605658709106984,1650
60394,0.9534913353720693,1650
98334,0.8403336748134055,1650
95075,0.9534913353720693,1650
24282,0.9294968363965049,1650
36332,0.8403336748134055,1650
107121,0.9855198829134618,1650
44252,0.9729318734793188,1650
106086,0.9729318734793188,1650
74280,0.9294968363965049,1650
29197,0.9855198829134618,1650
100898,0.9534913353720693,1650
5621,0.9294968363965049,1650
49352,0.9729318734793188,1650
74088,0.9605658709106984,1650
10671,0.8263772954924875,1650
61041,0.9855198829134618,1650
111769,0.9534913353720693,1650
39720,0.9855198829134618,1650
95916,0.8263772954924875,1650
77316,0.9729318734793188,1650
64046,0.9534913353720693,1650
83030,0.6086956521739131,1650
59121,0.9605658709106984,1650
32172,0.9855198829134618,1650
1868,0.9855198829134618,1650
53580,0.9294968363965049,1650
48407,0.9855198829134618,1650
107746,0.9855198829134618,1650
70463,0.5373831775700935,1650
9910,0.9605658709106984,1650
41637,0.8908624432603118,1650
24453,0.8403336748134055,1650
64958,0.9855198829134618,1650
76355,0.9855198829134618,1650
17965,0.878755364806867,1650
100618,0.9855198829134618,1650
8567,0.9855198829134618,1650
50507,0.9855198829134618,1650
62018,0.9729318734793188,1650
103682,0.8908624432603118,1650
101484,0.9855198829134618,1650
46004,0.9605658709106984,1650
35473,0.9855198829134618,1650
77028,0.9855198829134618,1650
55585,0.9855198829134618,1650
76861,0.9855198829134618,1650
5889,0.9294968363965049,1650
79723,0.9605658709106984,1650
16598,1.0,1650
19108,0.9855198829134618,1650
102429,0.9729318734793188,1650
26200,0.9855198829134618,1650
20474,0.9855198829134618,1650
75427,0.9729318734793188,1650
78069,0.9855198829134618,1650
21762,0.9855198829134618,1650
68094,0.9855198829134618,1650
38984,0.9855198829134618,1650
109899,0.9534913353720693,1650
55382,0.9729318734793188,1650
106581,0.9855198829134618,1650
81315,0.8403336748134055,1650
61904,0.9855198829134618,1650
24769,0.9855198829134618,1650
30018,0.6086956521739131,1650
71826,0.9855198829134618,1650
38967,0.878755364806867,1650
45351,0.9729318734793188,1650
105836,0.9855198829134618,1650
101294,0.6086956521739131,1650
79767,0.9855198829134618,1650
99092,0.9855198829134618,1650
62317,0.9294968363965049,1650
54013,0.8403336748134055,1650
7127,0.9855198829134618,1650
74246,0.9855198829134618,1650
106971,0.9855198829134618,1650
86663,0.8908624432603118,1650
70785,0.8908624432603118,1650
87784,0.9729318734793188,1650
94634,0.8403336748134055,1650
56026,0.878755364806867,1650
16020,0.9729318734793188,1650
103801,0.9534913353720693,1650
66109,0.8403336748134055,1650
30338,0.9294968363965049,1650
28730,0.9534913353720693,1650
21475,0.8403336748134055,1650
24976,0.9534913353720693,1650
52288,0.9605658709106984,1650
81855,0.9729318734793188,1650
20895,0.8908624432603118,1650
77194,0.9855198829134618,1650
80116,0.9605658709106984,1650
91306,0.9855198829134618,1650
32814,0.9855198829134618,1650
15780,0.9855198829134618,1650
46467,0.9855198829134618,1650
66791,0.9534913353720693,1650
109798,0.8403336748134055,1650
17392,0.9855198829134618,1650
41965,0.8908624432603118,1650
21458,0.9605658709106984,1650
74369,0.3236994219653179,1650
110264,0.9855198829134618,1650
53501,0.9328165374677002,1650
5853,0.9855198829134618,1650
81630,0.9729318734793188,1650
109622,0.9534913353720693,1650
104845,0.9729318734793188,1650
18082,0.9855198829134618,1650
44127,0.9855198829134618,1650
30229,0.8908624432603118,1650
46141,0.9855198829134618,1650
30262,0.9534913353720693,1650
93471,0.9605658709106984,1650
89892,0.9855198829134618,1650
4194,0.9855198829134618,1650
113663,0.9855198829134618,1650
29778,0.9855198829134618,1650
74475,0.9605658709106984,1650
102406,0.8908624432603118,1650
108946,0.9729318734793188,1650
107059,0.9855198829134618,1650
7888,0.8908624432603118,1650
74520,0.8607594936708861,1650
109105,0.9729318734793188,1650
96523,0.9855198829134618,1650
27334,0.8908624432603118,1650
2247,0.8908624432603118,1650
92514,0.9855198829134618,1650
72511,0.9855198829134618,1650
87375,0.9729318734793188,1650
77899,0.9534913353720693,1650
20442,0.9729318734793188,1650
44787,0.8908624432603118,1650
69903,0.9855198829134618,1650
59246,0.9729318734793188,1650
49949,0.9855198829134618,1650
3839,0.9855198829134618,1650
30724,0.9729318734793188,1650
66554,0.9729318734793188,1650
111595,0.9294968363965049,1650
73286,0.9855198829134618,1650
11688,0.9855198829134618,1650
24241,0.9855198829134618,1650
109765,0.9534913353720693,1650
63865,0.9855198829134618,1650
110537,0.9534913353720693,1650
41391,0.8403336748134055,1650
57711,0.9855198829134618,1650
54954,0.9729318734793188,1650
73199,0.8403336748134055,1650
52939,0.9729318734793188,1650
20938,0.9855198829134618,1650
74761,0.9855198829134618,1650
19962,0.8908624432603118,1650
48616,0.9534913353720693,1650
27963,0.9855198829134618,1650
109302,0.9855198829134618,1650
108815,0.9729318734793188,1650
77879,0.8403336748134055,1650
78256,0.9729318734793188,1650
11517,0.7140039447731755,1650
66452,0.9534913353720693,1650
112527,0.9855198829134618,1650
55255,0.9729318734793188,1650
11866,0.9855198829134618,1650
69545,0.9855198829134618,1650
100360,0.9855198829134618,1650
112673,0.9855198829134618,1650
42563,0.9534913353720693,1650
83948,0.8263772954924875,1650
2114,0.8403336748134055,1650
67792,0.9855198829134618,1650
82450,0.9855198829134618,1650
49803,0.9534913353720693,1650
28573,0.9534913353720693,1650
32153,0.8908624432603118,1650
53957,0.9855198829134618,1650
36670,0.9729318734793188,1650
70576,0.9855198829134618,1650
100309,0.9855198829134618,1650
78822,0.9534913353720693,1650
373,0.9729318734793188,1650
55725,0.8908624432603118,1650
84758,0.5986622073578596,1650
38506,0.9855198829134618,1650
11011,0.9855198829134618,1650
82981,0.9855198829134618,1650
56447,0.9855198829134618,1650
49559,0.8263772954924875,1650
46745,0.9328165374677002,1650
71463,0.9328165374677002,1650
91478,0.9855198829134618,1650
86492,0.9855198829134618,1650
33688,0.9855198829134618,1650
112412,0.9855198829134618,1650
44824,0.9605658709106984,1650
27342,0.8908624432603118,1650
20975,0.8908624432603118,1650
108251,0.9855198829134618,1650
64555,0.9855198829134618,1650
9795,0.9855198829134618,1650
59295,0.9421383647798742,1650
59696,0.9855198829134618,1650
98288,0.9855198829134618,1650
33705,0.9855198829134618,1650
3541,0.9605658709106984,1650
68140,0.9729318734793188,1650
35833,0.9855198829134618,1650
53239,0.9855198829134618,1650
41349,0.9855198829134618,1650
31877,0.9534913353720693,1650
47739,0.8403336748134055,1650
22586,0.9855198829134618,1650
103262,0.9328165374677002,1650
41071,0.9855198829134618,1650
47017,0.9605658709106984,1650
57192,0.8403336748134055,1650
45042,0.8908624432603118,1650
56062,0.9534913353720693,1650
73096,0.9729318734793188,1650
72395,0.9294968363965049,1650
42342,0.8403336748134055,1650
98124,0.8908624432603118,1650
86406,0.9605658709106984,1650
63525,0.9855198829134618,1650
48999,0.9328165374677002,1650
93624,0.878755364806867,1650
67634,0.8908624432603118,1650
51831,0.9294968363965049,1650
32688,0.9729318734793188,1650
71653,0.9294968363965049,1650
4114,0.9855198829134618,1650
15225,0.9294968363965049,1650
86007,0.8908624432603118,1650
95394,0.3236994219653179,1650
75753,0.9605658709106984,1650
46892,0.9534913353720693,1650
28836,0.9855198829134618,1650
20165,0.9855198829134618,1650
42959,0.9855198829134618,1650
11228,0.8403336748134055,1650
74530,0.9534913353720693,1650
68976,0.878755364806867,1650
55354,0.9534913353720693,1650
100108,0.9855198829134618,1650
4257,0.9534913353720693,1650
54616,0.6086956521739131,1650
3065,0.9729318734793188,1650
113861,0.9855198829134618,1650
24669,0.5373831775700935,1650
80428,0.9855198829134618,1650
1064,0.8908624432603118,1650
80058,0.9855198829134618,1650
95396,0.9294968363965049,1650
52456,0.9855198829134618,1650
82668,0.8403336748134055,1650
75764,0.9855198829134618,1650
15524,0.9855198829134618,1650
93548,0.9534913353720693,1650
18463,0.9729318734793188,1650
82125,0.9605658709106984,1650
106007,0.9534913353720693,1650
44312,0.9855198829134618,1650
107828,0.9855198829134618,1650
40474,0.9855198829134618,1650
79547,0.9855198829134618,1650
100043,0.9855198829134618,1650
23343,0.9605658709106984,1650
476,0.9855198829134618,1650
71368,0.9534913353720693,1650
79347,0.9855198829134618,1650
97789,0.8908624432603118,1650
67740,0.9855198829134618,1650
78458,0.9855198829134618,1650
39079,0.9855198829134618,1650
85015,0.8403336748134055,1650
26576,0.9855198829134618,1650
101860,0.9729318734793188,1650
6857,0.9605658709106984,1650
31958,0.9729318734793188,1650
31272,0.9729318734793188,1650
48164,0.9729318734793188,1650
79420,0.9534913353720693,1650
16002,0.9421383647798742,1650
58467,0.9855198829134618,1650
2480,0.9855198829134618,1650
95659,0.7601626016260162,1650
84731,0.9294968363965049,1650
27121,0.9729318734793188,1650
20430,0.9855198829134618,1650
11807,0.8263772954924875,1650
58648,0.9855198829134618,1650
56994,0.9534913353720693,1650
24498,0.9729318734793188,1650
32318,0.9855198829134618,1650
105901,0.9855198829134618,1650
27173,0.9855198829134618,1650
78794,0.878755364806867,1650
99339,0.9855198829134618,1650
102564,0.9855198829134618,1650
5057,0.9855198829134618,1650
78943,0.9534913353720693,1650
67936,0.9729318734793188,1650
104542,0.9534913353720693,1650
93684,0.7116402116402116,1650
81417,0.8908624432603118,1650
48737,0.9855198829134618,1650
50254,0.9855198829134618,1650
108389,0.8403336748134055,1650
34263,0.9855198829134618,1650
81848,0.9855198829134618,1650
73256,0.9855198829134618,1650
59637,0.9855198829134618,1650
90839,0.8908624432603118,1650
53087,0.9855198829134618,1650
100724,0.9729318734793188,1650
95213,0.9855198829134618,1650
34804,0.9729318734793188,1650
3648,0.9605658709106984,1650
98150,0.9729318734793188,1650
103711,0.9855198829134618,1650
26091,0.9855198829134618,1650
61431,0.9328165374677002,1650
73921,0.9855198829134618,1650
56089,0.9855198829134618,1650
13866,0.9855198829134618,1650
15263,0.8403336748134055,1650
4393,0.9855198829134618,1650
98548,0.6086956521739131,1650
86163,0.9534913353720693,1650
76870,0.9855198829134618,1650
83013,0.9855198829134618,1650
57067,0.8908624432603118,1650
2712,0.9605658709106984,1650
21263,0.9605658709106984,1650
55589,0.9605658709106984,1650
6748,0.9855198829134618,1650
45930,0.9855198829134618,1650
13249,0.9534913353720693,1650
14833,0.9855198829134618,1650
29516,0.9855198829134618,1650
22061,0.9328165374677002,1650
43273,0.9855198829134618,1650
72020,0.9855198829134618,1650
22762,0.8263772954924875,1650
105115,0.9729318734793188,1650
58417,0.9605658709106984,1650
5826,0.8607594936708861,1650
78091,0.8403336748134055,1650
56579,0.9855198829134618,1650
32955,0.9855198829134618,1650
83303,0.9534913353720693,1650
66322,0.5986622073578596,1650
38938,0.9328165374677002,1650
111122,0.9855198829134618,1650
21726,0.9855198829134618,1650
63701,0.9294968363965049,1650
100285,0.8403336748134055,1650
78726,0.9855198829134618,1650
31729,0.9855198829134618,1650
100514,0.9855198829134618,1650
68189,0.9855198829134618,1650
88518,0.9534913353720693,1650
32579,0.9855198829134618,1650
47192,0.9855198829134618,1650
8365,0.9294968363965049,1650
66013,0.9855198829134618,1650
72601,0.8908624432603118,1650
2503,0.9855198829134618,1650
87855,0.878755364806867,1650
110875,0.5986622073578596,1650
102179,0.9855198829134618,1650
61437,0.9855198829134618,1650
58368,0.9729318734793188,1650
80647,0.9855198829134618,1650
39836,0.9855198829134618,1650
104436,0.8403336748134055,1650
95820,0.9855198829134618,1650
35373,0.8607594936708861,1650
92353,0.9534913353720693,1650
76224,0.8908624432603118,1650
8323,0.9605658709106984,1650
60499,0.9729318734793188,1650
4574,0.9855198829134618,1650
69097,0.9729318734793188,1650
8763,0.9855198829134618,1650
14137,0.9729318734793188,1650
108332,0.9855198829134618,1650
96576,0.6086956521739131,1650
14783,0.9855198829134618,1650
32552,0.9534913353720693,1650
31436,0.8461538461538461,1650
75785,0.9855198829134618,1650
71000,0.9855198829134618,1650
49096,0.9534913353720693,1650
50829,0.9855198829134618,1650
65855,0.9421383647798742,1650
44155,0.9855198829134618,1650
106022,0.5986622073578596,1650
101913,0.9729318734793188,1650
94061,0.9855198829134618,1650
61436,0.8403336748134055,1650
93936,0.8263772954924875,1650
4976,0.9855198829134618,1650
95783,0.9534913353720693,1650
42370,0.9855198829134618,1650
93299,0.9855198829134618,1650
57837,0.8403336748134055,1650
91135,0.9328165374677002,1650
69011,0.9534913353720693,1650
2185,0.9855198829134618,1650
24089,0.9855198829134618,1650
30733,0.9534913353720693,1650
109537,0.9855198829134618,1650
105535,0.9729318734793188,1650
25491,0.9729318734793188,1650
63063,0.9855198829134618,1650
7319,0.9855198829134618,1650
19101,0.9328165374677002,1650
28161,0.9855198829134618,1650
97675,0.9294968363965049,1650
80203,0.9855198829134618,1650
98102,0.9729318734793188,1650
49924,0.9294968363965049,1650
55445,0.9421383647798742,1650
104874,0.9855198829134618,1650
47548,0.878755364806867,1650
42783,0.9534913353720693,1650
49650,0.878755364806867,1650
23222,0.9855198829134618,1650
47313,0.8403336748134055,1650
56974,0.8403336748134055,1650
86750,0.9855198829134618,1650
94368,0.9605658709106984,1650
112804,0.8908624432603118,1650
102212,0.9534913353720693,1650
69779,0.9855198829134618,1650
86969,0.9729318734793188,1650
17906,0.9855198829134618,1650
23270,0.9855198829134618,1650
3344,0.9729318734793188,1650
3415,0.9855198829134618,1650
54490,0.9294968363965049,1650
14109,0.9855198829134618,1650
110623,0.8908624432603118,1650
18228,0.7116402116402116,1650
105339,0.878755364806867,1650
107538,0.9855198829134618,1650
70171,0.9855198829134618,1650
70547,0.9729318734793188,1650
37806,0.5986622073578596,1650
38227,0.9855198829134618,1650
87933,0.9855198829134618,1650
19364,0.9729318734793188,1650
75996,0.8403336748134055,1650
41233,0.9328165374677002,1650
21083,0.9421383647798742,1650
112101,0.8403336748134055,1650
57357,0.9605658709106984,1650
13149,0.9855198829134618,1650
47444,0.9605658709106984,1650
47880,0.9605658709106984,1650
25498,0.8403336748134055,1650
85868,0.9855198829134618,1650
90502,0.9855198829134618,1650
3419,0.9855198829134618,1650
17791,0.9605658709106984,1650
96773,0.9605658709106984,1650
64594,0.9534913353720693,1650
69344,0.9729318734793188,1650
44068,0.9534913353720693,1650
70346,0.8403336748134055,1650
59371,0.9855198829134618,1650
93149,0.8403336748134055,1650
97796,0.9855198829134618,1650
90575,0.9855198829134618,1650
18383,0.8403336748134055,1650
75433,0.8403336748134055,1650
88646,0.9534913353720693,1650
35210,0.9855198829134618,1650
24595,0.9855198829134618,1650
94675,0.9855198829134618,1650
21613,0.9605658709106984,1650
79672,0.6086956521739131,1650
42932,0.9855198829134618,1650
64992,0.9855198829134618,1650
63617,0.9534913353720693,1650
38114,0.9855198829134618,1650
1994,0.9729318734793188,1650
33946,0.9855198829134618,1650
97838,0.9855198829134618,1650
24379,0.9855198829134618,1650
63281,0.9855198829134618,1650
93189,0.9855198829134618,1650
66846,0.9605658709106984,1650
21935,0.9855198829134618,1650
30774,0.9729318734793188,1650
101666,0.8403336748134055,1650
86156,0.8403336748134055,1650
104240,0.878755364806867,1650
17694,0.9328165374677002,1650
100820,0.9855198829134618,1650
111438,0.9855198829134618,1650
59857,0.9047619047619048,1650
50477,0.9855198829134618,1650
96649,0.9855198829134618,1650
65446,0.9605658709106984,1650
21712,0.9605658709106984,1650
102031,0.9729318734793188,1650
14035,0.9534913353720693,1650
9564,0.9855198829134618,1650
91890,0.9855198829134618,1650
106522,0.9855198829134618,1650
35286,0.9729318734793188,1650
65064,0.8607594936708861,1650
45947,0.9855198829134618,1650
57278,0.9729318734793188,1650
51625,0.9294968363965049,1650
17151,0.9534913353720693,1650
96277,0.9855198829134618,1650
112028,0.9328165374677002,1650
87935,0.8403336748134055,1650
58715,0.7140039447731755,1650
60684,0.9534913353720693,1650
20643,0.8908624432603118,1650
72054,0.9729318734793188,1650
6617,0.9534913353720693,1650
20724,0.8908624432603118,1650
10111,0.9534913353720693,1650
44157,0.9605658709106984,1650
68806,0.8403336748134055,1650
60738,0.9855198829134618,1650
20076,0.9855198829134618,1650
89933,0.9534913353720693,1650
73562,0.9855198829134618,1650
8994,0.9855198829134618,1650
25963,0.9855198829134618,1650
26557,0.9855198829134618,1650
92103,0.9534913353720693,1650
111741,0.9855198829134618,1650
91765,0.9328165374677002,1650
30423,0.9855198829134618,1650
12741,0.9855198829134618,1650
74216,0.8263772954924875,1650
62996,0.9534913353720693,1650
62439,0.9855198829134618,1650
39139,0.9294968363965049,1650
42596,0.8263772954924875,1650
45193,0.9328165374677002,1650
54597,0.9729318734793188,1650
75466,0.9328165374677002,1650
8878,0.9855198829134618,1650
77978,0.8908624432603118,1650
18018,0.8403336748134055,1650
92271,0.9729318734793188,1650
59881,0.9855198829134618,1650
71369,0.8908624432603118,1650
50776,0.9855198829134618,1650
83919,0.9534913353720693,1650
6799,0.7116402116402116,1650
62087,0.9855198829134618,1650
34004,0.8403336748134055,1650
29435,0.9855198829134618,1650
26038,0.9729318734793188,1650
94166,0.9855198829134618,1650
5084,0.9855198829134618,1650
50924,0.9421383647798742,1650
95070,0.9855198829134618,1650
105503,0.8908624432603118,1650
114018,0.9729318734793188,1650
55668,0.9534913353720693,1650
102291,0.9855198829134618,1650
71084,0.8403336748134055,1650
10362,0.8908624432603118,1650
79364,0.9855198829134618,1650
61403,0.9855198829134618,1650
108495,0.9294968363965049,1650
29485,0.9605658709106984,1650
93452,0.9855198829134618,1650
88836,0.9855198829134618,1650
7683,0.9855198829134618,1650
35194,0.9605658709106984,1650
111482,0.9855198829134618,1650
75268,0.9605658709106984,1650
37425,0.8908624432603118,1650
43313,0.9855198829134618,1650
87780,0.9855198829134618,1650
109655,0.9328165374677002,1650
47383,0.9294968363965049,1650
28435,0.8403336748134055,1650
50239,0.8908624432603118,1650
111316,0.9729318734793188,1650
24,0.9729318734793188,1650
41652,0.9294968363965049,1650
91018,0.9729318734793188,1650
168,0.8403336748134055,1650
1695,0.5784313725490197,1650
5215,0.9605658709106984,1650
92131,0.9294968363965049,1650
17461,0.9729318734793188,1650
60999,0.9534913353720693,1650
14180,0.7601626016260162,1650
112421,0.9729318734793188,1650
15590,0.9855198829134618,1650
43043,0.9855198829134618,1650
21199,0.9328165374677002,1650
70437,0.6086956521739131,1650
46726,0.9729318734793188,1650
82096,0.8263772954924875,1650
49205,0.9855198829134618,1650
34743,0.9855198829134618,1650
87793,0.9729318734793188,1650
87316,0.9855198829134618,1650
91668,0.9421383647798742,1650
23246,0.9534913353720693,1650
32471,0.9534913353720693,1650
32003,0.8403336748134055,1650
73934,0.9855198829134618,1650
6128,0.9729318734793188,1650
68963,0.8403336748134055,1650
88514,0.9605658709106984,1650
42629,0.9605658709106984,1650
44494,0.9729318734793188,1650
15338,0.8908624432603118,1650
412,0.9605658709106984,1650
7598,0.9729318734793188,1650
95788,0.9294968363965049,1650
61290,0.9855198829134618,1650
105880,0.9729318734793188,1650
85447,0.9729318734793188,1650
14343,0.878755364806867,1650
80358,0.9729318734793188,1650
38097,0.9534913353720693,1650
55018,0.9534913353720693,1650
72060,0.9605658709106984,1650
2567,0.9855198829134618,1650
60621,0.8908624432603118,1650
5013,0.9294968363965049,1650
104856,0.9855198829134618,1650
40103,0.9855198829134618,1650
4384,0.9855198829134618,1650
74887,0.9729318734793188,1650
113664,0.9855198829134618,1650
41008,0.9729318734793188,1650
12508,0.9605658709106984,1650
20505,0.9855198829134618,1650
56028,0.9855198829134618,1650
1053,0.9855198829134618,1650
87918,0.9729318734793188,1650
76571,0.9855198829134618,1650
84194,0.9729318734793188,1650
105117,0.8908624432603118,1650
46952,0.9421383647798742,1650
37416,0.7140039447731755,1650
8633,0.9421383647798742,1650
12108,0.9729318734793188,1650
12080,0.8908624432603118,1650
1756,0.9855198829134618,1650
51180,0.878755364806867,1650
85572,0.9605658709106984,1650
67611,0.9855198829134618,1650
32533,0.8607594936708861,1650
27127,0.9421383647798742,1650
23442,0.9855198829134618,1650
3660,0.9294968363965049,1650
89888,0.9729318734793188,1650
58072,0.9729318734793188,1650
35582,0.9855198829134618,1650
58575,0.9605658709106984,1650
78856,0.9855198829134618,1650
18101,0.9855198829134618,1650
11730,0.9855198829134618,1650
55046,0.9328165374677002,1650
51200,0.9855198829134618,1650
40124,0.9855198829134618,1650
52629,0.9855198829134618,1650
28376,0.9855198829134618,1650
71918,0.9855198829134618,1650
72780,0.9855198829134618,1650
28963,0.9605658709106984,1650
16311,0.9855198829134618,1650
102629,0.9855198829134618,1650
92272,0.9534913353720693,1650
96196,0.8908624432603118,1650
108252,0.9855198829134618,1650
88184,0.9855198829134618,1650
57034,0.9855198829134618,1650
97491,0.9855198829134618,1650
28253,0.9294968363965049,1650
45788,0.8908624432603118,1650
62004,0.7140039447731755,1650
108229,0.9534913353720693,1650
110348,0.468,1650
53673,0.9328165374677002,1650
67167,0.8403336748134055,1650
74347,0.9605658709106984,1650
64728,0.9855198829134618,1650
99887,0.8908624432603118,1650
16075,0.9328165374677002,1650
28509,0.9729318734793188,1650
50734,0.8403336748134055,1650
32664,0.9729318734793188,1650
36612,0.8403336748134055,1650
29285,0.9855198829134618,1650
111617,0.9855198829134618,1650
10807,0.9534913353720693,1650
70555,0.9534913353720693,1650
77345,0.8263772954924875,1650
107811,0.9605658709106984,1650
81606,0.9855198829134618,1650
41037,0.9421383647798742,1650
61676,0.8403336748134055,1650
52963,0.9855198829134618,1650
113463,0.9855198829134618,1650
73430,0.9855198829134618,1650
75031,0.9855198829134618,1650
36028,0.8908624432603118,1650
57246,0.9729318734793188,1650
363,0.9729318734793188,1650
59907,0.9729318734793188,1650
100239,0.9855198829134618,1650
46379,0.9534913353720693,1650
9791,0.9855198829134618,1650
65865,0.9855198829134618,1650
103808,0.9855198829134618,1650
68380,0.9534913353720693,1650
69889,0.9855198829134618,1650
10077,0.9855198829134618,1650
87488,0.9534913353720693,1650
25865,0.8403336748134055,1650
9301,0.8607594936708861,1650
64944,0.9605658709106984,1650
41917,0.9729318734793188,1650
24136,0.9855198829134618,1650
87529,0.9855198829134618,1650
24869,0.9855198829134618,1650
108048,0.9729318734793188,1650
26326,0.8908624432603118,1650
33133,0.9855198829134618,1650
54081,0.878755364806867,1650
90679,0.9534913353720693,1650
4778,0.9729318734793188,1650
44914,0.9328165374677002,1650
333,0.9855198829134618,1650
87962,0.8263772954924875,1650
44147,0.9605658709106984,1650
55633,0.9855198829134618,1650
16687,0.9729318734793188,1650
112384,0.9294968363965049,1650
113334,0.8908624432603118,1650
25140,0.9605658709106984,1650
36195,0.8403336748134055,1650
87643,0.9729318734793188,1650
11668,0.9605658709106984,1650
22824,0.9729318734793188,1650
6694,0.9855198829134618,1650
24351,0.9729318734793188,1650
11519,0.9729318734793188,1650
82195,0.9855198829134618,1650
27758,0.9855198829134618,1650
47,0.9855198829134618,1650
24196,0.9855198829134618,1650
60242,0.9729318734793188,1650
15074,0.8908624432603118,1650
15251,0.9855198829134618,1650
111082,0.8403336748134055,1650
42043,0.9534913353720693,1650
14784,0.8908624432603118,1650
100761,0.9855198829134618,1650
19128,0.8403336748134055,1650
89417,0.9855198829134618,1650
107586,0.8908624432603118,1650
43444,0.9855198829134618,1650
72815,0.9855198829134618,1650
56069,0.9855198829134618,1650
5891,0.6086956521739131,1650
52872,0.9534913353720693,1650
6135,0.9855198829134618,1650
78769,0.9855198829134618,1650
31931,0.7116402116402116,1650
20446,0.9855198829134618,1650
48818,0.9855198829134618,1650
51965,0.9855198829134618,1650
9157,0.9855198829134618,1650
42588,0.9729318734793188,1650
53072,0.9294968363965049,1650
83254,0.9855198829134618,1650
111878,0.9729318734793188,1650
67764,0.8403336748134055,1650
7137,0.9729318734793188,1650
112536,0.9855198829134618,1650
28757,0.9605658709106984,1650
104492,0.8403336748134055,1650
29888,0.8403336748134055,1650
16758,0.9855198829134618,1650
37706,0.8403336748134055,1650
59764,0.9605658709106984,1650
87889,0.9855198829134618,1650
65093,0.9855198829134618,1650
51539,0.9729318734793188,1650
99288,0.9729318734793188,1650
24728,0.9855198829134618,1650
66566,0.9855198829134618,1650
45829,0.9294968363965049,1650
95015,0.9855198829134618,1650
90734,0.8908624432603118,1650
94449,0.9605658709106984,1650
7887,0.9855198829134618,1650
92446,0.9729318734793188,1650
7138,0.9729318734793188,1650
13464,0.9605658709106984,1650
4374,0.9855198829134618,1650
33453,0.9855198829134618,1650
18741,0.9729318734793188,1650
41568,0.9534913353720693,1650
102870,0.9855198829134618,1650
39530,0.9328165374677002,1650
3417,0.8403336748134055,1650
293,0.9855198829134618,1650
96391,0.9855198829134618,1650
73082,0.9855198829134618,1650
13216,0.9421383647798742,1650
40937,0.9729318734793188,1650
42012,0.9855198829134618,1650
68918,0.9855198829134618,1650
85912,0.9855198829134618,1650
56896,0.8607594936708861,1650
85244,0.878755364806867,1650
97017,0.9855198829134618,1650
35829,0.9729318734793188,1650
75600,0.9855198829134618,1650
103135,0.8908624432603118,1650
104316,0.9855198829134618,1650
96678,0.9855198829134618,1650
59603,0.8403336748134055,1650
51455,0.9729318734793188,1650
103485,0.9855198829134618,1650
53657,0.9855198829134618,1650
108079,0.9855198829134618,1650
100703,0.9605658709106984,1650
75642,0.9328165374677002,1650
44927,0.9294968363965049,1650
33323,0.9534913353720693,1650
44117,0.9605658709106984,1650
10642,0.8403336748134055,1650
62916,0.6086956521739131,1650
30548,0.9855198829134618,1650
11690,0.9855198829134618,1650
87591,0.9855198829134618,1650
85630,0.9729318734793188,1650
17851,0.9855198829134618,1650
6836,0.9729318734793188,1650
37812,0.9855198829134618,1650
75619,0.9855198829134618,1650
94228,0.9605658709106984,1650
93238,0.9855198829134618,1650
75163,0.9294968363965049,1650
2577,0.9729318734793188,1650
88618,0.9605658709106984,1650
2401,0.9294968363965049,1650
48571,0.8403336748134055,1650
99187,0.9729318734793188,1650
91999,0.8908624432603118,1650
1683,0.8908624432603118,1650
109394,0.9855198829134618,1650
63932,0.9855198829134618,1650
50506,0.9534913353720693,1650
97874,0.9855198829134618,1650
14341,0.8403336748134055,1650
14029,0.9605658709106984,1650
62277,0.9855198829134618,1650
61773,0.9855198829134618,1650
55472,0.8908624432603118,1650
43918,0.9855198829134618,1650
33033,0.9855198829134618,1650
84733,0.9855198829134618,1650
86927,0.9328165374677002,1650
87493,0.9729318734793188,1650
41477,0.7116402116402116,1650
63152,0.468,1650
26152,0.9855198829134618,1650
61149,0.9328165374677002,1650
26562,0.9855198829134618,1650
12293,0.9605658709106984,1650
68595,0.9855198829134618,1650
21397,0.9729318734793188,1650
5772,0.9855198829134618,1650
34204,0.9534913353720693,1650
25245,0.9855198829134618,1650
19462,0.9729318734793188,1650
20342,0.8908624432603118,1650
107837,0.6086956521739131,1650
80158,0.9855198829134618,1650
55312,0.9729318734793188,1650
8289,0.9729318734793188,1650
79977,0.9605658709106984,1650
29649,0.9855198829134618,1650
111638,0.9729318734793188,1650
6573,0.9855198829134618,1650
89886,0.9855198829134618,1650
23859,0.8908624432603118,1650
69221,0.9855198829134618,1650
100041,0.9534913353720693,1650
58256,0.9729318734793188,1650
106468,0.9855198829134618,1650
36172,0.9855198829134618,1650
14616,0.8908624432603118,1650
616,0.9729318734793188,1650
91017,0.9855198829134618,1650
56399,0.9729318734793188,1650
9669,0.9855198829134618,1650
44754,0.9855198829134618,1650
64692,0.9729318734793188,1650
40852,0.9328165374677002,1650
81009,0.9294968363965049,1650
18136,0.9855198829134618,1650
30455,0.9328165374677002,1650
80046,0.9855198829134618,1650
50266,0.9855198829134618,1650
94520,0.9605658709106984,1650
4210,0.9294968363965049,1650
37262,0.9855198829134618,1650
15538,0.9855198829134618,1650
70262,0.8908624432603118,1650
29264,0.9534913353720693,1650
36114,0.9855198829134618,1650
92710,0.8403336748134055,1650
97164,0.9328165374677002,1650
100192,0.9294968363965049,1650
74867,0.9855198829134618,1650
106065,0.9855198829134618,1650
87684,0.9534913353720693,1650
39754,0.8607594936708861,1650
20604,0.9855198829134618,1650
2169,0.468,1650
66167,0.9605658709106984,1650
19774,0.9855198829134618,1650
89453,0.9855198829134618,1650
49994,0.8403336748134055,1650
50840,0.9855198829134618,1650
97210,0.9729318734793188,1650
29537,0.8908624432603118,1650
110322,0.9855198829134618,1650
64311,0.9855198829134618,1650
105085,0.8908624432603118,1650
56787,0.9855198829134618,1650
90846,0.9729318734793188,1650
9604,0.9855198829134618,1650
31495,0.9729318734793188,1650
64918,0.9729318734793188,1650
55792,0.9855198829134618,1650
45975,0.9294968363965049,1650
82386,0.9855198829134618,1650
92106,0.9855198829134618,1650
96499,0.9534913353720693,1650
24080,0.8908624432603118,1650
68422,0.9855198829134618,1650
90745,0.9855198829134618,1650
8524,0.9605658709106984,1650
88066,0.8403336748134055,1650
88598,0.9421383647798742,1650
111441,0.9534913353720693,1650
2322,0.9421383647798742,1650
85098,0.8908624432603118,1650
12843,0.9855198829134618,1650
73040,0.8263772954924875,1650
53139,0.3236994219653179,1650
99972,0.9855198829134618,1650
8007,0.9855198829134618,1650
58446,0.9855198829134618,1650
28784,0.9855198829134618,1650
55640,0.9294968363965049,1650
65431,0.9855198829134618,1650
88660,0.9855198829134618,1650
12262,0.9855198829134618,1650
55628,0.9855198829134618,1650
44529,0.8263772954924875,1650
17966,0.8403336748134055,1650
79542,0.8908624432603118,1650
59855,0.8403336748134055,1650
63435,0.9421383647798742,1650
106050,0.9855198829134618,1650
37274,0.9855198829134618,1650
24798,0.9855198829134618,1650
68368,0.9328165374677002,1650
60786,0.9729318734793188,1650
39392,0.9729318734793188,1650
88221,0.9855198829134618,1650
33319,0.8263772954924875,1650
73896,0.9729318734793188,1650
43526,0.9855198829134618,1650
28290,0.9855198829134618,1650
6844,0.9534913353720693,1650
4128,0.5784313725490197,1650
20730,0.9729318734793188,1650
58780,0.9855198829134618,1650
81531,0.9534913353720693,1650
61688,0.9605658709106984,1650
12468,0.9855198829134618,1650
78616,0.9855198829134618,1650
9629,0.9328165374677002,1650
64050,0.9855198829134618,1650
84065,0.9729318734793188,1650
72231,0.9855198829134618,1650
32687,0.9855198829134618,1650
79989,0.9855198829134618,1650
46942,0.8403336748134055,1650
112835,0.9605658709106984,1650
26354,0.8263772954924875,1650
53126,0.9855198829134618,1650
62472,0.9534913353720693,1650
28634,0.8908624432603118,1650
80423,0.9534913353720693,1650
86981,0.9729318734793188,1650
1891,0.878755364806867,1650
42309,0.8403336748134055,1650
99823,0.8403336748134055,1650
15943,0.9855198829134618,1650
111897,0.8908624432603118,1650
113101,0.9855198829134618,1650
43995,0.8403336748134055,1650
104538,0.9328165374677002,1650
87634,0.9855198829134618,1650
74892,0.5986622073578596,1650
103825,0.9855198829134618,1650
108765,0.9855198829134618,1650
70362,0.8263772954924875,1650
1153,0.9855198829134618,1650
78407,0.9534913353720693,1650
46404,0.8403336748134055,1650
112883,0.9729318734793188,1650
42333,0.9047619047619048,1650
113053,0.9729318734793188,1650
45899,0.9855198829134618,1650
39210,0.8403336748134055,1650
26438,0.9855198829134618,1650
10841,0.9855198829134618,1650
32405,0.8403336748134055,1650
111749,0.9605658709106984,1650
87224,0.9534913353720693,1650
56874,0.9729318734793188,1650
79091,0.9855198829134618,1650
102941,0.8403336748134055,1650
91944,0.9729318734793188,1650
49858,0.8908624432603118,1650
39609,0.9855198829134618,1650
76193,0.9855198829134618,1650
40946,0.9534913353720693,1650
69686,0.9605658709106984,1650
53967,0.9534913353720693,1650
107845,0.9534913353720693,1650
81352,0.9855198829134618,1650
77063,0.9294968363965049,1650
60528,0.9605658709106984,1650
18065,0.9855198829134618,1650
4182,0.9729318734793188,1650
7608,0.9729318734793188,1650
112745,0.9855198829134618,1650
22855,0.9729318734793188,1650
7801,0.9729318734793188,1650
10214,0.8908624432603118,1650
53628,0.9855198829134618,1650
24659,0.9855198829134618,1650
102825,0.9534913353720693,1650
28196,0.9855198829134618,1650
106695,0.9534913353720693,1650
13129,0.9729318734793188,1650
15558,0.9855198829134618,1650
78881,0.9855198829134618,1650
46706,0.9855198829134618,1650
7465,0.9855198829134618,1650
35737,0.8908624432603118,1650
65329,0.9855198829134618,1650
3420,0.9729318734793188,1650
9317,0.9534913353720693,1650
62936,0.9855198829134618,1650
102090,0.9855198829134618,1650
83180,0.9855198829134618,1650
106861,0.9328165374677002,1650
38754,0.9534913353720693,1650
46105,0.9855198829134618,1650
77783,0.8403336748134055,1650
108798,0.9855198829134618,1650
110852,0.9855198829134618,1650
51503,0.9605658709106984,1650
23663,0.9855198829134618,1650
56742,0.9855198829134618,1650
61673,0.9855198829134618,1650
34587,0.9729318734793188,1650
59540,0.9855198829134618,1650
78159,0.8263772954924875,1650
108586,0.9534913353720693,1650
89902,0.9729318734793188,1650
100468,0.9294968363965049,1650
49027,0.9855198829134618,1650
79240,0.8908624432603118,1650
85280,0.9855198829134618,1650
43269,0.9534913353720693,1650
25581,0.9729318734793188,1650
89962,0.9855198829134618,1650
24169,0.9729318734793188,1650
91149,0.9855198829134618,1650
31172,0.8908624432603118,1650
14052,0.9855198829134618,1650
18261,0.8908624432603118,1650
1007,0.9855198829134618,1650
8663,0.9855198829134618,1650
92223,0.9855198829134618,1650
100705,0.9855198829134618,1650
7890,0.9729318734793188,1650
51240,0.9729318734793188,1650
99205,0.9855198829134618,1650
88511,0.6086956521739131,1650
56236,0.8403336748134055,1650
38721,0.8908624432603118,1650
28014,0.7140039447731755,1650
27241,0.8263772954924875,1650
50591,0.9855198829134618,1650
52545,0.8403336748134055,1650
112993,0.9855198829134618,1650
60329,0.8263772954924875,1650
38710,0.9855198829134618,1650
65180,0.9855198829134618,1650
94766,0.9605658709106984,1650
3683,0.8908624432603118,1650
54496,0.9855198829134618,1650
112692,0.8403336748134055,1650
68779,0.9729318734793188,1650
84659,0.9605658709106984,1650
36454,0.9605658709106984,1650
39425,0.9328165374677002,1650
45409,0.878755364806867,1650
95851,0.9605658709106984,1650
34685,0.8908624432603118,1650
58184,0.9855198829134618,1650
111903,0.9729318734793188,1650
6973,0.8403336748134055,1650
90997,0.9855198829134618,1650
70464,0.9855198829134618,1650
99881,0.9855198829134618,1650
109246,0.9855198829134618,1650
7266,0.9534913353720693,1650
106350,0.9328165374677002,1650
108879,0.9534913353720693,1650
54931,0.9855198829134618,1650
85052,0.9605658709106984,1650
91469,0.9534913353720693,1650
54411,0.9605658709106984,1650
23882,0.6086956521739131,1650
31271,0.9855198829134618,1650
58303,0.8403336748134055,1650
101070,0.9534913353720693,1650
102,0.878755364806867,1650
5068,0.9534913353720693,1650
54831,0.9855198829134618,1650
44012,0.9328165374677002,1650
36750,0.8908624432603118,1650
59896,0.9855198829134618,1650
87137,0.8908624432603118,1650
45084,0.9729318734793188,1650
60389,0.9855198829134618,1650
110298,0.9534913353720693,1650
72316,0.9855198829134618,1650
88374,0.9729318734793188,1650
101500,0.8403336748134055,1650
103070,0.9534913353720693,1650
40807,0.9605658709106984,1650
43627,0.9855198829134618,1650
96767,0.9421383647798742,1650
103004,0.8403336748134055,1650
110401,0.9605658709106984,1650
36029,0.9729318734793188,1650
60198,0.9729318734793188,1650
27553,0.9605658709106984,1650
30871,0.8403336748134055,1650
60340,0.9729318734793188,1650
109100,0.9729318734793188,1650
91718,0.9855198829134618,1650
82241,0.9855198829134618,1650
62587,0.9855198829134618,1650
100387,0.9855198829134618,1650
20575,0.9729318734793188,1650
85593,0.8908624432603118,1650
24429,0.9534913353720693,1650
13613,0.9855198829134618,1650
101007,0.9855198829134618,1650
68222,0.9328165374677002,1650
19118,0.9855198829134618,1650
111719,0.9855198829134618,1650
85451,0.9294968363965049,1650
75220,0.6086956521739131,1650
28350,0.9729318734793188,1650
78615,0.9855198829134618,1650
30230,0.9328165374677002,1650
65903,0.8403336748134055,1650
85196,0.9855198829134618,1650
29995,0.9605658709106984,1650
66467,0.8403336748134055,1650
108631,0.8403336748134055,1650
106338,0.9855198829134618,1650
53729,0.7601626016260162,1650
7059,0.9534913353720693,1650
4988,0.7140039447731755,1650
108160,0.9294968363965049,1650
14528,0.9729318734793188,1650
71763,0.9534913353720693,1650
22867,0.8403336748134055,1650
100625,0.9605658709106984,1650
91654,0.8403336748134055,1650
97439,0.9855198829134618,1650
4790,0.9855198829134618,1650
60393,0.8908624432603118,1650
78001,0.8908624432603118,1650
98414,0.8908624432603118,1650
82962,0.9855198829134618,1650
96341,0.9855198829134618,1650
94690,0.9729318734793188,1650
67989,0.9855198829134618,1650
67423,0.9605658709106984,1650
37565,0.9855198829134618,1650
24448,0.9294968363965049,1650
33010,0.6086956521739131,1650
55137,0.8263772954924875,1650
50469,0.9855198829134618,1650
41752,0.9534913353720693,1650
38513,0.9855198829134618,1650
16894,0.9855198829134618,1650
54425,0.9294968363965049,1650
40872,0.9729318734793188,1650
94531,0.8908624432603118,1650
43124,0.8403336748134055,1650
4713,0.9855198829134618,1650
10635,0.9294968363965049,1650
24505,0.9855198829134618,1650
96898,0.878755364806867,1650
50325,0.9855198829134618,1650
62330,0.9855198829134618,1650
22826,0.8403336748134055,1650
44382,0.9855198829134618,1650
43679,0.9605658709106984,1650
54821,0.9855198829134618,1650
21339,0.9855198829134618,1650
84750,0.8908624432603118,1650
64930,0.9855198829134618,1650
106054,0.9855198829134618,1650
32899,0.8908624432603118,1650
3553,0.9855198829134618,1650
44515,0.8403336748134055,1650
52907,0.9605658709106984,1650
87740,0.9855198829134618,1650
41457,0.9855198829134618,1650
86793,0.9294968363965049,1650
59666,0.9855198829134618,1650
68848,0.9855198829134618,1650
74990,0.9605658709106984,1650
97855,0.9729318734793188,1650
14118,0.9855198829134618,1650
36676,0.9855198829134618,1650
34394,0.5373831775700935,1650
113330,0.9534913353720693,1650
82998,0.9855198829134618,1650
72465,0.9534913353720693,1650
47207,0.9855198829134618,1650
37424,0.9729318734793188,1650
1281,0.9534913353720693,1650
5872,0.9605658709106984,1650
75073,0.9534913353720693,1650
14778,0.9294968363965049,1650
73975,0.9294968363965049,1650
92013,0.9729318734793188,1650
6070,0.9328165374677002,1650
109980,0.9855198829134618,1650
23842,0.9855198829134618,1650
113096,0.9729318734793188,1650
57922,0.9534913353720693,1650
23897,0.14285714285714285,1650
108713,0.9328165374677002,1650
76049,0.8908624432603118,1650
61080,0.9855198829134618,1650
104683,0.8403336748134055,1650
81860,0.8908624432603118,1650
99559,0.9855198829134618,1650
73670,0.9855198829134618,1650
41967,0.9294968363965049,1650
109393,0.9534913353720693,1650
34764,0.9855198829134618,1650
24626,0.9855198829134618,1650
30442,0.9294968363965049,1650
118,0.9855198829134618,1650
58324,0.9729318734793188,1650
51075,0.9729318734793188,1650
72968,0.9855198829134618,1650
48267,0.8403336748134055,1650
51231,0.9294968363965049,1650
31179,0.9534913353720693,1650
104202,0.9729318734793188,1650
100609,0.9605658709106984,1650
51915,0.9729318734793188,1650
14588,0.9855198829134618,1650
15652,0.8908624432603118,1650
55816,0.8403336748134055,1650
10347,0.9855198829134618,1650
6111,0.6086956521739131,1650
60336,0.9421383647798742,1650
45973,0.9855198829134618,1650
71819,0.8908624432603118,1650
28674,0.9855198829134618,1650
22644,0.9855198829134618,1650
81212,0.9855198829134618,1650
33742,0.9534913353720693,1650
63329,0.6086956521739131,1650
56059,0.9855198829134618,1650
86481,0.9294968363965049,1650
3786,0.9534913353720693,1650
15224,0.8403336748134055,1650
95913,0.9855198829134618,1650
37405,0.9534913353720693,1650
35110,0.9855198829134618,1650
1391,0.9855198829134618,1650
80469,0.9855198829134618,1650
80435,0.9855198829134618,1650
62882,0.8263772954924875,1650
65318,0.9855198829134618,1650
45964,0.9605658709106984,1650
23111,0.9729318734793188,1650
5712,0.9855198829134618,1650
2220,0.9855198829134618,1650
94278,0.9294968363965049,1650
81832,0.9605658709106984,1650
7843,0.8403336748134055,1650
10593,0.8908624432603118,1650
76363,0.9729318734793188,1650
66046,0.9729318734793188,1650
91249,0.8908624432603118,1650
40724,0.9729318734793188,1650
62902,0.9729318734793188,1650
28960,0.9729318734793188,1650
105340,0.9855198829134618,1650
61052,0.9855198829134618,1650
11878,0.9855198829134618,1650
35681,0.9855198829134618,1650
61438,0.9294968363965049,1650
89376,0.9855198829134618,1650
69447,0.9855198829134618,1650
94577,0.9855198829134618,1650
93894,0.8403336748134055,1650
37681,0.9534913353720693,1650
18146,0.9729318734793188,1650
22785,0.9855198829134618,1650
59152,0.8908624432603118,1650
108310,0.9534913353720693,1650
76206,0.9421383647798742,1650
53131,0.8403336748134055,1650
64570,0.7140039447731755,1650
807,0.8403336748134055,1650
26034,0.9855198829134618,1650
13198,0.9294968363965049,1650
101108,0.9534913353720693,1650
2278,0.9855198829134618,1650
45769,0.9605658709106984,1650
103405,0.9855198829134618,1650
30619,0.9855198829134618,1650
39028,0.9605658709106984,1650
69238,0.8908624432603118,1650
97162,0.9729318734793188,1650
99975,0.9729318734793188,1650
22138,0.9855198829134618,1650
43695,0.9855198829134618,1650
42157,0.9855198829134618,1650
110040,0.9855198829134618,1650
111992,0.9534913353720693,1650
43481,0.9605658709106984,1650
87291,0.9855198829134618,1650
24884,0.9855198829134618,1650
35123,0.9855198829134618,1650
38340,0.9294968363965049,1650
39304,0.9855198829134618,1650
56829,0.9855198829134618,1650
87652,0.9294968363965049,1650
93823,0.8403336748134055,1650
108303,0.9855198829134618,1650
21107,0.8403336748134055,1650
104835,0.9328165374677002,1650
87068,0.9855198829134618,1650
111425,0.9534913353720693,1650
93276,0.9328165374677002,1650
101577,0.8403336748134055,1650
30465,0.9855198829134618,1650
4753,0.9855198829134618,1650
7021,0.9855198829134618,1650
99710,0.9534913353720693,1650
54261,0.9294968363965049,1650
385,0.9855198829134618,1650
111306,0.3236994219653179,1650
51695,0.9855198829134618,1650
84227,0.9328165374677002,1650
43560,0.8908624432603118,1650
35120,0.9729318734793188,1650
7996,0.9855198829134618,1650
84639,0.9855198829134618,1650
77708,0.9855198829134618,1650
12577,0.9605658709106984,1650
40997,0.9855198829134618,1650
48758,0.9855198829134618,1650
105994,0.9328165374677002,1650
60757,0.9855198829134618,1650
22933,0.9855198829134618,1650
94699,0.9534913353720693,1650
31527,0.8908624432603118,1650
32762,0.9855198829134618,1650
16987,0.9855198829134618,1650
14689,0.9855198829134618,1650
77219,0.9729318734793188,1650
44437,0.9855198829134618,1650
41788,0.9855198829134618,1650
16194,0.9855198829134618,1650
83607,0.9534913353720693,1650
38854,0.9729318734793188,1650
26129,0.9855198829134618,1650
80776,0.9855198829134618,1650
34167,0.9328165374677002,1650
58369,0.9328165374677002,1650
7013,0.9605658709106984,1650
61238,0.8908624432603118,1650
20084,0.8908624432603118,1650
57944,0.9729318734793188,1650
17987,0.9855198829134618,1650
112126,0.9534913353720693,1650
15929,0.9855198829134618,1650
1809,0.8403336748134055,1650
69514,0.6086956521739131,1650
47716,0.9534913353720693,1650
85526,0.9328165374677002,1650
23733,0.8403336748134055,1650
13840,0.8403336748134055,1650
61538,0.9421383647798742,1650
12152,0.9729318734793188,1650
20669,0.9855198829134618,1650
54633,0.9855198829134618,1650
38704,0.9855198829134618,1650
58512,0.9855198829134618,1650
85219,0.9855198829134618,1650
2916,0.9855198829134618,1650
103007,0.9855198829134618,1650
90880,0.9729318734793188,1650
93067,0.9328165374677002,1650
72174,0.9855198829134618,1650
16353,0.9328165374677002,1650
41238,0.9729318734793188,1650
64043,0.9855198829134618,1650
108914,0.9729318734793188,1650
89226,0.878755364806867,1650
43515,0.9855198829134618,1650
58683,0.8403336748134055,1650
77166,0.8908624432603118,1650
65486,0.9729318734793188,1650
3440,0.9729318734793188,1650
14385,0.9729318734793188,1650
60450,0.9855198829134618,1650
112349,0.9855198829134618,1650
73936,0.9855198829134618,1650
83779,0.7140039447731755,1650
104408,0.8403336748134055,1650
96096,0.9855198829134618,1650
17445,0.9729318734793188,1650
99933,0.9855198829134618,1650
50474,0.9855198829134618,1650
109872,0.9534913353720693,1650
110554,0.8908624432603118,1650
100267,0.9855198829134618,1650
3250,0.9855198829134618,1650
51001,0.9294968363965049,1650
107006,0.8263772954924875,1650
20653,0.9534913353720693,1650
34960,0.9855198829134618,1650
87153,0.9605658709106984,1650
108358,0.8403336748134055,1650
15196,0.8403336748134055,1650
36810,0.9605658709106984,1650
17504,0.3236994219653179,1650
23210,0.9855198829134618,1650
77240,0.9421383647798742,1650
38586,0.9534913353720693,1650
45241,0.9855198829134618,1650
40161,0.9328165374677002,1650
530,0.9328165374677002,1650
24097,0.9855198829134618,1650
109137,0.9729318734793188,1650
103608,0.9729318734793188,1650
56145,0.9534913353720693,1650
49100,0.9605658709106984,1650
49083,0.9328165374677002,1650
9065,0.9855198829134618,1650
52501,0.9605658709106984,1650
80275,0.7140039447731755,1650
30242,0.9855198829134618,1650
69609,0.9855198829134618,1650
20655,0.9855198829134618,1650
76241,0.9855198829134618,1650
20933,0.9855198829134618,1650
45059,0.9855198829134618,1650
42448,0.9605658709106984,1650
33892,0.9855198829134618,1650
100150,0.9729318734793188,1650
30688,0.9855198829134618,1650
75089,0.9605658709106984,1650
58797,0.3236994219653179,1650
44632,0.9855198829134618,1650
83647,0.9605658709106984,1650
86078,0.8403336748134055,1650
72526,0.9855198829134618,1650
25851,0.9534913353720693,1650
5829,0.9605658709106984,1650
95656,0.8908624432603118,1650
53627,0.9855198829134618,1650
90132,0.9855198829134618,1650
60231,0.9328165374677002,1650
47824,0.9855198829134618,1650
65024,0.9855198829134618,1650
3883,0.9729318734793188,1650
81809,0.9855198829134618,1650
65222,0.9294968363965049,1650
7749,0.9534913353720693,1650
39657,0.9855198829134618,1650
111186,0.8403336748134055,1650
75841,0.8908624432603118,1650
54120,0.9855198829134618,1650
101792,0.9855198829134618,1650
97705,0.9855198829134618,1650
62879,0.9855198829134618,1650
94326,0.14285714285714285,1650
31979,0.9855198829134618,1650
89924,0.9855198829134618,1650
33011,0.8403336748134055,1650
106780,0.9328165374677002,1650
92204,0.9534913353720693,1650
29893,0.9855198829134618,1650
52583,0.9855198829134618,1650
1841,0.9855198829134618,1650
8991,0.9729318734793188,1650
12626,0.9855198829134618,1650
71100,0.9855198829134618,1650
20574,0.9855198829134618,1650
104803,0.9855198829134618,1650
72965,0.8263772954924875,1650
36754,0.9855198829134618,1650
7362,0.8403336748134055,1650
6540,0.9729318734793188,1650
52384,0.9534913353720693,1650
91105,0.9605658709106984,1650
8139,0.9855198829134618,1650
77913,0.9855198829134618,1650
2118,0.9855198829134618,1650
101779,0.9855198829134618,1650
72534,0.9294968363965049,1650
42957,0.8607594936708861,1650
92895,0.8263772954924875,1650
59348,0.8403336748134055,1650
5820,0.9729318734793188,1650
46626,0.9534913353720693,1650
98258,0.9855198829134618,1650
21211,0.9855198829134618,1650
29838,0.9855198829134618,1650
86842,0.9294968363965049,1650
27950,0.8263772954924875,1650
73847,0.9328165374677002,1650
93709,0.8403336748134055,1650
15241,0.9855198829134618,1650
43130,0.8403336748134055,1650
36806,0.9855198829134618,1650
1330,0.9855198829134618,1650
94619,0.9729318734793188,1650
51911,0.9421383647798742,1650
89049,0.9729318734793188,1650
65513,0.9855198829134618,1650
84587,0.7601626016260162,1650
90844,0.9294968363965049,1650
111100,0.9855198829134618,1650
96950,0.9294968363965049,1650
17959,0.9421383647798742,1650
97119,0.9605658709106984,1650
10031,0.8403336748134055,1650
88437,0.9855198829134618,1650
82303,0.6086956521739131,1650
9724,0.9855198829134618,1650
83306,0.8908624432603118,1650
55012,0.9534913353720693,1650
2714,0.9855198829134618,1650
28318,0.9729318734793188,1650
106912,0.9855198829134618,1650
90893,0.8607594936708861,1650
99813,0.9534913353720693,1650
50256,0.9855198829134618,1650
21310,0.9294968363965049,1650
57582,0.9855198829134618,1650
67864,0.8908624432603118,1650
52580,0.9855198829134618,1650
111217,0.9855198829134618,1650
26371,0.9729318734793188,1650
82859,0.9855198829134618,1650
57627,0.8403336748134055,1650
3952,0.9855198829134618,1650
38327,0.9855198829134618,1650
15459,0.9534913353720693,1650
32626,0.9855198829134618,1650
68093,0.8403336748134055,1650
108644,0.9855198829134618,1650
49440,0.9534913353720693,1650
74694,0.9855198829134618,1650
42981,0.9855198829134618,1650
64011,0.9855198829134618,1650
42020,0.9534913353720693,1650
3756,0.9328165374677002,1650
111113,0.9855198829134618,1650
9717,0.9729318734793188,1650
65891,0.9729318734793188,1650
2231,0.9855198829134618,1650
72877,0.9294968363965049,1650
42938,0.8403336748134055,1650
84916,0.9729318734793188,1650
80555,0.8403336748134055,1650
57855,0.9534913353720693,1650
1243,0.9534913353720693,1650
13117,0.9855198829134618,1650
92834,0.9855198829134618,1650
14806,0.9855198829134618,1650
3887,0.9294968363965049,1650
106447,0.9534913353720693,1650
100000,0.9294968363965049,1650
33966,0.9855198829134618,1650
53695,0.878755364806867,1650
66189,0.9855198829134618,1650
103077,0.8403336748134055,1650
1991,0.9855198829134618,1650
22649,0.9855198829134618,1650
82655,0.8263772954924875,1650
71610,0.9855198829134618,1650
40759,0.9605658709106984,1650
63980,0.9294968363965049,1650
105453,0.9729318734793188,1650
51302,0.9328165374677002,1650
47881,0.9855198829134618,1650
6900,0.9855198829134618,1650
104967,0.9605658709106984,1650
41524,0.9534913353720693,1650
56955,0.8263772954924875,1650
17493,0.9855198829134618,1650
92614,0.9855198829134618,1650
78501,0.9855198829134618,1650
40325,0.9729318734793188,1650
20551,0.9534913353720693,1650
103686,0.8607594936708861,1650
108662,0.9855198829134618,1650
47191,0.9855198829134618,1650
19552,0.9855198829134618,1650
11588,0.9855198829134618,1650
51052,0.9855198829134618,1650
35275,0.9855198829134618,1650
89674,0.9729318734793188,1650
25635,0.7140039447731755,1650
5858,0.9605658709106984,1650
93813,0.8403336748134055,1650
109558,0.9855198829134618,1650
77019,0.9729318734793188,1650
53636,0.9855198829134618,1650
57157,0.9855198829134618,1650
92159,0.3236994219653179,1650
112341,0.5784313725490197,1650
97690,0.9605658709106984,1650
102290,0.9855198829134618,1650
54638,0.9534913353720693,1650
3750,0.9855198829134618,1650
62519,0.8908624432603118,1650
28936,0.9729318734793188,1650
56068,0.9855198829134618,1650
58852,0.9855198829134618,1650
50054,0.9729318734793188,1650
83436,0.9855198829134618,1650
23459,0.7601626016260162,1650
95270,0.9421383647798742,1650
60366,0.9294968363965049,1650
43461,0.8908624432603118,1650
35034,0.9855198829134618,1650
22561,0.9294968363965049,1650
33111,0.9855198829134618,1650
50605,0.9729318734793188,1650
92211,0.9855198829134618,1650
61360,0.9855198829134618,1650
1115,0.9605658709106984,1650
107463,0.8908624432603118,1650
56753,0.8908624432603118,1650
26866,0.9605658709106984,1650
50874,0.9855198829134618,1650
6505,0.9534913353720693,1650
26661,0.9855198829134618,1650
87384,0.9534913353720693,1650
40917,0.9855198829134618,1650
26610,0.8908624432603118,1650
2011,0.8403336748134055,1650
33254,0.9855198829134618,1650
69848,0.8403336748134055,1650
14405,0.8403336748134055,1650
106741,0.8403336748134055,1650
4296,0.9294968363965049,1650
113409,0.9534913353720693,1650
27719,0.9855198829134618,1650
53190,0.8908624432603118,1650
79477,0.9534913353720693,1650
24019,0.9855198829134618,1650
12263,0.6086956521739131,1650
57005,0.8607594936708861,1650
17908,0.9729318734793188,1650
1732,0.8908624432603118,1650
69684,0.9855198829134618,1650
16138,0.9328165374677002,1650
29169,0.9605658709106984,1650
2228,0.8908624432603118,1650
104442,0.9534913353720693,1650
89971,0.8403336748134055,1650
23777,0.9729318734793188,1650
102221,0.9855198829134618,1650
6201,0.9294968363965049,1650
49024,0.9534913353720693,1650
113389,0.9328165374677002,1650
105690,0.9855198829134618,1650
84528,0.9294968363965049,1650
110736,0.9855198829134618,1650
113942,0.9729318734793188,1650
41843,0.8403336748134055,1650
81969,0.9855198829134618,1650
60748,0.9855198829134618,1650
75661,0.9328165374677002,1650
44773,0.9855198829134618,1650
48145,0.8607594936708861,1650
71067,0.9855198829134618,1650
33702,0.9855198829134618,1650
98452,0.9328165374677002,1650
94856,0.9534913353720693,1650
53592,0.9855198829134618,1650
46361,0.9729318734793188,1650
75851,0.9855198829134618,1650
6708,0.9605658709106984,1650
71976,0.8908624432603118,1650
69955,0.9729318734793188,1650
99567,0.8908624432603118,1650
36711,0.9294968363965049,1650
110950,0.9729318734793188,1650
62589,0.9855198829134618,1650
101854,0.9855198829134618,1650
106197,0.9729318734793188,1650
10264,0.8403336748134055,1650
26853,0.9534913353720693,1650
60645,0.9605658709106984,1650
110484,0.9729318734793188,1650
92126,0.9534913353720693,1650
38923,0.9855198829134618,1650
8461,0.9729318734793188,1650
1257,0.9294968363965049,1650
6461,0.5986622073578596,1650
4322,0.9534913353720693,1650
65450,0.9855198829134618,1650
51842,0.9855198829134618,1650
28570,0.9534913353720693,1650
62002,0.9605658709106984,1650
77774,0.9855198829134618,1650
19594,0.9534913353720693,1650
22473,0.9729318734793188,1650
105841,0.9729318734793188,1650
19650,0.9534913353720693,1650
93819,0.9855198829134618,1650
65735,0.8403336748134055,1650
16166,0.9534913353720693,1650
25167,0.9534913353720693,1650
46694,0.9534913353720693,1650
19579,0.9855198829134618,1650
113137,0.9605658709106984,1650
93883,0.9855198829134618,1650
10450,0.9855198829134618,1650
70927,0.7140039447731755,1650
38229,0.878755364806867,1650
29911,0.8263772954924875,1650
48626,0.9605658709106984,1650
109527,0.6086956521739131,1650
99375,0.9855198829134618,1650
48748,0.9534913353720693,1650
60385,0.9855198829134618,1650
10628,0.9855198829134618,1650
80406,0.9605658709106984,1650
42763,0.9421383647798742,1650
100881,0.9605658709106984,1650
110578,0.9729318734793188,1650
35823,0.9534913353720693,1650
92250,0.9294968363965049,1650
57217,0.9855198829134618,1650
6818,0.9855198829134618,1650
2983,0.9855198829134618,1650
33522,0.9294968363965049,1650
33723,0.9605658709106984,1650
25041,0.9855198829134618,1650
100372,0.8403336748134055,1650
64699,0.9534913353720693,1650
65771,0.9855198829134618,1650
85814,0.8908624432603118,1650
6267,0.9855198829134618,1650
111610,0.9855198829134618,1650
82279,0.9855198829134618,1650
103551,0.9534913353720693,1650
21050,0.878755364806867,1650
100019,0.9855198829134618,1650
14746,0.9855198829134618,1650
99673,0.9605658709106984,1650
113164,0.9328165374677002,1650
59135,0.9605658709106984,1650
46835,0.9729318734793188,1650
3701,0.8908624432603118,1650
24559,0.9294968363965049,1650
36753,0.9855198829134618,1650
37629,0.9855198829134618,1650
5688,0.7601626016260162,1650
43804,0.8908624432603118,1650
113905,0.9855198829134618,1650
88151,0.8403336748134055,1650
5248,0.9855198829134618,1650
3492,0.9729318734793188,1650
71086,0.9294968363965049,1650
52480,0.9729318734793188,1650
77190,0.9328165374677002,1650
9810,0.9855198829134618,1650
80282,0.9855198829134618,1650
99894,0.7116402116402116,1650
110597,0.9855198829134618,1650
38217,0.9855198829134618,1650
45056,0.8403336748134055,1650
71418,0.9328165374677002,1650
3357,0.9855198829134618,1650
54260,0.9729318734793188,1650
104494,0.5373831775700935,1650
13078,0.9534913353720693,1650
28484,0.9729318734793188,1650
58219,0.9855198829134618,1650
44685,0.9855198829134618,1650
37126,0.9534913353720693,1650
40968,0.8908624432603118,1650
52733,0.9605658709106984,1650
32230,0.8908624432603118,1650
17680,0.8403336748134055,1650
107037,0.9729318734793188,1650
104049,0.3236994219653179,1650
73588,0.9855198829134618,1650
16919,0.8403336748134055,1650
77495,0.8403336748134055,1650
13668,0.9294968363965049,1650
26072,0.9855198829134618,1650
23641,0.9855198829134618,1650
53902,0.8908624432603118,1650
44737,0.9855198829134618,1650
73234,0.9855198829134618,1650
88620,0.9855198829134618,1650
26913,0.8403336748134055,1650
20926,0.9855198829134618,1650
18908,0.9605658709106984,1650
109334,0.9729318734793188,1650
87853,0.8403336748134055,1650
72305,0.8403336748134055,1650
112037,0.9855198829134618,1650
19968,0.9729318734793188,1650
44778,0.9729318734793188,1650
76618,0.9855198829134618,1650
48568,0.468,1650
67284,0.9855198829134618,1650
59417,0.8403336748134055,1650
49107,0.9855198829134618,1650
26613,0.9729318734793188,1650
43924,0.9294968363965049,1650
14271,0.9294968363965049,1650
110188,0.9855198829134618,1650
5681,0.9605658709106984,1650
63514,0.8403336748134055,1650
34122,0.9855198829134618,1650
70178,0.9729318734793188,1650
90782,0.9534913353720693,1650
110364,0.7140039447731755,1650
92675,0.9855198829134618,1650
53410,0.9294968363965049,1650
67702,0.9729318734793188,1650
52167,0.9855198829134618,1650
85227,0.9855198829134618,1650
93560,0.878755364806867,1650
106855,0.8403336748134055,1650
83079,0.8908624432603118,1650
12234,0.9729318734793188,1650
64047,0.9534913353720693,1650
72306,0.9855198829134618,1650
111428,0.9294968363965049,1650
89361,0.9729318734793188,1650
40089,0.9729318734793188,1650
74489,0.9534913353720693,1650
6876,0.9534913353720693,1650
28353,0.9855198829134618,1650
3836,0.6086956521739131,1650
113937,0.9729318734793188,1650
45353,0.9534913353720693,1650
107049,0.9855198829134618,1650
18510,0.9855198829134618,1650
35051,0.9534913353720693,1650
93147,0.7601626016260162,1650
40324,0.9855198829134618,1650
75354,0.9729318734793188,1650
93853,0.8403336748134055,1650
91922,0.8403336748134055,1650
97413,0.9855198829134618,1650
98907,0.9047619047619048,1650
48109,0.8908624432603118,1650
107342,0.9605658709106984,1650
91964,0.9855198829134618,1650
21223,0.9605658709106984,1650
22507,0.9328165374677002,1650
101400,0.9855198829134618,1650
42216,0.9328165374677002,1650
61746,0.9294968363965049,1650
53689,0.8263772954924875,1650
108258,0.9534913353720693,1650
17954,0.9294968363965049,1650
23377,0.9534913353720693,1650
64425,0.3236994219653179,1650
93082,0.9855198829134618,1650
113791,0.9855198829134618,1650
2812,0.8403336748134055,1650
24942,0.9855198829134618,1650
108722,0.9729318734793188,1650
43608,0.9855198829134618,1650
64624,0.9855198829134618,1650
31059,0.9729318734793188,1650
27295,0.9855198829134618,1650
51803,0.9855198829134618,1650
75481,0.9605658709106984,1650
44257,0.9855198829134618,1650
58377,0.9294968363965049,1650
11193,0.9855198829134618,1650
84835,0.8908624432603118,1650
11521,0.9534913353720693,1650
100497,0.8908624432603118,1650
30401,0.9855198829134618,1650
35447,0.9855198829134618,1650
40191,0.9534913353720693,1650
80245,0.9855198829134618,1650
95986,0.9729318734793188,1650
89668,0.9534913353720693,1650
113093,0.9729318734793188,1650
17195,0.9855198829134618,1650
43760,0.9729318734793188,1650
113393,0.9729318734793188,1650
29488,0.9855198829134618,1650
40335,0.9328165374677002,1650
53147,0.8607594936708861,1650
43033,0.9534913353720693,1650
10399,0.9534913353720693,1650
19158,0.9328165374677002,1650
75193,0.7116402116402116,1650
44774,0.9855198829134618,1650
65595,0.9534913353720693,1650
78181,0.8263772954924875,1650
50674,0.9729318734793188,1650
40959,0.9855198829134618,1650
8364,0.9729318734793188,1650
70280,0.6086956521739131,1650
31202,0.9294968363965049,1650
41427,0.9855198829134618,1650
91080,0.9294968363965049,1650
100961,0.8908624432603118,1650
59821,0.9605658709106984,1650
29304,0.6086956521739131,1650
58652,0.9855198829134618,1650
98681,0.8908624432603118,1650
33961,0.9855198829134618,1650
69100,0.9294968363965049,1650
40433,0.9729318734793188,1650
51027,0.9729318734793188,1650
95694,0.9294968363965049,1650
96714,0.9534913353720693,1650
70970,0.9855198829134618,1650
105606,0.8403336748134055,1650
19290,0.8403336748134055,1650
45559,0.9855198829134618,1650
66577,0.3236994219653179,1650
38492,0.9855198829134618,1650
80164,0.9534913353720693,1650
80706,0.9855198829134618,1650
75710,0.9729318734793188,1650
74189,0.9855198829134618,1650
67182,0.8403336748134055,1650
9132,0.9605658709106984,1650
48751,0.9855198829134618,1650
94987,0.9605658709106984,1650
49891,0.8263772954924875,1650
73063,0.9534913353720693,1650
90372,0.9605658709106984,1650
45383,0.8403336748134055,1650
97327,0.9855198829134618,1650
76021,0.9855198829134618,1650
43111,0.9729318734793188,1650
26226,0.9855198829134618,1650
70265,0.9855198829134618,1650
101527,0.9855198829134618,1650
44870,0.9729318734793188,1650
78175,0.9855198829134618,1650
112120,0.8908624432603118,1650
31135,0.9605658709106984,1650
92006,0.8403336748134055,1650
50721,0.9729318734793188,1650
50006,0.9855198829134618,1650
86444,0.9855198829134618,1650
24834,0.8263772954924875,1650
33982,0.9855198829134618,1650
44699,0.9855198829134618,1650
80434,0.9729318734793188,1650
19997,0.9729318734793188,1650
67649,0.9855198829134618,1650
54709,0.8908624432603118,1650
85036,0.9534913353720693,1650
32232,0.9855198829134618,1650
39833,0.9855198829134618,1650
30573,0.9855198829134618,1650
98488,0.9729318734793188,1650
21099,0.9855198829134618,1650
32306,0.9855198829134618,1650
27680,0.9294968363965049,1650
39012,0.9855198829134618,1650
37450,0.9328165374677002,1650
15299,0.8607594936708861,1650
65362,0.8403336748134055,1650
59463,0.8607594936708861,1650
5018,0.9534913353720693,1650
92896,0.8403336748134055,1650
77775,0.8403336748134055,1650
63843,0.9855198829134618,1650
45410,0.9328165374677002,1650
18441,0.9729318734793188,1650
33014,0.9534913353720693,1650
112155,0.9328165374677002,1650
7535,0.9729318734793188,1650
28114,0.6086956521739131,1650
70008,0.9855198829134618,1650
49049,0.9534913353720693,1650
92481,0.9534913353720693,1650
3902,0.9855198829134618,1650
36662,0.9855198829134618,1650
46830,0.8607594936708861,1650
1291,0.9729318734793188,1650
23407,0.9534913353720693,1650
82010,0.9328165374677002,1650
55634,0.9729318734793188,1650
36190,0.9855198829134618,1650
46169,0.8908624432603118,1650
14045,0.878755364806867,1650
91813,0.9855198829134618,1650
29215,0.9855198829134618,1650
39411,0.7601626016260162,1650
1996,0.9729318734793188,1650
13214,0.9855198829134618,1650
32756,0.8908624432603118,1650
23419,0.9855198829134618,1650
85795,0.9605658709106984,1650
53372,0.9855198829134618,1650
2903,0.7140039447731755,1650
27985,0.9855198829134618,1650
109076,0.9855198829134618,1650
87106,0.9729318734793188,1650
112547,0.9855198829134618,1650
6083,0.9855198829134618,1650
28786,0.9855198829134618,1650
32052,0.9855198829134618,1650
49502,0.9855198829134618,1650
58169,0.9729318734793188,1650
21980,0.9729318734793188,1650
15388,0.8263772954924875,1650
472,0.8908624432603118,1650
90891,0.8403336748134055,1650
41028,0.9855198829134618,1650
48993,0.9855198829134618,1650
106813,0.9855198829134618,1650
9648,0.8908624432603118,1650
44408,0.9294968363965049,1650
82554,0.9729318734793188,1650
96304,0.8403336748134055,1650
37751,0.9729318734793188,1650
33734,0.9855198829134618,1650
62165,0.8908624432603118,1650
229,0.8403336748134055,1650
78527,0.8607594936708861,1650
56411,0.9855198829134618,1650
52276,0.9729318734793188,1650
72341,0.9729318734793188,1650
30701,0.8403336748134055,1650
84539,0.9605658709106984,1650
104385,0.9605658709106984,1650
50354,0.8908624432603118,1650
104149,0.8403336748134055,1650
37665,0.9729318734793188,1650
90077,0.8403336748134055,1650
94645,0.9294968363965049,1650
32398,0.8403336748134055,1650
95661,0.9855198829134618,1650
50774,0.9855198829134618,1650
49947,0.9729318734793188,1650
48106,0.9729318734793188,1650
45589,0.9855198829134618,1650
37171,0.9855198829134618,1650
110953,0.9729318734793188,1650
35153,0.9534913353720693,1650
39950,0.9855198829134618,1650
112218,0.8403336748134055,1650
59266,0.9605658709106984,1650
98667,0.9855198829134618,1650
102702,0.9605658709106984,1650
647,0.9294968363965049,1650
53277,0.9534913353720693,1650
18378,0.8403336748134055,1650
16826,0.9855198829134618,1650
109652,0.9855198829134618,1650
53842,0.9855198829134618,1650
66491,0.8607594936708861,1650
111166,0.9855198829134618,1650
107331,0.9294968363965049,1650
89167,0.9328165374677002,1650
104837,0.8263772954924875,1650
52380,0.9855198829134618,1650
44277,0.8403336748134055,1650
1665,0.878755364806867,1650
13571,0.9855198829134618,1650
5195,0.9294968363965049,1650
27192,0.9855198829134618,1650
51404,0.9855198829134618,1650
11255,0.9855198829134618,1650
77412,0.8403336748134055,1650
6284,0.9421383647798742,1650
62773,0.9855198829134618,1650
5291,0.7601626016260162,1650
77723,0.9855198829134618,1650
74531,0.9328165374677002,1650
8943,0.9855198829134618,1650
5514,0.9855198829134618,1650
93164,0.9534913353720693,1650
100903,0.9855198829134618,1650
40881,0.9855198829134618,1650
59227,0.9855198829134618,1650
43901,0.9534913353720693,1650
108366,0.9855198829134618,1650
83878,0.9729318734793188,1650
3428,0.9855198829134618,1650
99681,0.9729318734793188,1650
82588,0.9855198829134618,1650
55843,0.8403336748134055,1650
68998,0.8403336748134055,1650
12239,0.9605658709106984,1650
111121,0.9605658709106984,1650
84256,0.8908624432603118,1650
86066,0.9855198829134618,1650
52078,0.9855198829134618,1650
22592,0.9729318734793188,1650
17176,0.9855198829134618,1650
1860,0.9855198829134618,1650
20987,0.9855198829134618,1650
98446,0.9729318734793188,1650
110926,0.8403336748134055,1650
87037,0.9855198829134618,1650
32640,0.9605658709106984,1650
83410,0.7116402116402116,1650
38542,0.9855198829134618,1650
21649,0.9534913353720693,1650
42501,0.9855198829134618,1650
109219,0.9534913353720693,1650
111866,0.9605658709106984,1650
42469,0.9855198829134618,1650
2194,0.9855198829134618,1650
71941,0.9855198829134618,1650
25786,0.9729318734793188,1650
109071,0.9855198829134618,1650
24872,0.9855198829134618,1650
105815,0.9855198829134618,1650
92707,0.9729318734793188,1650
68569,0.9855198829134618,1650
73458,0.7116402116402116,1650
45954,0.8403336748134055,1650
90310,0.9729318734793188,1650
30739,0.8403336748134055,1650
73639,0.9729318734793188,1650
106131,0.9855198829134618,1650
9503,0.8403336748134055,1650
710,0.9855198829134618,1650
102800,0.9855198829134618,1650
52282,0.8908624432603118,1650
97744,0.9855198829134618,1650
57888,0.9534913353720693,1650
21522,0.9328165374677002,1650
84442,0.9729318734793188,1650
57772,0.9294968363965049,1650
55369,0.9855198829134618,1650
22779,0.8908624432603118,1650
17346,0.9855198829134618,1650
72729,0.8908624432603118,1650
55586,0.9294968363965049,1650
81653,0.9729318734793188,1650
61504,0.9855198829134618,1650
40344,0.9855198829134618,1650
110507,0.9855198829134618,1650
41334,0.9855198829134618,1650
45151,0.9605658709106984,1650
90824,0.8403336748134055,1650
55854,0.9855198829134618,1650
98034,0.9855198829134618,1650
7550,0.9605658709106984,1650
73244,0.9294968363965049,1650
71878,0.9729318734793188,1650
52449,0.8908624432603118,1650
71522,0.9855198829134618,1650
33680,0.9729318734793188,1650
48375,0.9855198829134618,1650
55467,0.9729318734793188,1650
6655,0.9855198829134618,1650
25110,0.9729318734793188,1650
112345,0.9729318734793188,1650
79581,0.8403336748134055,1650
91833,0.9605658709106984,1650
47128,0.9855198829134618,1650
25692,0.9855198829134618,1650
39027,0.9729318734793188,1650
63049,0.9605658709106984,1650
64350,0.8403336748134055,1650
63530,0.9855198829134618,1650
16799,0.9855198829134618,1650
52544,0.9855198829134618,1650
95234,0.8263772954924875,1650
112611,0.8403336748134055,1650
111018,0.9605658709106984,1650
28065,0.9855198829134618,1650
74972,0.8403336748134055,1650
53499,0.9855198829134618,1650
86768,0.9855198829134618,1650
39365,0.9855198829134618,1650
54800,0.9605658709106984,1650
84960,0.9534913353720693,1650
82251,0.8403336748134055,1650
9614,0.9729318734793188,1650
5053,0.9534913353720693,1650
108558,0.9729318734793188,1650
101326,0.9855198829134618,1650
13162,0.9855198829134618,1650
29588,0.9729318734793188,1650
33189,0.9605658709106984,1650
36148,0.9534913353720693,1650
47201,0.8403336748134055,1650
27800,0.9534913353720693,1650
45233,0.9855198829134618,1650
20545,0.9729318734793188,1650
113462,0.9534913353720693,1650
264,0.8908624432603118,1650
50059,0.9729318734793188,1650
74031,0.9729318734793188,1650
18563,0.9729318734793188,1650
41905,0.9605658709106984,1650
43241,0.9534913353720693,1650
109228,0.9534913353720693,1650
80218,0.9855198829134618,1650
28132,0.9534913353720693,1650
57966,0.9855198829134618,1650
12,0.9605658709106984,1650
51920,0.9294968363965049,1650
45635,0.9729318734793188,1650
52775,0.9605658709106984,1650
52897,0.9855198829134618,1650
6509,0.9855198829134618,1650
10159,0.9729318734793188,1650
39270,0.9855198829134618,1650
55601,0.9855198829134618,1650
75973,0.9605658709106984,1650
42784,0.9605658709106984,1650
110823,0.9534913353720693,1650
57739,0.9855198829134618,1650
61977,0.9855198829134618,1650
21780,0.9855198829134618,1650
66053,0.9855198829134618,1650
20181,0.8403336748134055,1650
30663,0.9729318734793188,1650
106239,0.9855198829134618,1650
83884,0.9534913353720693,1650
7231,0.9855198829134618,1650
40401,0.9729318734793188,1650
40981,0.8403336748134055,1650
92693,0.9729318734793188,1650
59631,0.9855198829134618,1650
7083,0.9421383647798742,1650
52795,0.9855198829134618,1650
19102,0.9855198829134618,1650
111548,0.9855198829134618,1650
21491,0.9534913353720693,1650
33237,0.9855198829134618,1650
82562,0.8403336748134055,1650
29186,0.9729318734793188,1650
18978,0.9729318734793188,1650
11079,0.9534913353720693,1650
3354,0.9855198829134618,1650
63118,0.9855198829134618,1650
61627,0.9534913353720693,1650
56972,0.9328165374677002,1650
65764,0.9855198829134618,1650
112920,0.9534913353720693,1650
88392,0.9855198829134618,1650
31560,0.9855198829134618,1650
1936,0.8908624432603118,1650
73289,0.9534913353720693,1650
5596,0.9855198829134618,1650
25802,0.9605658709106984,1650
61164,0.8403336748134055,1650
18055,0.9855198829134618,1650
52839,0.9855198829134618,1650
32689,0.9855198829134618,1650
52565,0.9855198829134618,1650
70796,0.9328165374677002,1650
103591,0.9855198829134618,1650
3871,0.8263772954924875,1650
41076,0.9855198829134618,1650
86281,0.9534913353720693,1650
57618,0.9534913353720693,1650
75623,0.9855198829134618,1650
102194,0.9855198829134618,1650
109022,0.9534913353720693,1650
18365,0.9855198829134618,1650
14026,0.9855198829134618,1650
65745,0.9605658709106984,1650
824,0.9855198829134618,1650
4798,0.9534913353720693,1650
48639,0.9855198829134618,1650
44888,0.8908624432603118,1650
23566,0.9855198829134618,1650
1416,0.9855198829134618,1650
6067,0.9729318734793188,1650
33056,0.9855198829134618,1650
4469,0.9855198829134618,1650
693,0.8403336748134055,1650
52648,0.8908624432603118,1650
42090,0.9328165374677002,1650
50057,0.9294968363965049,1650
66184,0.9605658709106984,1650
101743,0.9855198829134618,1650
71047,0.8403336748134055,1650
53870,0.9855198829134618,1650
75136,0.9605658709106984,1650
107227,0.9534913353720693,1650
84927,0.9855198829134618,1650
28143,0.9855198829134618,1650
72934,0.9729318734793188,1650
15170,0.9605658709106984,1650
35527,0.8908624432603118,1650
39429,0.9855198829134618,1650
88265,0.9855198829134618,1650
113464,0.9855198829134618,1650
50164,0.9855198829134618,1650
47635,0.8403336748134055,1650
47803,0.9328165374677002,1650
111887,0.9534913353720693,1650
54804,0.9534913353720693,1650
110872,0.9855198829134618,1650
84208,0.9855198829134618,1650
69070,0.9605658709106984,1650
86915,0.9729318734793188,1650
53964,0.9855198829134618,1650
105423,0.9294968363965049,1650
39565,0.9855198829134618,1650
94356,0.9855198829134618,1650
105561,0.9729318734793188,1650
16454,0.9855198829134618,1650
78406,0.9855198829134618,1650
100026,0.9729318734793188,1650
38082,0.9605658709106984,1650
71160,0.9855198829134618,1650
46280,0.9294968363965049,1650
108295,0.9729318734793188,1650
32414,0.9855198829134618,1650
35953,0.9855198829134618,1650
99608,0.9729318734793188,1650
39228,0.5784313725490197,1650
35706,0.9605658709106984,1650
5309,0.9855198829134618,1650
73531,0.8263772954924875,1650
88330,0.9855198829134618,1650
24954,0.9855198829134618,1650
62783,0.9729318734793188,1650
38323,0.9855198829134618,1650
29535,0.9855198829134618,1650
71746,0.9294968363965049,1650
26369,0.9328165374677002,1650
3622,0.9855198829134618,1650
45452,0.9855198829134618,1650
15120,0.9294968363965049,1650
7445,0.9729318734793188,1650
47965,0.9855198829134618,1650
74822,0.8403336748134055,1650
101331,0.9855198829134618,1650
39007,0.9729318734793188,1650
87116,0.9855198829134618,1650
59325,0.9855198829134618,1650
46579,0.9328165374677002,1650
83556,0.9729318734793188,1650
79187,0.9855198829134618,1650
90045,0.8403336748134055,1650
94492,0.9855198829134618,1650
8608,0.9534913353720693,1650
81309,0.9855198829134618,1650
48696,0.878755364806867,1650
14242,0.9605658709106984,1650
95099,0.9855198829134618,1650
46038,0.9605658709106984,1650
35271,0.9855198829134618,1650
12806,0.8908624432603118,1650
93407,0.9855198829134618,1650
33300,0.9855198829134618,1650
101137,0.9605658709106984,1650
34631,0.9855198829134618,1650
4105,0.9855198829134618,1650
19451,0.9855198829134618,1650
79351,0.7601626016260162,1650
82751,0.9855198829134618,1650
399,0.9729318734793188,1650
74876,0.9855198829134618,1650
70330,0.9855198829134618,1650
89935,0.9328165374677002,1650
67292,0.8403336748134055,1650
90592,0.8403336748134055,1650
105636,0.9605658709106984,1650
107799,0.9534913353720693,1650
5512,0.9534913353720693,1650
69760,0.9855198829134618,1650
58020,0.9855198829134618,1650
19427,0.7140039447731755,1650
24583,0.9855198829134618,1650
28254,0.9729318734793188,1650
17708,0.7140039447731755,1650
2035,0.9605658709106984,1650
110749,0.7140039447731755,1650
19636,0.9855198829134618,1650
102604,0.8403336748134055,1650
61721,0.9855198829134618,1650
79338,0.878755364806867,1650
35708,0.9421383647798742,1650
113867,0.9328165374677002,1650
51928,0.9729318734793188,1650
58976,0.9294968363965049,1650
75709,0.9421383647798742,1650
75646,0.9855198829134618,1650
49536,0.9534913353720693,1650
7797,0.9534913353720693,1650
108751,0.8403336748134055,1650
52725,0.9855198829134618,1650
72620,0.9855198829134618,1650
62356,0.9855198829134618,1650
93525,0.9855198829134618,1650
103869,0.9855198829134618,1650
95679,0.9729318734793188,1650
82638,0.8403336748134055,1650
10827,0.8403336748134055,1650
108359,0.9328165374677002,1650
59184,0.9729318734793188,1650
77527,0.9605658709106984,1650
58527,0.8403336748134055,1650
9665,0.9294968363965049,1650
12675,0.9855198829134618,1650
91480,0.9855198829134618,1650
37998,0.9855198829134618,1650
43816,0.9729318734793188,1650
33576,0.9855198829134618,1650
73528,0.9855198829134618,1650
51816,0.9729318734793188,1650
36696,0.8908624432603118,1650
68158,0.9855198829134618,1650
65805,0.9855198829134618,1650
68858,0.9534913353720693,1650
87424,0.8908624432603118,1650
12131,0.9605658709106984,1650
31641,0.8908624432603118,1650
77130,0.9294968363965049,1650
14150,0.9855198829134618,1650
50938,0.9855198829134618,1650
24411,0.9855198829134618,1650
91474,0.9328165374677002,1650
72186,0.8908624432603118,1650
21253,0.9729318734793188,1650
13744,0.8908624432603118,1650
94755,0.8403336748134055,1650
107818,0.9729318734793188,1650
32562,0.9855198829134618,1650
14710,0.8403336748134055,1650
8585,0.9729318734793188,1650
98697,0.9729318734793188,1650
28356,0.9534913353720693,1650
76428,0.9729318734793188,1650
29686,0.9294968363965049,1650
98314,0.9855198829134618,1650
23563,0.9855198829134618,1650
20458,0.9855198829134618,1650
41569,0.7116402116402116,1650
64352,0.8908624432603118,1650
110874,0.9855198829134618,1650
68494,0.9855198829134618,1650
54765,0.5373831775700935,1650
21008,0.8908624432603118,1650
50382,0.9534913353720693,1650
59155,0.8403336748134055,1650
86924,0.9534913353720693,1650
74126,0.9534913353720693,1650
58374,0.9729318734793188,1650
6587,0.8403336748134055,1650
53591,0.9605658709106984,1650
64370,0.7601626016260162,1650
87050,0.9729318734793188,1650
92277,0.9855198829134618,1650
85360,0.9855198829134618,1650
106064,0.9855198829134618,1650
92209,0.8908624432603118,1650
33594,0.9605658709106984,1650
87026,0.8908624432603118,1650
35002,0.9855198829134618,1650
10121,0.8908624432603118,1650
112480,0.5373831775700935,1650
18804,0.9855198829134618,1650
62214,0.8607594936708861,1650
56757,0.9328165374677002,1650
1395,0.9729318734793188,1650
41795,0.8908624432603118,1650
88882,0.8908624432603118,1650
58528,0.9855198829134618,1650
19434,0.9328165374677002,1650
33893,0.9855198829134618,1650
107658,0.9729318734793188,1650
112763,0.9855198829134618,1650
105795,0.9534913353720693,1650
58825,0.8403336748134055,1650
18841,0.9729318734793188,1650
88415,0.9855198829134618,1650
83141,0.9729318734793188,1650
14364,0.9855198829134618,1650
56727,0.9855198829134618,1650
35025,0.9729318734793188,1650
69788,0.9729318734793188,1650
58914,0.9855198829134618,1650
53918,0.9294968363965049,1650
98751,0.9328165374677002,1650
47387,0.9855198829134618,1650
67823,0.8908624432603118,1650
21316,0.8263772954924875,1650
77027,0.8607594936708861,1650
113521,0.9729318734793188,1650
46664,0.9855198829134618,1650
9601,0.9855198829134618,1650
51763,0.9729318734793188,1650
98066,0.9729318734793188,1650
54432,0.9729318734793188,1650
71318,0.8908624432603118,1650
101799,0.9855198829134618,1650
113338,0.8403336748134055,1650
23269,0.9729318734793188,1650
2491,0.9729318734793188,1650
24207,0.9855198829134618,1650
109505,0.8908624432603118,1650
58628,0.9855198829134618,1650
8302,0.3236994219653179,1650
75634,0.8908624432603118,1650
89280,0.8607594936708861,1650
62709,0.9729318734793188,1650
23976,0.9855198829134618,1650
21182,0.7601626016260162,1650
86980,0.8403336748134055,1650
104448,0.8908624432603118,1650
41289,0.9855198829134618,1650
62763,0.9605658709106984,1650
20503,0.9855198829134618,1650
81544,0.9855198829134618,1650
89088,0.9855198829134618,1650
46184,0.9855198829134618,1650
113924,0.9328165374677002,1650
70123,0.9729318734793188,1650
82648,0.9855198829134618,1650
39019,0.9729318734793188,1650
31132,0.9729318734793188,1650
32553,0.9328165374677002,1650
2193,0.9294968363965049,1650
52731,0.9534913353720693,1650
112129,0.9855198829134618,1650
33419,0.9328165374677002,1650
101371,0.9855198829134618,1650
17642,0.9855198829134618,1650
28342,0.9855198829134618,1650
90474,0.9855198829134618,1650
56922,0.9534913353720693,1650
95692,0.9328165374677002,1650
32536,0.8908624432603118,1650
52541,0.8461538461538461,1650
24310,0.9729318734793188,1650
33103,0.9855198829134618,1650
70832,0.8403336748134055,1650
67405,0.8908624432603118,1650
58752,0.9855198829134618,1650
20378,0.9855198829134618,1650
3529,0.9855198829134618,1650
99620,0.9855198829134618,1650
78890,0.5986622073578596,1650
103943,0.9605658709106984,1650
48789,0.9729318734793188,1650
7406,0.8908624432603118,1650
109145,0.9855198829134618,1650
90463,0.9729318734793188,1650
45558,0.9729318734793188,1650
63654,0.9855198829134618,1650
5000,0.9855198829134618,1650
29045,0.9534913353720693,1650
105147,0.9855198829134618,1650
51209,0.9855198829134618,1650
22804,0.8263772954924875,1650
60532,0.9855198829134618,1650
97883,0.8908624432603118,1650
100056,0.9605658709106984,1650
73524,0.8403336748134055,1650
40732,0.9855198829134618,1650
111533,0.9855198829134618,1650
72243,0.9729318734793188,1650
44038,0.9328165374677002,1650
38477,0.9855198829134618,1650
13678,0.878755364806867,1650
46087,0.9534913353720693,1650
11115,0.9855198829134618,1650
29071,0.9534913353720693,1650
10133,0.878755364806867,1650
12294,0.9855198829134618,1650
105365,0.9855198829134618,1650
11434,0.8908624432603118,1650
92052,0.9605658709106984,1650
29114,0.8908624432603118,1650
67514,0.8908624432603118,1650
69901,0.9855198829134618,1650
85591,0.9855198829134618,1650
15970,0.9534913353720693,1650
1477,0.8403336748134055,1650
30299,0.8908624432603118,1650
90307,0.9294968363965049,1650
2041,0.9729318734793188,1650
72740,0.8908624432603118,1650
113705,0.9855198829134618,1650
80891,0.9729318734793188,1650
61269,0.9605658709106984,1650
30009,0.9855198829134618,1650
33756,0.9855198829134618,1650
42355,0.9855198829134618,1650
14525,0.9855198829134618,1650
32523,0.9855198829134618,1650
43991,0.8263772954924875,1650
20143,0.9855198829134618,1650
62473,0.6086956521739131,1650
48190,0.8403336748134055,1650
51218,0.9855198829134618,1650
80774,0.9729318734793188,1650
31980,0.8403336748134055,1650
66550,0.9729318734793188,1650
43449,0.9605658709106984,1650
6999,0.8403336748134055,1650
15044,0.8263772954924875,1650
74107,0.9729318734793188,1650
68520,0.9328165374677002,1650
1558,0.9855198829134618,1650
106630,0.7601626016260162,1650
73168,0.9605658709106984,1650
46655,0.9328165374677002,1650
32867,0.8908624432603118,1650
76873,0.9855198829134618,1650
111198,0.9294968363965049,1650
34221,0.9534913353720693,1650
85873,0.9855198829134618,1650
10469,0.8403336748134055,1650
29770,0.9855198829134618,1650
76326,0.8908624432603118,1650
102669,0.9855198829134618,1650
22672,0.9421383647798742,1650
29892,0.9729318734793188,1650
80625,0.9729318734793188,1650
112309,0.9855198829134618,1650
75721,0.9729318734793188,1650
89862,0.8607594936708861,1650
66497,0.9855198829134618,1650
84770,0.9729318734793188,1650
14815,0.9534913353720693,1650
4889,0.9294968363965049,1650
93893,0.9855198829134618,1650
16142,0.9855198829134618,1650
101499,0.8403336748134055,1650
95514,0.9855198829134618,1650
39583,0.5986622073578596,1650
95457,0.9605658709106984,1650
14141,0.9294968363965049,1650
38987,0.8403336748134055,1650
53219,0.9855198829134618,1650
98422,0.8908624432603118,1650
22122,0.9729318734793188,1650
53130,0.9855198829134618,1650
6372,0.8908624432603118,1650
26550,0.9855198829134618,1650
60772,0.9855198829134618,1650
57653,0.9855198829134618,1650
43271,0.9855198829134618,1650
36626,0.9729318734793188,1650
932,0.9855198829134618,1650
77167,0.9605658709106984,1650
22840,0.9534913353720693,1650
49792,0.9855198829134618,1650
25416,0.9855198829134618,1650
24284,0.9855198829134618,1650
27958,0.9534913353720693,1650
49631,0.9855198829134618,1650
93433,0.9855198829134618,1650
75064,0.9855198829134618,1650
72914,0.9534913353720693,1650
61159,0.9855198829134618,1650
103594,0.9855198829134618,1650
31510,0.9294968363965049,1650
95143,0.8263772954924875,1650
88383,0.9855198829134618,1650
33505,0.9328165374677002,1650
92796,0.9855198829134618,1650
12775,0.8908624432603118,1650
36553,0.9047619047619048,1650
76522,0.9294968363965049,1650
22530,0.9534913353720693,1650
45159,0.9855198829134618,1650
34818,0.8908624432603118,1650
7812,0.8263772954924875,1650
79467,0.8403336748134055,1650
77543,0.9294968363965049,1650
106410,0.878755364806867,1650
90882,0.8908624432603118,1650
49119,0.878755364806867,1650
37163,0.9855198829134618,1650
32740,0.9855198829134618,1650
4255,0.8403336748134055,1650
49216,0.9855198829134618,1650
50058,0.9855198829134618,1650
22549,0.9855198829134618,1650
62935,0.9605658709106984,1650
77304,0.8403336748134055,1650
80138,0.9729318734793188,1650
112504,0.8607594936708861,1650
10444,0.9294968363965049,1650
35704,0.9729318734793188,1650
34084,0.9855198829134618,1650
9783,0.9855198829134618,1650
21380,0.8607594936708861,1650
51333,0.9855198829134618,1650
61014,0.9855198829134618,1650
105934,0.9855198829134618,1650
108556,0.9294968363965049,1650
9389,0.9534913353720693,1650
67933,0.8403336748134055,1650
88148,0.8908624432603118,1650
8766,0.8403336748134055,1650
36275,0.9328165374677002,1650
87054,0.9855198829134618,1650
72857,0.9855198829134618,1650
90118,0.8403336748134055,1650
27310,0.9729318734793188,1650
42075,0.9729318734793188,1650
13972,0.8403336748134055,1650
83139,0.9729318734793188,1650
43001,0.9855198829134618,1650
81555,0.9855198829134618,1650
39943,0.9855198829134618,1650
12431,0.878755364806867,1650
19306,0.9855198829134618,1650
48816,0.9855198829134618,1650
41425,0.8263772954924875,1650
59875,0.9294968363965049,1650
8652,0.9534913353720693,1650
102443,0.8263772954924875,1650
15088,0.9605658709106984,1650
92573,0.9294968363965049,1650
70392,0.9729318734793188,1650
31475,0.9855198829134618,1650
40728,0.8908624432603118,1650
105313,0.9855198829134618,1650
11875,0.9729318734793188,1650
84552,0.9855198829134618,1650
30986,0.9328165374677002,1650
37343,0.9855198829134618,1650
47068,0.9421383647798742,1650
43458,0.9855198829134618,1650
82274,0.8263772954924875,1650
56912,0.9855198829134618,1650
4288,0.8908624432603118,1650
63614,0.878755364806867,1650
93534,0.9729318734793188,1650
62955,0.9855198829134618,1650
31293,0.9534913353720693,1650
54003,0.9534913353720693,1650
96295,0.9534913353720693,1650
110088,0.9855198829134618,1650
73241,0.9855198829134618,1650
52928,0.9729318734793188,1650
91575,0.9534913353720693,1650
90460,0.9328165374677002,1650
55587,0.9855198829134618,1650
24031,0.8263772954924875,1650
993,0.8908624432603118,1650
59144,0.8403336748134055,1650
65723,0.9855198829134618,1650
44501,0.8403336748134055,1650
25316,0.8403336748134055,1650
67589,0.8908624432603118,1650
35876,0.9729318734793188,1650
35875,0.9855198829134618,1650
32711,0.9855198829134618,1650
42052,0.9534913353720693,1650
40387,0.8403336748134055,1650
57758,0.9534913353720693,1650
79185,0.9855198829134618,1650
100030,0.9534913353720693,1650
12454,0.9855198829134618,1650
15145,0.9729318734793188,1650
40972,0.878755364806867,1650
67132,0.8908624432603118,1650
47964,0.9534913353720693,1650
54073,0.9855198829134618,1650
106513,0.8908624432603118,1650
20055,0.9729318734793188,1650
15024,0.878755364806867,1650
28443,0.8403336748134055,1650
1564,0.8263772954924875,1650
15408,0.9534913353720693,1650
3761,0.9729318734793188,1650
61337,0.9855198829134618,1650
63802,0.9855198829134618,1650
110402,0.9421383647798742,1650
108874,0.8908624432603118,1650
16632,0.9605658709106984,1650
34420,0.9729318734793188,1650
92401,0.9855198829134618,1650
25143,0.9294968363965049,1650
102125,0.9855198829134618,1650
99509,0.9855198829134618,1650
32715,0.9729318734793188,1650
76321,0.9855198829134618,1650
74455,0.9855198829134618,1650
873,0.9855198829134618,1650
25030,0.9855198829134618,1650
1825,0.9294968363965049,1650
49864,0.468,1650
23903,0.9855198829134618,1650
45264,0.9534913353720693,1650
105957,0.8607594936708861,1650
64726,0.9534913353720693,1650
106842,0.9855198829134618,1650
780,0.9855198829134618,1650
15162,0.9294968363965049,1650
25660,0.9605658709106984,1650
45276,0.9328165374677002,1650
40745,0.8908624432603118,1650
104412,0.9729318734793188,1650
111381,0.8263772954924875,1650
38157,0.9855198829134618,1650
37184,0.9855198829134618,1650
92795,0.9729318734793188,1650
107581,0.9855198829134618,1650
21969,0.9855198829134618,1650
83993,0.9729318734793188,1650
34373,0.9605658709106984,1650
23228,0.9855198829134618,1650
112183,0.9855198829134618,1650
52039,0.9534913353720693,1650
18813,0.9855198829134618,1650
31863,0.7140039447731755,1650
62237,0.9294968363965049,1650
14938,0.9729318734793188,1650
92161,0.9855198829134618,1650
32506,0.9729318734793188,1650
21214,0.9729318734793188,1650
100370,0.9855198829134618,1650
36063,0.9328165374677002,1650
769,0.9605658709106984,1650
49774,0.9855198829134618,1650
105908,0.6086956521739131,1650
37308,0.9855198829134618,1650
75777,0.9855198829134618,1650
8821,0.9855198829134618,1650
102479,0.9855198829134618,1650
11617,0.9855198829134618,1650
19045,0.8263772954924875,1650
40337,0.9294968363965049,1650
63156,0.8403336748134055,1650
11983,0.9855198829134618,1650
82043,0.8403336748134055,1650
23367,0.9855198829134618,1650
80624,0.9855198829134618,1650
21748,0.9855198829134618,1650
100933,0.9855198829134618,1650
37550,0.9729318734793188,1650
20743,0.9328165374677002,1650
64614,0.9328165374677002,1650
73154,0.9855198829134618,1650
43735,0.8263772954924875,1650
66859,0.8403336748134055,1650
30664,0.9534913353720693,1650
101130,0.9534913353720693,1650
102790,0.9855198829134618,1650
17203,0.9421383647798742,1650
62303,0.8403336748134055,1650
20099,0.9855198829134618,1650
35361,0.8403336748134055,1650
70771,0.8403336748134055,1650
71398,0.9855198829134618,1650
28472,0.9605658709106984,1650
74178,0.9729318734793188,1650
103042,0.9605658709106984,1650
68612,0.8403336748134055,1650
34870,0.9421383647798742,1650
70044,0.8403336748134055,1650
83661,0.9855198829134618,1650
7463,0.9855198829134618,1650
108158,0.9855198829134618,1650
76678,0.8263772954924875,1650
34335,0.9534913353720693,1650
97772,0.9294968363965049,1650
63653,0.878755364806867,1650
61358,0.5784313725490197,1650
56769,0.9855198829134618,1650
79266,0.8908624432603118,1650
99450,0.9855198829134618,1650
90153,0.8403336748134055,1650
12213,0.8908624432603118,1650
83168,0.9534913353720693,1650
99771,0.6086956521739131,1650
49394,0.8607594936708861,1650
22874,0.8403336748134055,1650
38014,0.9328165374677002,1650
12013,0.9855198829134618,1650
5290,0.9855198829134618,1650
110539,0.8403336748134055,1650
69249,0.9855198829134618,1650
61863,0.9534913353720693,1650
3646,0.9855198829134618,1650
15565,0.9729318734793188,1650
88362,0.9294968363965049,1650
81049,0.9855198829134618,1650
79159,0.8403336748134055,1650
112083,0.9729318734793188,1650
95997,0.9855198829134618,1650
110241,0.8908624432603118,1650
86736,0.9855198829134618,1650
83068,0.9534913353720693,1650
78429,0.8403336748134055,1650
12221,0.9729318734793188,1650
15863,0.5986622073578596,1650
79377,0.9294968363965049,1650
47232,0.8263772954924875,1650
108135,0.9729318734793188,1650
44864,0.9421383647798742,1650
101166,0.9855198829134618,1650
44610,0.9855198829134618,1650
69565,0.9729318734793188,1650
97686,0.9328165374677002,1650
70502,0.9294968363965049,1650
110762,0.9534913353720693,1650
72676,0.9328165374677002,1650
78549,0.9534913353720693,1650
35695,0.468,1650
91444,0.9534913353720693,1650
59970,0.9729318734793188,1650
91008,0.9855198829134618,1650
99736,0.8403336748134055,1650
33427,0.9328165374677002,1650
77105,0.8403336748134055,1650
99095,0.9855198829134618,1650
109999,0.9855198829134618,1650
41711,0.9729318734793188,1650
89639,0.9294968363965049,1650
80152,0.8908624432603118,1650
56597,0.9855198829134618,1650
100882,0.9855198829134618,1650
57780,0.8263772954924875,1650
105038,0.9855198829134618,1650
30840,0.9047619047619048,1650
6921,0.9534913353720693,1650
19112,0.9534913353720693,1650
66296,0.9605658709106984,1650
88033,0.9855198829134618,1650
91305,0.9855198829134618,1650
86370,0.9855198829134618,1650
79856,0.9855198829134618,1650
111915,0.9328165374677002,1650
73829,0.8908624432603118,1650
67755,0.9729318734793188,1650
24833,0.9729318734793188,1650
101085,0.9534913353720693,1650
31408,0.9328165374677002,1650
101956,0.9605658709106984,1650
90491,0.9855198829134618,1650
105538,0.9855198829134618,1650
48686,0.3236994219653179,1650
32615,0.9421383647798742,1650
100648,0.9855198829134618,1650
105144,0.9729318734793188,1650
102648,0.9294968363965049,1650
21930,0.9855198829134618,1650
15551,0.9855198829134618,1650
105954,0.9855198829134618,1650
70782,0.9328165374677002,1650
64887,0.9855198829134618,1650
34256,0.8263772954924875,1650
112099,0.9729318734793188,1650
86320,0.9729318734793188,1650
73385,0.8908624432603118,1650
3000,0.9294968363965049,1650
46302,0.9729318734793188,1650
61279,0.9729318734793188,1650
33388,0.9855198829134618,1650
85894,0.9855198829134618,1650
48920,0.9855198829134618,1650
99355,0.9855198829134618,1650
24727,0.9855198829134618,1650
6443,0.9855198829134618,1650
79950,0.9729318734793188,1650
30272,0.9855198829134618,1650
85914,0.9855198829134618,1650
10922,0.9855198829134618,1650
93046,0.9855198829134618,1650
52826,0.8908624432603118,1650
35994,0.9855198829134618,1650
1512,0.9855198829134618,1650
52077,0.9605658709106984,1650
95749,0.9855198829134618,1650
49946,0.9855198829134618,1650
66811,0.9855198829134618,1650
53438,0.9855198829134618,1650
24435,0.9855198829134618,1650
17848,0.9534913353720693,1650
53626,0.9855198829134618,1650
87268,0.9855198829134618,1650
58450,0.9729318734793188,1650
48188,0.9729318734793188,1650
44239,0.9534913353720693,1650
24582,0.8908624432603118,1650
79939,0.9421383647798742,1650
63759,0.9729318734793188,1650
63725,0.6086956521739131,1650
37116,0.9294968363965049,1650
81988,0.9605658709106984,1650
30326,0.9729318734793188,1650
65749,0.9534913353720693,1650
65686,0.6086956521739131,1650
93826,0.9605658709106984,1650
